I
850 Generated by WorldEditor

1    609 1 0 LEBZ Talavera_La_Real_AB
100   60 1 0 0.25 0 2 1 13  38.89875900 -006.83462500    0  300 2 1 0 1 31  38.88379500 -006.80790500    0  300 2 1 0 1
102 H1  38.88478200 -006.81932200 276.55   30   30 1 0 0 0.25 1
102 H2  38.88512800 -006.81927100 276.50   30   30 1 0 0 0.25 1
102 H3  38.88506100 -006.81853100  96.50   30   30 1 0 0 0.25 1
102 H4  38.88470800 -006.81858100  96.50   30   30 1 0 0 0.25 1
110 1 0.25 125.6900 Taxiway
111  38.88260600 -006.82072700
111  38.88256300 -006.82074400 53
111  38.88249300 -006.82045300
113  38.88253600 -006.82043600 53
110 1 0.25 125.6900 Taxiway
112  38.88193600 -006.80966300  38.88204300 -006.80956400 59
111  38.88305600 -006.80863500 53 102
111  38.88327500 -006.80843500 53 102
112  38.88343500 -006.80828900  38.88354100 -006.80819100 53 102
112  38.88327900 -006.80757900  38.88306900 -006.80720400
111  38.88327900 -006.80757900
111  38.88409100 -006.80784200
111  38.88402500 -006.80891100
112  38.88402500 -006.80891100  38.88381500 -006.80853600 53 102
112  38.88355000 -006.80849500  38.88344300 -006.80859300 53 102
111  38.88338900 -006.80864100 53 102
111  38.88317000 -006.80884100 53 102
112  38.88221200 -006.80972100  38.88210500 -006.80982000 53 102
112  38.88210500 -006.80996700  38.88214100 -006.81003200 53 102
111  38.88216000 -006.81006500 53 102
112  38.88432700 -006.81392700  38.88440400 -006.81406400 53 102
112  38.88460500 -006.81398700  38.88471300 -006.81389000 53 102
111  38.88541900 -006.81325200 53 102
111  38.88577600 -006.81292900 53 102
112  38.88594600 -006.81277700  38.88605400 -006.81268000 53 102
112  38.88579300 -006.81206800  38.88558300 -006.81169300
111  38.88579300 -006.81206800
111  38.88660600 -006.81233300
111  38.88653800 -006.81340000
112  38.88653800 -006.81340000  38.88632800 -006.81302500 53 102
112  38.88606100 -006.81298300  38.88595300 -006.81308000 53 102
111  38.88589000 -006.81313700 53 102
111  38.88553300 -006.81346000 53 102
112  38.88472100 -006.81419300  38.88461300 -006.81429000 53 102
112  38.88467400 -006.81454500  38.88475100 -006.81468200 53 102
112  38.88670700 -006.81818500  38.88678400 -006.81832200 53 102
112  38.88690000 -006.81815800  38.88695200 -006.81800300 53 102
111  38.88755100 -006.81621600 53 102
112  38.88768500 -006.81581800  38.88773700 -006.81566300 53 102
112  38.88744800 -006.81502200  38.88723800 -006.81464700
111  38.88744800 -006.81502200
111  38.88817400 -006.81513200
111  38.88821300 -006.81638800
112  38.88821300 -006.81638800  38.88800300 -006.81601300 53 102
112  38.88782000 -006.81605800  38.88776800 -006.81621300 53 102
111  38.88773300 -006.81631600 53 102
112  38.88703500 -006.81839800  38.88698300 -006.81855300 53 102
112  38.88707200 -006.81883800  38.88714900 -006.81897600 53 102
112  38.88786400 -006.82025600  38.88794100 -006.82039400 53 102
112  38.88811200 -006.82005900  38.88820100 -006.81979000 53 102
111  38.88868500 -006.81831500 53 102
112  38.88879800 -006.81797500  38.88887300 -006.81774800 53 102
112  38.88859600 -006.81707200  38.88838600 -006.81669700
111  38.88859600 -006.81707200
111  38.88937100 -006.81726900
111  38.88946000 -006.81861300
112  38.88946000 -006.81861300  38.88925000 -006.81823800 53 102
112  38.88907200 -006.81826900  38.88902300 -006.81841500 53 102
111  38.88899900 -006.81848700 53 102
112  38.88834600 -006.82047600  38.88825700 -006.82074500 53 102
112  38.88832800 -006.82108600  38.88840500 -006.82122300 53 102
112  38.88998600 -006.82404600  38.89006300 -006.82418300 53 102
112  38.89026300 -006.82410600  38.89037100 -006.82400900 53 102
111  38.89144200 -006.82304800 53 102
112  38.89161600 -006.82289300  38.89172400 -006.82279600 53 102
112  38.89146300 -006.82218500  38.89125300 -006.82181000
111  38.89146300 -006.82218500
111  38.89190500 -006.82178800
112  38.89190500 -006.82178800  38.89211600 -006.82216300 53 102
112  38.89238200 -006.82220500  38.89248900 -006.82210800 53 102
111  38.89254300 -006.82205900 53 102
111  38.89360500 -006.82110200
111  38.89371900 -006.82131000 53 102
111  38.89265700 -006.82226700 53 102
112  38.89249700 -006.82241200  38.89239000 -006.82250900 53 102
112  38.89265200 -006.82312000  38.89286200 -006.82349500
111  38.89265200 -006.82312000
111  38.89220900 -006.82351700
112  38.89220900 -006.82351700  38.89199900 -006.82314200 53 102
112  38.89173200 -006.82309900  38.89162400 -006.82319600 53 102
111  38.89155600 -006.82325600 53 102
112  38.89037900 -006.82431200  38.89027100 -006.82440900 53 102
112  38.89033200 -006.82466400  38.89040900 -006.82480100 53 102
112  38.89252500 -006.82858600  38.89260200 -006.82872300 53 102
112  38.89280400 -006.82865000  38.89291300 -006.82855500 53 102
111  38.89399600 -006.82761300 53 102
112  38.89417100 -006.82746100  38.89428000 -006.82736600 53 102
112  38.89402000 -006.82675600  38.89381000 -006.82638100
111  38.89402000 -006.82675600
111  38.89483600 -006.82702700
111  38.89476600 -006.82808900
112  38.89476600 -006.82808900  38.89455600 -006.82771400 53 102
112  38.89428700 -006.82766700  38.89417800 -006.82776100 53 102
111  38.89410600 -006.82782300 53 102
112  38.89292000 -006.82885500  38.89281100 -006.82895000 53 102
112  38.89287100 -006.82920400  38.89294800 -006.82934100 53 102
112  38.89505500 -006.83310900  38.89513200 -006.83324600 53 102
112  38.89533200 -006.83317000  38.89544000 -006.83307300 53 102
111  38.89637700 -006.83223700 53 102
111  38.89651300 -006.83211300 53 102
112  38.89668900 -006.83195700  38.89679800 -006.83186100 53 102
112  38.89653700 -006.83125000  38.89632700 -006.83087500
111  38.89653700 -006.83125000
111  38.89735100 -006.83151700
111  38.89728200 -006.83258200
112  38.89728200 -006.83258200  38.89707200 -006.83220700 53 102
112  38.89680400 -006.83216300  38.89669500 -006.83225900 53 102
111  38.89662700 -006.83232100 53 102
111  38.89649100 -006.83244500 59
112  38.89544700 -006.83337600  38.89533900 -006.83347300 59
112  38.89540100 -006.83372700  38.89547800 -006.83386400 59
111  38.89564700 -006.83416500 59
111  38.89571600 -006.83428800 53 102
112  38.89643700 -006.83557600  38.89651400 -006.83571300 53 102
112  38.89664400 -006.83584900  38.89670500 -006.83589400 53 102
112  38.89684800 -006.83589100  38.89692300 -006.83587500 53 102
112  38.89712100 -006.83571800  38.89722800 -006.83561900 53 102
111  38.89805000 -006.83486100 53 102
112  38.89822500 -006.83470100  38.89833200 -006.83460300 53 102
112  38.89807100 -006.83399100  38.89786100 -006.83361600
111  38.89807100 -006.83399100
111  38.89888300 -006.83425400
111  38.89881700 -006.83532300
112  38.89881700 -006.83532300  38.89860700 -006.83494800 53 102
112  38.89834100 -006.83490700  38.89823400 -006.83500500 53 102
111  38.89816600 -006.83506700 53 102
112  38.89719900 -006.83595800  38.89709200 -006.83605700 53 102
112  38.89686900 -006.83614400  38.89675600 -006.83616900 53 102
112  38.89655900 -006.83607800  38.89646500 -006.83600900 53 102
112  38.89630100 -006.83577000  38.89622400 -006.83563300 53 102
111  38.89555400 -006.83443600 53 102
111  38.89548700 -006.83431300 53 102
111  38.89506600 -006.83356500 53 102
111  38.89253600 -006.82904000 53 102
112  38.89014100 -006.82475900  38.89006400 -006.82462200 53 102
112  38.88982800 -006.82454500  38.88969600 -006.82454000 53 102
112  38.88714300 -006.82443000  38.88701100 -006.82442500 53 102
112  38.88675900 -006.82433600  38.88663500 -006.82427900 53 102
112  38.88591800 -006.82394800  38.88579400 -006.82389100 53 102
112  38.88559100 -006.82368300  38.88549700 -006.82356400 53 102
111  38.88517500 -006.82315500 53 102
111  38.88504600 -006.82301900
111  38.88491700 -006.82288200
111  38.88492900 -006.82283000
111  38.88490300 -006.82281100
112  38.88468100 -006.82252900  38.88458700 -006.82241000
111  38.88450800 -006.82222000
111  38.88447700 -006.82209000
111  38.88442900 -006.82189100
111  38.88441000 -006.82180900
111  38.88439000 -006.82172700
111  38.88434200 -006.82152700
111  38.88432200 -006.82144200
111  38.88430100 -006.82135700
111  38.88425300 -006.82115700
111  38.88423200 -006.82107300
111  38.88421200 -006.82098800
111  38.88416400 -006.82078900
111  38.88414300 -006.82070200
111  38.88412200 -006.82061400
111  38.88407400 -006.82041400
111  38.88405400 -006.82032800
111  38.88403300 -006.82024200
111  38.88398400 -006.82004300
111  38.88396400 -006.81995900
111  38.88394400 -006.81987600
111  38.88389600 -006.81967700
111  38.88388100 -006.81961500
111  38.88386600 -006.81955300
111  38.88379600 -006.81926200
111  38.88378100 -006.81920000
111  38.88376600 -006.81913800
111  38.88371700 -006.81893900
111  38.88369700 -006.81885500
111  38.88367600 -006.81877000
111  38.88362800 -006.81857200
111  38.88360800 -006.81848700
111  38.88358700 -006.81840200
111  38.88353900 -006.81820400
111  38.88348000 -006.81796200
112  38.88347400 -006.81794000  38.88343500 -006.81777900
112  38.88347900 -006.81745700  38.88352200 -006.81729600
111  38.88365800 -006.81677900
111  38.88389600 -006.81628100
111  38.88380600 -006.81623000 53 102
112  38.88424600 -006.81457000  38.88428900 -006.81441000 53 102
112  38.88419400 -006.81412400  38.88411700 -006.81398700 53 102
111  38.88200000 -006.81021300 59
114  38.88188800 -006.81001200  38.88181300 -006.80987800 59
111  38.88531100 -006.82297100 53 102
112  38.88569900 -006.82346400  38.88579300 -006.82358300 53 102
112  38.88602600 -006.82372800  38.88615000 -006.82378500 53 102
112  38.88679700 -006.82408400  38.88692100 -006.82414100 53 102
112  38.88718100 -006.82417800  38.88731300 -006.82418300 53 102
112  38.88968200 -006.82428500  38.88981400 -006.82429000 53 102
112  38.88976500 -006.82408700  38.88968800 -006.82395000 53 102
111  38.88797100 -006.82088300 53 102
112  38.88691200 -006.81898800  38.88683500 -006.81885100 53 102
112  38.88660000 -006.81881100  38.88646900 -006.81883000 53 102
111  38.88531500 -006.81899700
111  38.88529300 -006.81874500 53 102
112  38.88646900 -006.81857400  38.88660000 -006.81855500 53 102
112  38.88655000 -006.81833900  38.88647300 -006.81820200 53 102
112  38.88456700 -006.81478900  38.88449000 -006.81465200 53 102
112  38.88438800 -006.81482300  38.88434500 -006.81498300 53 102
111  38.88399200 -006.81631700 53 102
111  38.88384600 -006.81686100 53 102
112  38.88368700 -006.81746200  38.88364400 -006.81762200 53 102
112  38.88368200 -006.81794400  38.88372100 -006.81810500 53 102
111  38.88377100 -006.81830700 53 102
111  38.88386000 -006.81867600 53 102
112  38.88389300 -006.81881000  38.88391500 -006.81889900 53 102
112  38.88412300 -006.81891600  38.88425400 -006.81889700 53 102
111  38.88452900 -006.81885700
111  38.88455100 -006.81910900 53 102
112  38.88418300 -006.81916200  38.88405200 -006.81918100 53 102
112  38.88401300 -006.81930200  38.88403100 -006.81937600 53 102
111  38.88404000 -006.81941200 53 102
111  38.88412900 -006.81978200 53 102
111  38.88421800 -006.82014800 53 102
111  38.88430700 -006.82052200 53 102
111  38.88439700 -006.82089300 53 102
111  38.88448600 -006.82126400 53 102
111  38.88457500 -006.82163400 53 102
111  38.88466200 -006.82199700 53 102
112  38.88468800 -006.82210500  38.88470500 -006.82217800 53 102
112  38.88485500 -006.82239200  38.88494900 -006.82251100 53 102
113  38.88504300 -006.82263100 53 102
110 15 0.25 125.6900 Apron path
111  38.88476100 -006.82282700 53 102
111  38.88478400 -006.82268500
111  38.88481900 -006.82256000
112  38.88489800 -006.82258800  38.88495100 -006.82260700
112  38.88509700 -006.82281800  38.88517700 -006.82295300
111  38.88509700 -006.82281800
111  38.88504600 -006.82301900
112  38.88504600 -006.82301900  38.88496000 -006.82292800 53 102
114  38.88483900 -006.82285500  38.88478700 -006.82283700 53 102
110 15 0.25 125.6900 Apron path
112  38.88343400 -006.81706600  38.88350900 -006.81695300 53 102
112  38.88358900 -006.81681400  38.88361800 -006.81675900 53 102
112  38.88371300 -006.81649800  38.88376700 -006.81634300 53 102
111  38.88380600 -006.81623000 53 102
111  38.88389800 -006.81627600
111  38.88389600 -006.81628100
112  38.88384500 -006.81660300  38.88381900 -006.81676900
112  38.88375700 -006.81694900  38.88372400 -006.81701400
111  38.88370700 -006.81704600
111  38.88362200 -006.81697900
112  38.88352300 -006.81723000  38.88346300 -006.81738100
112  38.88324300 -006.81752700  38.88311600 -006.81757400
111  38.88295200 -006.81763500
112  38.88251400 -006.81779900  38.88238700 -006.81784600
112  38.88234700 -006.81796700  38.88236200 -006.81803200
112  38.88254900 -006.81813100  38.88266800 -006.81817600
112  38.88255700 -006.81839900  38.88248100 -006.81837000
112  38.88249700 -006.81857300  38.88253300 -006.81871800
112  38.88274000 -006.81886300  38.88286700 -006.81891100
112  38.88281200 -006.81915500  38.88268500 -006.81910700
112  38.88267600 -006.81930100  38.88271200 -006.81944600
112  38.88292100 -006.81959100  38.88304800 -006.81964000
112  38.88292900 -006.81985900  38.88284400 -006.81982600
112  38.88286100 -006.82005200  38.88290000 -006.82021300
112  38.88286600 -006.82007000  38.88290500 -006.82023100
112  38.88305400 -006.82036200  38.88314000 -006.82039500
112  38.88310300 -006.82056100  38.88301700 -006.82052800
112  38.88303400 -006.82075400  38.88307400 -006.82091500
112  38.88304700 -006.82080800  38.88308700 -006.82096900
112  38.88323600 -006.82110000  38.88332200 -006.82113300
112  38.88328500 -006.82130000  38.88319900 -006.82126700
112  38.88321600 -006.82149200  38.88325600 -006.82165300
112  38.88346300 -006.82180500  38.88358800 -006.82185300
112  38.88347000 -006.82207300  38.88338900 -006.82204200
112  38.88340800 -006.82226800  38.88344800 -006.82242900
112  38.88347700 -006.82254900  38.88351700 -006.82271000
112  38.88366100 -006.82274200  38.88374400 -006.82270900
111  38.88378400 -006.82269300
112  38.88412100 -006.82256200  38.88432800 -006.82248100
112  38.88460800 -006.82256300  38.88472600 -006.82264400
112  38.88469500 -006.82281300  38.88465100 -006.82280400 53 102
112  38.88431900 -006.82291900  38.88411200 -006.82299900 53 102
111  38.88387800 -006.82309100 53 102
112  38.88366200 -006.82317700  38.88351700 -006.82323400 53 102
112  38.88338500 -006.82302100  38.88334500 -006.82286000 53 102
111  38.88310300 -006.82187300 53 102
111  38.88292300 -006.82114400 53 102
111  38.88274100 -006.82040600 53 102
111  38.88255700 -006.81965900 53 102
111  38.88237800 -006.81893200 53 102
111  38.88219800 -006.81820300 53 102
112  38.88213300 -006.81794000  38.88209400 -006.81777900 53 102
112  38.88226400 -006.81762700  38.88239100 -006.81758000 53 102
111  38.88289800 -006.81739100 53 102
114  38.88313100 -006.81730500  38.88325800 -006.81725800 53 102
110 2 0.00 305.1671 New Taxiway 1
111  38.89360500 -006.82110200 3
112  38.89364457 -006.82096494  38.89360404 -006.82088589 3
111  38.89316111 -006.82002712 3
111  38.89390540 -006.81937889 3
111  38.89454237 -006.82057294 3
113  38.89371900 -006.82131000 3
110 1 0.25 125.6900 Apron
111  38.88370300 -006.82389400
111  38.88359500 -006.82344900
111  38.88337300 -006.82353900
111  38.88324800 -006.82305500
111  38.88298500 -006.82315400
111  38.88277300 -006.82234600
111  38.88274900 -006.82196300
111  38.88296700 -006.82187700
111  38.88288600 -006.82155000
111  38.88266700 -006.82163400
111  38.88274800 -006.82196300
111  38.88277300 -006.82234700
111  38.88248000 -006.82246300
111  38.88212400 -006.82106900
111  38.88244600 -006.82094100
111  38.88227900 -006.82026400
111  38.88227800 -006.82026300
111  38.88196700 -006.82038200
111  38.88160800 -006.81900400
111  38.88187000 -006.81890200
111  38.88220600 -006.81877700
111  38.88215900 -006.81859000
111  38.88190900 -006.81868500
111  38.88195600 -006.81887000
111  38.88187000 -006.81890100
111  38.88169300 -006.81821700
111  38.88144200 -006.81830500
111  38.88111500 -006.81699800
111  38.88223600 -006.81658100
111  38.88232500 -006.81696600
111  38.88305800 -006.81670500
111  38.88313500 -006.81681200
111  38.88302900 -006.81693700
111  38.88305800 -006.81706000
111  38.88320300 -006.81693000
111  38.88313500 -006.81681100
111  38.88305800 -006.81670500
111  38.88343300 -006.81618400
111  38.88362300 -006.81639700
111  38.88374800 -006.81637600
111  38.88376300 -006.81636000
111  38.88380500 -006.81623300
111  38.88380800 -006.81693200
111  38.88361900 -006.81773800
111  38.88469900 -006.82221400
111  38.88518100 -006.82283300
111  38.88499900 -006.82296800
111  38.88496700 -006.82294200
111  38.88493100 -006.82293100
111  38.88420200 -006.82321600
113  38.88430500 -006.82365600
111  38.88225100 -006.81740600
111  38.88219700 -006.81715500
111  38.88160200 -006.81736800
111  38.88171800 -006.81784400
111  38.88195000 -006.81776000
113  38.88190100 -006.81753500
111  38.88217700 -006.81972400
111  38.88241900 -006.81962800
111  38.88235900 -006.81938900
113  38.88211400 -006.81948200
110 1 0.25 125.6900 Apron
111  38.88189500 -006.81002000
111  38.88144300 -006.80921800
111  38.88141800 -006.80914100
111  38.88141900 -006.80905700
111  38.88143900 -006.80897700
111  38.88147100 -006.80892800
111  38.88231200 -006.80818000
111  38.88239400 -006.80813200
111  38.88247600 -006.80811600
111  38.88256300 -006.80815800
111  38.88263000 -006.80823100
111  38.88284500 -006.80861200
111  38.88290200 -006.80864800
111  38.88296000 -006.80866800
111  38.88306200 -006.80863500
111  38.88317500 -006.80883900
111  38.88216100 -006.80977500
111  38.88213200 -006.80981400
111  38.88210800 -006.80986900
111  38.88210400 -006.80993100
113  38.88211700 -006.80998400
110 1 0.25 125.6900 Apron
111  38.89571600 -006.83430900
111  38.89527500 -006.83352000
111  38.89649900 -006.83242600
111  38.89642200 -006.83262600
111  38.89643500 -006.83277500
111  38.89660600 -006.83310400
111  38.89665400 -006.83328300
111  38.89661200 -006.83346400
113  38.89651400 -006.83359300
110 3 0.25 125.6900 Apron
111  38.88171300 -006.81785700
111  38.88159100 -006.81736100
111  38.88220300 -006.81714500
111  38.88225700 -006.81741100
111  38.88191100 -006.81754200
113  38.88196200 -006.81776600
110 3 0.25 125.6900 Apron
111  38.88242600 -006.81963100
111  38.88217400 -006.81973300
111  38.88210600 -006.81947700
113  38.88236200 -006.81937800
110 3 0.25 125.6900 Apron
111  38.88221400 -006.81878200
111  38.88195200 -006.81888100
111  38.88190000 -006.81868000
113  38.88216400 -006.81858200
110 3 0.25 125.6900 Apron
111  38.88297500 -006.82188100
111  38.88274300 -006.82197600
111  38.88265700 -006.82162800
113  38.88289100 -006.82153900
110 3 0.25 125.6900 Apron
111  38.88305900 -006.81705800
111  38.88302900 -006.81693800
111  38.88313600 -006.81681300
113  38.88320300 -006.81693000
110 1 0.25 125.6900 Apron
111  38.88536800 -006.81951400
111  38.88458700 -006.81962000
111  38.88447100 -006.81832400
113  38.88525300 -006.81822300
120 Linear Feature 3
111  38.89371955 -006.82013141 1
115  38.89369038 -006.82015736
120 Linear Feature 2
111  38.89276200 -006.82201700 1
111  38.89372603 -006.82114180 1
112  38.89376327 -006.82072469  38.89362021 -006.82043627 1
112  38.89341408 -006.82006882  38.89335350 -006.81994774
111  38.89341408 -006.82006882
112  38.89341408 -006.82006882  38.89340735 -006.81990450 1
112  38.89354886 -006.81982021  38.89362530 -006.81981664 1
112  38.89369228 -006.82004877  38.89366535 -006.82021597
111  38.89369228 -006.82004877
112  38.89369228 -006.82004877  38.89375062 -006.82016120 1
115  38.89375062 -006.82016120
120 Centreline for Taxi
111  38.88257800 -006.82070800 51
115  38.88252100 -006.82047200
120 Centreline for Taxi C2
112  38.88607200 -006.81197200  38.88628200 -006.81234700 51
112  38.88622500 -006.81268100  38.88611700 -006.81277800 51
112  38.88599500 -006.81288700  38.88588700 -006.81298400 51
112  38.88567100 -006.81317900  38.88556400 -006.81327700 51
112  38.88563800 -006.81321000  38.88553000 -006.81330700 51
112  38.88531400 -006.81350200  38.88520600 -006.81359900 51
112  38.88458200 -006.81416300  38.88447400 -006.81426000 51
116  38.88435600 -006.81454900  38.88431400 -006.81471000
120 Centreline for Taxi C3
112  38.88764000 -006.81477100  38.88785000 -006.81514600 51
112  38.88787700 -006.81556700  38.88782400 -006.81572300 51
112  38.88772000 -006.81603300  38.88766800 -006.81618800 51
112  38.88756400 -006.81649900  38.88751200 -006.81665500 51
112  38.88692200 -006.81841400  38.88687000 -006.81856900 51
116  38.88664700 -006.81867600  38.88651600 -006.81869500
120 Centreline for Taxi C4
112  38.88816700 -006.82101500  38.88809000 -006.82087800 51
112  38.88818400 -006.82040500  38.88827200 -006.82013500 51
112  38.88870900 -006.81880500  38.88879800 -006.81853600 51
112  38.88897600 -006.81799800  38.88906600 -006.81772900 51
112  38.88901800 -006.81787400  38.88910700 -006.81760500 51
116  38.88883700 -006.81690800  38.88862700 -006.81653300
120 Centreline for Taxi C13
112  38.89019300 -006.82463400  38.89011600 -006.82449700 51
112  38.88988000 -006.82442000  38.88974900 -006.82441400 51
112  38.88716200 -006.82430400  38.88703000 -006.82429900 51
112  38.88677800 -006.82421000  38.88665400 -006.82415300 51
112  38.88597200 -006.82383800  38.88584800 -006.82378100 51
112  38.88564500 -006.82357400  38.88555100 -006.82345500 51
112  38.88538200 -006.82323900  38.88528800 -006.82312000 51
112  38.88510700 -006.82289100  38.88501800 -006.82277800 51
116  38.88483200 -006.82254200  38.88473800 -006.82242300
120 Centreline for Taxi C8
112  38.89660200 -006.83596400  38.89667900 -006.83602000 51
112  38.89685900 -006.83601700  38.89695200 -006.83599600 51
112  38.89716000 -006.83583800  38.89726700 -006.83573900 51
112  38.89794700 -006.83511200  38.89805400 -006.83501300 51
112  38.89826900 -006.83481700  38.89837700 -006.83471900 51
112  38.89850300 -006.83460300  38.89861000 -006.83450500 51
116  38.89834900 -006.83389300  38.89813900 -006.83351800
120 Centreline for Taxi
112  38.88483200 -006.82254200  38.88473800 -006.82242300 51
112  38.88476800 -006.82246100  38.88467400 -006.82234200 51
112  38.88459700 -006.82215900  38.88457700 -006.82207600 51
112  38.88452400 -006.82185300  38.88449500 -006.82173200 51
112  38.88443600 -006.82148600  38.88440600 -006.82136300 51
112  38.88434600 -006.82111600  38.88431700 -006.82099300 51
112  38.88425700 -006.82074500  38.88422700 -006.82062100 51
112  38.88416800 -006.82037200  38.88413800 -006.82024800 51
112  38.88407900 -006.82000300  38.88404900 -006.81988100 51
112  38.88398900 -006.81963500  38.88396000 -006.81951200 51
112  38.88390000 -006.81926600  38.88387100 -006.81914300 51
112  38.88381100 -006.81889800  38.88378100 -006.81877500 51
112  38.88372200 -006.81853000  38.88369200 -006.81840700 51
112  38.88361800 -006.81810300  38.88357800 -006.81794100 51
112  38.88357800 -006.81794200  38.88353900 -006.81778100 51
112  38.88358300 -006.81745900  38.88362500 -006.81729900 51
112  38.88368800 -006.81706100  38.88373100 -006.81690000 51
116  38.88381600 -006.81658000  38.88385900 -006.81642000
120 Centreline for Path
112  38.88459700 -006.82215900  38.88457700 -006.82207600 51
112  38.88443800 -006.82198500  38.88435200 -006.82195100 51
112  38.88443600 -006.82198400  38.88435000 -006.82195100 51
112  38.88417800 -006.82188400  38.88409200 -006.82185100 51
112  38.88408500 -006.82184900  38.88399900 -006.82181600 51
112  38.88391600 -006.82163300  38.88389000 -006.82152300 51
112  38.88390900 -006.82160100  38.88388200 -006.82149000 51
112  38.88383000 -006.82126900  38.88380300 -006.82115900 51
112  38.88382000 -006.82123200  38.88379400 -006.82112100 51
112  38.88374100 -006.82090100  38.88371500 -006.82079000 51
112  38.88373200 -006.82086100  38.88370500 -006.82075100 51
112  38.88365200 -006.82053100  38.88362600 -006.82042000 51
112  38.88364300 -006.82049100  38.88361600 -006.82038100 51
112  38.88356300 -006.82016100  38.88353700 -006.82005000 51
112  38.88355300 -006.82011700  38.88352600 -006.82000700 51
112  38.88332400 -006.81987800  38.88319800 -006.81982900 51
112  38.88327200 -006.81985900  38.88314600 -006.81981000 51
112  38.88289300 -006.81971300  38.88276700 -006.81966500 51
112  38.88284100 -006.81969300  38.88271400 -006.81964500 51
112  38.88259100 -006.81937900  38.88255200 -006.81921700 51
112  38.88253200 -006.81913600  38.88249200 -006.81897500 51
112  38.88241200 -006.81865200  38.88237200 -006.81849000 51
112  38.88235200 -006.81840700  38.88231200 -006.81824600 51
112  38.88224500 -006.81797500  38.88221500 -006.81784700 51
112  38.88238900 -006.81771300  38.88251600 -006.81766600 51
112  38.88273500 -006.81758400  38.88286200 -006.81753700 51
112  38.88311500 -006.81744300  38.88324200 -006.81739600 51
112  38.88318700 -006.81741600  38.88331400 -006.81736900 51
112  38.88350100 -006.81716000  38.88358400 -006.81703600 51
112  38.88351400 -006.81717500  38.88344000 -006.81730800 51
112  38.88326900 -006.81756200  38.88318000 -006.81768700 51
112  38.88315600 -006.81772000  38.88306700 -006.81784500 51
112  38.88304900 -006.81801500  38.88306600 -006.81808800 51
112  38.88311500 -006.81829000  38.88314100 -006.81840000 51
112  38.88312200 -006.81832200  38.88314900 -006.81843300 51
112  38.88297200 -006.81841900  38.88284500 -006.81837300 51
112  38.88288900 -006.81838900  38.88276200 -006.81834300 51
112  38.88250900 -006.81824800  38.88238300 -006.81820000 51
112  38.88248200 -006.81823700  38.88235500 -006.81818900 51
116  38.88235200 -006.81840700  38.88239200 -006.81856900
120 Centreline for Path
112  38.88259100 -006.81937900  38.88263100 -006.81954000 51
112  38.88271100 -006.81986300  38.88275000 -006.82002500 51
112  38.88277500 -006.82012600  38.88281500 -006.82028700 51
112  38.88289500 -006.82061000  38.88293500 -006.82077200 51
112  38.88295700 -006.82086400  38.88299700 -006.82102500 51
112  38.88307700 -006.82134800  38.88311700 -006.82151000 51
112  38.88313700 -006.82159300  38.88317700 -006.82175400 51
112  38.88325700 -006.82207700  38.88329700 -006.82223900 51
112  38.88343100 -006.82278500  38.88347100 -006.82294600 51
112  38.88366100 -006.82295900  38.88377400 -006.82291500 51
112  38.88414100 -006.82277100  38.88434700 -006.82269100 51
112  38.88422000 -006.82274100  38.88442700 -006.82266000 51
112  38.88465900 -006.82265300  38.88474600 -006.82267600 51
112  38.88486800 -006.82271800  38.88492100 -006.82273900 51
116  38.88509400 -006.82290500  38.88519200 -006.82300900
120 Centreline for Path
112  38.88313700 -006.82159300  38.88317700 -006.82175400 51
112  38.88338600 -006.82190800  38.88351300 -006.82195700 51
112  38.88343100 -006.82192500  38.88355700 -006.82197400 51
112  38.88380900 -006.82207200  38.88393500 -006.82212100 51
112  38.88385400 -006.82208900  38.88398000 -006.82213800 51
112  38.88407400 -006.82229300  38.88409600 -006.82238000 51
112  38.88429600 -006.82249600  38.88442200 -006.82254500 51
112  38.88434500 -006.82251600  38.88447200 -006.82256400 51
112  38.88466200 -006.82263700  38.88474700 -006.82267100 51
116  38.88486800 -006.82271800  38.88492100 -006.82273900
120 Centreline for Path
112  38.88391600 -006.82163300  38.88394300 -006.82174400 51
112  38.88399600 -006.82196500  38.88402200 -006.82207500 51
112  38.88400300 -006.82199700  38.88403000 -006.82210800 51
116  38.88407400 -006.82229300  38.88409600 -006.82238000
120 Centreline for Path
112  38.88434600 -006.82111600  38.88431700 -006.82099300 51
112  38.88417400 -006.82088300  38.88408800 -006.82085100 51
112  38.88391600 -006.82078400  38.88383000 -006.82075000 51
112  38.88382100 -006.82074700  38.88373500 -006.82071300 51
112  38.88356300 -006.82064700  38.88347700 -006.82061400 51
112  38.88296400 -006.82041700  38.88287800 -006.82038400 51
116  38.88289500 -006.82061000  38.88293500 -006.82077200
120 Centreline for Path
112  38.88425700 -006.82074500  38.88422700 -006.82062100 51
112  38.88408300 -006.82050800  38.88399700 -006.82047400 51
112  38.88408300 -006.82050800  38.88399700 -006.82047400 51
112  38.88382500 -006.82040900  38.88373800 -006.82037600 51
112  38.88373200 -006.82037400  38.88364600 -006.82034200 51
116  38.88356300 -006.82016100  38.88353700 -006.82005000
120 Centreline for Path
112  38.88416800 -006.82037200  38.88413800 -006.82024800 51
112  38.88399400 -006.82013700  38.88390800 -006.82010400 51
112  38.88399200 -006.82013600  38.88390600 -006.82010300 51
112  38.88373400 -006.82003700  38.88364800 -006.82000400 51
112  38.88364200 -006.82000200  38.88355600 -006.81996900 51
112  38.88347400 -006.81978600  38.88344700 -006.81967600 51
112  38.88346500 -006.81975200  38.88343900 -006.81964100 51
112  38.88338600 -006.81942100  38.88335900 -006.81931000 51
112  38.88337800 -006.81938700  38.88335100 -006.81927700 51
112  38.88329900 -006.81905600  38.88327200 -006.81894600 51
112  38.88328900 -006.81901900  38.88326300 -006.81890800 51
112  38.88321000 -006.81868800  38.88318400 -006.81857700 51
112  38.88320200 -006.81865300  38.88317500 -006.81854300 51
112  38.88329100 -006.81853600  38.88337800 -006.81856800 51
112  38.88337900 -006.81856900  38.88346500 -006.81860100 51
112  38.88363700 -006.81866500  38.88372300 -006.81869800 51
116  38.88381100 -006.81889800  38.88384100 -006.81902100
120 Centreline for Path
112  38.88372200 -006.81853000  38.88369200 -006.81840700 51
112  38.88354700 -006.81829700  38.88346100 -006.81826600 51
112  38.88328800 -006.81820200  38.88320200 -006.81817100 51
112  38.88320500 -006.81817200  38.88311800 -006.81814000 51
116  38.88311500 -006.81829000  38.88314100 -006.81840000
120 Centreline for Path
112  38.88307700 -006.82134800  38.88303700 -006.82118700 51
112  38.88314600 -006.82115600  38.88323200 -006.82118900 51
112  38.88374000 -006.82138500  38.88382600 -006.82141800 51
112  38.88399800 -006.82148500  38.88408400 -006.82151800 51
112  38.88435100 -006.82162100  38.88443700 -006.82165400 51
116  38.88452400 -006.82185300  38.88455200 -006.82197400
120 Centreline for Path
112  38.88253200 -006.81913600  38.88249200 -006.81897500 51
112  38.88266200 -006.81896600  38.88278800 -006.81901400 51
112  38.88314800 -006.81915000  38.88327500 -006.81919800 51
112  38.88352800 -006.81929300  38.88365400 -006.81934100 51
112  38.88375500 -006.81937900  38.88388200 -006.81942600 51
116  38.88398900 -006.81963500  38.88401900 -006.81975800
120 Centreline for Taxi C11
112  38.88381600 -006.81658000  38.88385900 -006.81642000 51
112  38.88383400 -006.81651600  38.88387700 -006.81635600 51
112  38.88396200 -006.81603600  38.88400400 -006.81587500 51
112  38.88435600 -006.81454900  38.88439900 -006.81438900 51
116  38.88453500 -006.81451500  38.88461200 -006.81465300
120 Centreline for Path C11
112  38.88383400 -006.81651600  38.88387700 -006.81635600 51
112  38.88381700 -006.81650800  38.88376400 -006.81666300 51
112  38.88380000 -006.81655900  38.88374600 -006.81671400 51
116  38.88367200 -006.81688300  38.88364100 -006.81694300
120 Centreline for Path
112  38.88351400 -006.81717500  38.88358800 -006.81704100 51
116  38.88367200 -006.81688300  38.88370300 -006.81682200
120 Centreline for Taxi
112  38.88510700 -006.82289100  38.88519600 -006.82300400 51
116  38.88509400 -006.82290500  38.88499600 -006.82280100
120 Centreline for Taxi C12
112  38.88510800 -006.81890000  38.88523900 -006.81888100 51
112  38.88550100 -006.81884200  38.88563200 -006.81882300 51
112  38.88664700 -006.81867600  38.88677800 -006.81865700 51
116  38.88695900 -006.81885300  38.88703600 -006.81899100
120 Centreline for Path C12
112  38.88434300 -006.81901100  38.88447400 -006.81899200 51
112  38.88473600 -006.81895400  38.88486700 -006.81893500 51
116  38.88510800 -006.81890000  38.88523900 -006.81888100
120 Centreline for Taxi C12
112  38.88434300 -006.81901100  38.88421200 -006.81903000 51
112  38.88405300 -006.81905400  38.88392200 -006.81907300 51
116  38.88390000 -006.81926600  38.88393000 -006.81938900
120 Centreline for Path
112  38.88443600 -006.82148600  38.88440600 -006.82136300 51
112  38.88426200 -006.82125100  38.88417600 -006.82121800 51
112  38.88391000 -006.82111600  38.88382400 -006.82108300 51
116  38.88374100 -006.82090100  38.88371500 -006.82079000
120 Centreline for Path
112  38.88407900 -006.82000300  38.88404900 -006.81988100 51
112  38.88390500 -006.81977000  38.88381900 -006.81973700 51
112  38.88355500 -006.81963600  38.88346900 -006.81960300 51
116  38.88338600 -006.81942100  38.88335900 -006.81931000
120 Centreline for Path
112  38.88390000 -006.81926600  38.88387100 -006.81914300 51
112  38.88372700 -006.81903300  38.88364000 -006.81900100 51
112  38.88337900 -006.81890200  38.88329300 -006.81886900 51
116  38.88321000 -006.81868800  38.88318400 -006.81857700
120 Centreline for Taxi T5
112  38.89273100 -006.82917200  38.89265400 -006.82903500 51
112  38.89250100 -006.82876000  38.89242400 -006.82862200 51
112  38.89019300 -006.82463400  38.89011600 -006.82449700 51
116  38.88996200 -006.82422200  38.88988500 -006.82408400
120 Centreline for Taxi T4
112  38.88988000 -006.82442000  38.89001200 -006.82442500 51
112  38.88996200 -006.82422200  38.88988500 -006.82408400 51
112  38.88816700 -006.82101500  38.88809000 -006.82087800 51
116  38.88793600 -006.82060300  38.88785900 -006.82046500
120 Centreline for Taxi T3
112  38.88818400 -006.82040500  38.88809500 -006.82067400 51
112  38.88793600 -006.82060300  38.88785900 -006.82046500 51
112  38.88695900 -006.81885300  38.88688200 -006.81871600 51
116  38.88692200 -006.81841400  38.88697400 -006.81825800
120 Centreline for Taxi T2
112  38.88692200 -006.81841400  38.88687000 -006.81856900 51
112  38.88672900 -006.81844100  38.88665200 -006.81830300 51
112  38.88453500 -006.81451500  38.88445800 -006.81437800 51
116  38.88430400 -006.81410300  38.88422700 -006.81396600
120 Centreline for Taxi T7
112  38.89660200 -006.83596400  38.89652400 -006.83590700 51
112  38.89636900 -006.83567300  38.89629200 -006.83553500 51
112  38.89575100 -006.83456800  38.89567400 -006.83443100 51
112  38.89560100 -006.83430000  38.89557800 -006.83425900 51
112  38.89545100 -006.83403300  38.89537400 -006.83389600 51
112  38.89526200 -006.83369700  38.89518500 -006.83356000 51
116  38.89503100 -006.83328500  38.89495400 -006.83314700
120 Centreline for Taxi T6
112  38.89530800 -006.83334600  38.89520000 -006.83344300 51
112  38.89503100 -006.83328500  38.89495400 -006.83314700 51
112  38.89273100 -006.82917200  38.89265400 -006.82903500 51
116  38.89278000 -006.82882400  38.89288900 -006.82872900
120 Centreline for Taxi C7
112  38.89526200 -006.83369700  38.89518500 -006.83356000 51
112  38.89530800 -006.83334600  38.89541700 -006.83324900 51
112  38.89627200 -006.83248600  38.89638000 -006.83238900 51
112  38.89650200 -006.83227900  38.89654700 -006.83223800 51
112  38.89673300 -006.83207300  38.89684100 -006.83197700 51
112  38.89696900 -006.83186300  38.89707800 -006.83176700 51
116  38.89681700 -006.83115600  38.89660600 -006.83078100
120 Centreline for Taxi C1
112  38.88418700 -006.80860700  38.88397700 -006.80823200 51
112  38.88371100 -006.80819100  38.88360400 -006.80829000 51
112  38.88349300 -006.80839100  38.88338600 -006.80848900 51
112  38.88322300 -006.80863800  38.88315000 -006.80870500 51
112  38.88295200 -006.80888600  38.88284500 -006.80898400 51
112  38.88207400 -006.80969200  38.88196700 -006.80979100 51
116  38.88199700 -006.80999000  38.88205200 -006.81008900
120 Centreline for Taxi C6
112  38.89430200 -006.82666600  38.89451200 -006.82704100 51
112  38.89445300 -006.82737100  38.89434300 -006.82746500 51
112  38.89421500 -006.82757600  38.89410600 -006.82767100 51
112  38.89388700 -006.82786000  38.89377800 -006.82795500 51
112  38.89278000 -006.82882400  38.89267100 -006.82891900 51
116  38.89250100 -006.82876000  38.89242400 -006.82862200
120 Centreline for Taxi
112  38.88199700 -006.80999000  38.88205200 -006.81008900 51
112  38.88219600 -006.81034500  38.88227300 -006.81048200 51
112  38.88430400 -006.81410300  38.88438100 -006.81424000 51
116  38.88435600 -006.81454900  38.88431400 -006.81471000
120 Centreline for Taxi C5N
112  38.89174200 -006.82209000  38.89195300 -006.82246500 51
112  38.89222000 -006.82250700  38.89232800 -006.82240900 51
112  38.89243800 -006.82230900  38.89254600 -006.82221200 51
116  38.89276200 -006.82201700  38.89287000 -006.82192000
120 Centreline for Taxi C5
112  38.89174200 -006.82209000  38.89195300 -006.82246500 51
112  38.89189600 -006.82279800  38.89178700 -006.82289500 51
112  38.89166100 -006.82300700  38.89155300 -006.82310400 51
112  38.89133700 -006.82329800  38.89122900 -006.82339500 51
112  38.89024000 -006.82428200  38.89013200 -006.82437900 51
116  38.88988000 -006.82442000  38.88974900 -006.82441400
120 Centreline for Taxi join
112  38.89019300 -006.82463400  38.89011600 -006.82449700 51
116  38.89024000 -006.82428200  38.89034800 -006.82418500
120 Centreline for Taxi join
112  38.88996200 -006.82422200  38.89003900 -006.82435900 51
116  38.89024000 -006.82428200  38.89034800 -006.82418500
120 Centreline for Taxi join
112  38.88381100 -006.81889800  38.88384100 -006.81902100 51
116  38.88405300 -006.81905400  38.88418400 -006.81903500
120 Centreline for Taxi join
112  38.88381100 -006.81889800  38.88384100 -006.81902100 51
116  38.88372700 -006.81903300  38.88364000 -006.81900100
120 Centreline for Taxi join
112  38.88405300 -006.81905400  38.88392200 -006.81907300 51
116  38.88372700 -006.81903300  38.88364000 -006.81900100
120 Centreline for Taxi C7
112  38.89744700 -006.83228200  38.89723700 -006.83190700 51
116  38.89696900 -006.83186300  38.89686100 -006.83195900
120 Centreline for Taxi C6
112  38.89493200 -006.82779200  38.89472200 -006.82741700 51
116  38.89445300 -006.82737100  38.89434300 -006.82746500
120 Centreline for Taxi C5N
112  38.89237300 -006.82321600  38.89216300 -006.82284100 51
116  38.89222000 -006.82250700  38.89232800 -006.82240900
120 Centreline for Taxi C5
112  38.89237300 -006.82321600  38.89216300 -006.82284100 51
116  38.89189600 -006.82279800  38.89178700 -006.82289500
120 Centreline for Taxi join
112  38.89222000 -006.82250700  38.89211200 -006.82260400 51
116  38.89189600 -006.82279800  38.89178700 -006.82289500
120 Centreline for Taxi join
112  38.88453500 -006.81451500  38.88445800 -006.81437800 51
116  38.88458200 -006.81416300  38.88469000 -006.81406600
120 Centreline for Taxi join
112  38.88430400 -006.81410300  38.88438100 -006.81424000 51
116  38.88458200 -006.81416300  38.88469000 -006.81406600
120 Centreline for Taxi C2
112  38.88622500 -006.81268100  38.88633300 -006.81258400 51
116  38.88670200 -006.81309800  38.88691300 -006.81347300
120 Centreline for Taxi C3
112  38.88787700 -006.81556700  38.88792900 -006.81541200 51
116  38.88827000 -006.81589700  38.88848000 -006.81627200
120 Centreline for Taxi join
112  38.88664700 -006.81867600  38.88677800 -006.81865700 51
116  38.88672900 -006.81844100  38.88665200 -006.81830300
120 Centreline for Taxi join
112  38.88695900 -006.81885300  38.88688200 -006.81871600 51
116  38.88672900 -006.81844100  38.88665200 -006.81830300
120 Centreline for Taxi C4
112  38.88901800 -006.81787400  38.88910700 -006.81760500 51
116  38.88946800 -006.81803400  38.88967800 -006.81840900
120 Centreline for Path
112  38.88385400 -006.82208900  38.88398000 -006.82213800 51
116  38.88400300 -006.82199700  38.88397700 -006.82188700
120 Centreline for Path
112  38.88325700 -006.82207700  38.88321700 -006.82191600 51
116  38.88338600 -006.82190800  38.88351300 -006.82195700
120 Centreline for Path
112  38.88295700 -006.82086400  38.88299700 -006.82102500 51
116  38.88314600 -006.82115600  38.88323200 -006.82118900
120 Centreline for Path
112  38.88390900 -006.82160100  38.88388200 -006.82149000 51
116  38.88374000 -006.82138500  38.88365400 -006.82135200
120 Centreline for Path
112  38.88390900 -006.82160100  38.88388200 -006.82149000 51
116  38.88399800 -006.82148500  38.88408400 -006.82151800
120 Centreline for Path
112  38.88383000 -006.82126900  38.88385600 -006.82138000 51
116  38.88374000 -006.82138500  38.88365400 -006.82135200
120 Centreline for Path
112  38.88383000 -006.82126900  38.88385600 -006.82138000 51
116  38.88399800 -006.82148500  38.88408400 -006.82151800
120 Centreline for Path
112  38.88373200 -006.82086100  38.88370500 -006.82075100 51
116  38.88382100 -006.82074700  38.88390700 -006.82078100
120 Centreline for Path
112  38.88373200 -006.82086100  38.88370500 -006.82075100 51
116  38.88356300 -006.82064700  38.88347700 -006.82061400
120 Centreline for Path
112  38.88365200 -006.82053100  38.88367900 -006.82064100 51
116  38.88382100 -006.82074700  38.88390700 -006.82078100
120 Centreline for Path
112  38.88365200 -006.82053100  38.88367900 -006.82064100 51
116  38.88356300 -006.82064700  38.88347700 -006.82061400
120 Centreline for Path
112  38.88277500 -006.82012600  38.88281500 -006.82028700 51
116  38.88296400 -006.82041700  38.88305000 -006.82045000
120 Centreline for Path
112  38.88332400 -006.81987800  38.88345000 -006.81992700 51
116  38.88347400 -006.81978600  38.88344700 -006.81967600
120 Centreline for Path
112  38.88332400 -006.81987800  38.88345000 -006.81992700 51
116  38.88364200 -006.82000200  38.88372800 -006.82003500
120 Centreline for Path
112  38.88355300 -006.82011700  38.88352600 -006.82000700 51
116  38.88347400 -006.81978600  38.88344700 -006.81967600
120 Centreline for Path
112  38.88355300 -006.82011700  38.88352600 -006.82000700 51
116  38.88364200 -006.82000200  38.88372800 -006.82003500
120 Centreline for Path
112  38.88337800 -006.81938700  38.88335100 -006.81927700 51
116  38.88314800 -006.81915000  38.88302200 -006.81910200
120 Centreline for Path
112  38.88337800 -006.81938700  38.88335100 -006.81927700 51
116  38.88352800 -006.81929300  38.88365400 -006.81934100
120 Centreline for Path
112  38.88329900 -006.81905600  38.88332500 -006.81916700 51
116  38.88314800 -006.81915000  38.88302200 -006.81910200
120 Centreline for Path
112  38.88329900 -006.81905600  38.88332500 -006.81916700 51
116  38.88352800 -006.81929300  38.88365400 -006.81934100
120 Centreline for Path
112  38.88241200 -006.81865200  38.88245200 -006.81881300 51
116  38.88266200 -006.81896600  38.88278800 -006.81901400
120 Centreline for Path
112  38.88271100 -006.81986300  38.88267100 -006.81970200 51
116  38.88284100 -006.81969300  38.88296700 -006.81974100
120 Centreline for Path
112  38.88297200 -006.81841900  38.88309900 -006.81846500 51
116  38.88320200 -006.81865300  38.88322800 -006.81876400
120 Centreline for Path
112  38.88297200 -006.81841900  38.88309900 -006.81846500 51
116  38.88329100 -006.81853600  38.88337800 -006.81856800
120 Centreline for Path
112  38.88320200 -006.81865300  38.88317500 -006.81854300 51
116  38.88312200 -006.81832200  38.88309600 -006.81821200
120 Centreline for Path
112  38.88312200 -006.81832200  38.88314900 -006.81843300 51
116  38.88329100 -006.81853600  38.88337800 -006.81856800
120 Centreline for Path
112  38.88224500 -006.81797500  38.88227700 -006.81810100 51
116  38.88248200 -006.81823700  38.88260800 -006.81828500
120 Centreline for Taxi join
112  38.88452400 -006.82185300  38.88455200 -006.82197400 51
116  38.88443800 -006.82198500  38.88435200 -006.82195100
120 Centreline for Taxi join
112  38.88443600 -006.82148600  38.88446500 -006.82160900 51
116  38.88435100 -006.82162100  38.88426500 -006.82158800
120 Centreline for Taxi join
112  38.88434600 -006.82111600  38.88437600 -006.82123900 51
116  38.88426200 -006.82125100  38.88417600 -006.82121800
120 Centreline for Taxi join
112  38.88425700 -006.82074500  38.88428700 -006.82086900 51
116  38.88417400 -006.82088300  38.88408800 -006.82085100
120 Centreline for Taxi join
112  38.88416800 -006.82037200  38.88419700 -006.82049700 51
116  38.88408300 -006.82050800  38.88399700 -006.82047400
120 Centreline for Taxi join
112  38.88407900 -006.82000300  38.88410800 -006.82012500 51
116  38.88399400 -006.82013700  38.88390800 -006.82010400
120 Centreline for Taxi join
112  38.88398900 -006.81963500  38.88401900 -006.81975800 51
116  38.88390500 -006.81977000  38.88381900 -006.81973700
120 Centreline for Taxi join
112  38.88390000 -006.81926600  38.88393000 -006.81938900 51
116  38.88375500 -006.81937900  38.88362900 -006.81933100
120 Centreline for Taxi join
112  38.88372200 -006.81853000  38.88375100 -006.81865200 51
116  38.88363700 -006.81866500  38.88355100 -006.81863300
120 Centreline for Taxi join
112  38.88361800 -006.81810300  38.88365700 -006.81826400 51
116  38.88354700 -006.81829700  38.88346100 -006.81826600
120 Centreline for Path
112  38.88399600 -006.82196500  38.88396900 -006.82185400 51
116  38.88408500 -006.82184900  38.88417100 -006.82188200
120 Centreline for Path
112  38.88382000 -006.82123200  38.88379400 -006.82112100 51
116  38.88391000 -006.82111600  38.88399600 -006.82114900
120 Centreline for Path
112  38.88364300 -006.82049100  38.88361600 -006.82038100 51
116  38.88373200 -006.82037400  38.88381900 -006.82040700
120 Centreline for Path
112  38.88346500 -006.81975200  38.88343900 -006.81964100 51
116  38.88355500 -006.81963600  38.88364100 -006.81966900
120 Centreline for Path
112  38.88328900 -006.81901900  38.88326300 -006.81890800 51
116  38.88337900 -006.81890200  38.88346600 -006.81893400
120 Centreline for Path
112  38.88304900 -006.81801500  38.88306600 -006.81808800 51
116  38.88320500 -006.81817200  38.88329100 -006.81820300
120 Centreline for Taxi join
112  38.88396200 -006.81603600  38.88391900 -006.81619600 51
116  38.88381700 -006.81650800  38.88376400 -006.81666300
120 Centreline for Path
112  38.88367200 -006.81688300  38.88364100 -006.81694300 51
116  38.88350100 -006.81716000  38.88341800 -006.81728400
120 Centreline for Taxi join
112  38.88538200 -006.82323900  38.88528800 -006.82312000 51
116  38.88509400 -006.82290500  38.88499600 -006.82280100
120 Centreline for Path
112  38.88465900 -006.82265300  38.88474600 -006.82267600 51
116  38.88466200 -006.82263700  38.88457700 -006.82260400
120 Taxi C5N hold short
111  38.89265400 -006.82226200 54
115  38.89254600 -006.82206400
120 Taxi C5 hold short
111  38.89144500 -006.82305200 54
115  38.89155300 -006.82325200
120 Taxi C2 hold short
111  38.88588700 -006.81313200 54
115  38.88577900 -006.81293400
120 Taxi C3 hold short
111  38.88772900 -006.81631400 54
115  38.88755500 -006.81621800
120 Taxi C4 hold short
111  38.88899500 -006.81848500 54
115  38.88868900 -006.81831700
120 Taxi C1 hold short
111  38.88338700 -006.80863700 54
115  38.88327700 -006.80843900
120 Taxi C8 hold short
111  38.89816300 -006.83506200 54
115  38.89805300 -006.83486600
120 Taxi C7 hold short
111  38.89662500 -006.83231600 54
115  38.89651500 -006.83211800
120 Taxi C6 hold short
111  38.89410400 -006.82781800 54
115  38.89399800 -006.82761800
120 Mil Cargo Ramp 11
111  38.88385400 -006.82299100 51
115  38.88380800 -006.82279300
120 Mil Cargo Ramp 11
111  38.88380700 -006.82279300 51
115  38.88385500 -006.82299100
120 Military Ramp 12
111  38.88360600 -006.82205900 51
115  38.88363400 -006.82193700
120 Military Ramp 12
111  38.88363400 -006.82193700 51
115  38.88360600 -006.82205900
120 Military Ramp 15
111  38.88306900 -006.81984600 51
115  38.88309700 -006.81972400
120 Military Ramp 15
111  38.88309700 -006.81972400 51
115  38.88306900 -006.81984600
120 Military Ramp 17
111  38.88268600 -006.81838100 51
115  38.88271200 -006.81825900
120 Military Ramp 17
111  38.88271300 -006.81825900 51
115  38.88268500 -006.81838100
120 GA Ramp 21
111  38.88429700 -006.82197500 51
115  38.88431700 -006.82189300
120 GA Ramp 21
111  38.88431700 -006.82189300 51
115  38.88429700 -006.82197500
120 GA Ramp 24
111  38.88403600 -006.82087700 51
115  38.88405400 -006.82079300
120 GA Ramp 24
111  38.88405500 -006.82079400 51
115  38.88403500 -006.82087600
120 GA Ramp 25
111  38.88394400 -006.82049800 51
115  38.88396400 -006.82041600
120 GA Ramp 25
111  38.88396300 -006.82041500 51
115  38.88394500 -006.82049900
120 GA Ramp 26
111  38.88385300 -006.82012800 51
115  38.88387300 -006.82004600
120 GA Ramp 26
111  38.88387300 -006.82004600 51
115  38.88385300 -006.82012800
120 GA Ramp 30
111  38.88349900 -006.81865900 51
115  38.88351700 -006.81857500
120 GA Ramp 30
111  38.88351700 -006.81857500 51
115  38.88349900 -006.81865900
120 GA Ramp 31
111  38.88340900 -006.81829200 51
115  38.88342700 -006.81820800
120 GA Ramp 31
111  38.88342700 -006.81820800 51
115  38.88340900 -006.81829200
21  38.89790900 -006.83215900 2 125.6900 2.5 13
21  38.89720800 -006.83280500 3 125.6900 2.5 13
21  38.88464500 -006.81037100 2 305.6900 2.5 31
21  38.88534600 -006.80972500 3 305.6900 2.5 31
20  38.88225500 -006.80971200 15.3200 0 3 {@L}C1
20  38.88438500 -006.81492300 50.5900 0 3 {@Y}{^ld}T2|{^lu}C2|T1{^ru}
20  38.88415600 -006.81483100 90.5900 0 3 {@Y}{^ld}T2|{^lu}C2|T1{^ru}
20  38.88464100 -006.81392300 193.0800 0 3 {@Y}{^l}T1|C11{^ru}|T2{^r}
20  38.88476800 -006.81417600 233.0800 0 3 {@Y}{^l}T1|C11{^ru}|T2{^r}
20  38.88598200 -006.81307700 15.0800 0 3 {@L}C2{@R}_13-31_
20  38.88585100 -006.81283200 55.0800 0 3 {@R}_13-31_{@L}C2
20  38.88779300 -006.81624200 43.5100 0 3 {@L}C3{@R}_13-31_
20  38.88756700 -006.81607600 83.5100 0 3 {@R}_13-31_{@L}C3
20  38.88344400 -006.80825800 195.2300 0 3 {@L}C1
20  38.88390700 -006.80877300 145.6900 0 3 {@Y}C1{^r}
20  38.88581500 -006.81217000 285.6900 0 3 {@Y}{^l}C2
20  38.88645700 -006.81330100 145.7700 0 3 {@Y}C2{^r}
20  38.88756300 -006.81528700 285.7700 0 3 {@Y}{^lu}C3
20  38.88810500 -006.81626000 145.7400 0 3 {@Y}C3{^rd}
20  38.88873200 -006.81737600 285.7400 0 3 {@Y}{^lu}C4
20  38.88412100 -006.81402900 285.3300 0 3 {@Y}{^lu}C11|T2{^u}|C2{^r}
20  38.88431100 -006.81385300 325.3300 0 3 {@Y}{^lu}C11|{^u}T2|C2{^r}
20  38.88478200 -006.81470800 106.3500 0 3 {@Y}{^l}C2|T1{^u}|C11{^rd}
20  38.88459800 -006.81487800 146.3500 0 3 {@Y}{^l}C2|{^u}T1|C11{^rd}
20  38.88388400 -006.81678900 52.4100 0 3 {@L}C11
20  38.88364100 -006.81666600 82.4200 0 3 {@L}C11
20  38.88351300 -006.80854500 15.2300 0 3 {@L}C1{@R}_31_
20  38.88338600 -006.80831000 55.2200 0 3 {@R}_31_{@L}C1
20  38.88474100 -006.81463400 326.3500 0 3 {@Y}{^u}T3{@L}T2
20  38.88782400 -006.81615900 263.5100 0 3 {@L}C3
20  38.88760000 -006.81599500 223.5100 0 3 {@L}C3
20  38.88603900 -006.81302300 235.0800 0 3 {@L}C2
20  38.88590900 -006.81277900 195.0800 0 3 {@L}C2
20  38.88357100 -006.80849500 235.2200 0 3 {@L}C1
20  38.88195600 -006.81017200 285.3200 0 3 {@L}T1{@Y}T2{^u}
20  38.88215100 -006.80999800 325.3200 0 3 {@Y}{^u}T2{@L}T1
20  38.88455600 -006.81480500 286.3500 0 3 {@L}T2{@Y}T3{^u}
20  38.88440700 -006.81484000 270.5900 0 3 {@L}C11
20  38.88417800 -006.81474700 230.5900 0 3 {@L}C11
20  38.88458100 -006.81397400 53.0800 0 3 {@L}C2
20  38.88471100 -006.81422600 13.0800 0 3 {@L}C2
20  38.88416000 -006.81409900 145.3300 0 3 {@Y}{^u}C1{@L}T1
20  38.88435300 -006.81392800 105.3300 0 3 {@L}T1{@Y}C1{^u}
20  38.89415500 -006.82704400 285.6900 0 3 {@Y}{^l}C6
20  38.89457500 -006.82780100 145.7700 0 3 {@Y}C6{^r}
20  38.89665200 -006.83154000 285.7700 0 3 {@Y}{^l}C7
20  38.89709900 -006.83231300 145.6900 0 3 {@Y}C7{^r}
20  38.89815300 -006.83421400 285.6900 0 3 {@Y}{^l}C8
20  38.89837000 -006.83491100 234.3300 0 3 {@L}C8
20  38.89236000 -006.82876400 285.7700 0 3 {@Y}T6{^u}|C6{^r}
20  38.89255500 -006.82859000 325.7700 0 3 {@Y}{^u}T6|C6{^r}
20  38.89287600 -006.82915600 104.6800 0 3 {@Y}{^l}C6|T5{^u}
20  38.89267500 -006.82934300 144.6900 0 3 {@Y}{^l}C6|{^u}T5
20  38.89487000 -006.83325000 284.6900 0 3 {@Y}T7{^u}|C7{^r}
20  38.89506800 -006.83308200 324.6800 0 3 {@Y}{^u}T7|C7{^r}
20  38.89579500 -006.83439400 104.7200 0 3 {@Y}{^l}C7|T6{^u}
20  38.89560600 -006.83456600 144.7200 0 3 {@Y}{^l}C7|{^u}T6
20  38.89633100 -006.83585800 144.7200 0 3 {@Y}{^u}T6{@L}T7
20  38.89651900 -006.83568400 104.7200 0 3 {@L}T7{@Y}T6{^u}
20  38.89701600 -006.83579800 54.3300 0 3 {@L}C8
20  38.89714000 -006.83603800 14.3400 0 3 {@L}C8
20  38.89831200 -006.83496100 14.3400 0 3 {@L}C8{@R}_13_
20  38.89817600 -006.83471000 54.3300 0 3 {@R}_13_{@L}C8
20  38.89503600 -006.83357900 215.6300 0 3 {@Y}{^l}T6|T7{^r}
20  38.89532000 -006.83315300 64.6300 0 3 {@L}C7
20  38.89676700 -006.83222300 14.6300 0 3 {@L}C7{@R}_13-31_
20  38.89663100 -006.83197800 54.6300 0 3 {@R}_13-31_{@L}C7
20  38.89279500 -006.82863000 53.3700 0 3 {@L}C6
20  38.89292900 -006.82888000 13.3700 0 3 {@L}C6
20  38.89419100 -006.82777800 13.3700 0 3 {@L}C6{@R}_13-31_
20  38.89405800 -006.82752900 53.3700 0 3 {@R}_13-31_{@L}C6
20  38.89823400 -006.83465800 194.3400 0 3 {@L}C8
20  38.89682600 -006.83217100 234.6300 0 3 {@L}C7
20  38.89669000 -006.83192800 194.6300 0 3 {@L}C7
20  38.89411700 -006.82748000 193.3700 0 3 {@L}C6
20  38.89425200 -006.82772800 233.3700 0 3 {@L}C6
20  38.89283700 -006.82908400 324.6900 0 3 {@Y}{^u}T7{@L}T6
20  38.89263500 -006.82926900 284.6800 0 3 {@L}T6{@Y}T7{^u}
20  38.89575600 -006.83432300 324.7200 0 3 {@Y}{^u}C8{@L}T7
20  38.89556500 -006.83449100 284.7200 0 3 {@L}T7{@Y}C8{^u}
20  38.89510800 -006.83315400 104.6900 0 3 {@L}T6{@Y}T5{^u}
20  38.89491000 -006.83332300 144.6800 0 3 {@Y}{^u}T5{@L}T6
20  38.89239800 -006.82883700 143.7700 0 3 {@Y}{^u}T4{@L}T5
20  38.89259700 -006.82866200 105.7700 0 3 {@L}T5{@Y}T4{^u}
20  38.89251600 -006.82906800 215.6300 0 3 {@Y}{^l}T5|T6{^r}
20  38.89202000 -006.82193900 325.7400 0 3 {@Y}C5N{^r}
20  38.89244300 -006.82205300 196.3700 0 3 {@L}C5N{@R}_31-13_
20  38.89040000 -006.82431900 231.3800 0 3 {@Y}{^l}T4|{^lu}C13|T5{^r}
20  38.89153800 -006.82237800 285.7500 0 3 {@Y}{^l}C5
20  38.89258100 -006.82295000 105.6900 0 3 {@Y}{^l}C5N
20  38.89209600 -006.82338500 145.6900 0 3 {@Y}C5{^r}
20  38.89035300 -006.82466000 105.7500 0 3 {@Y}{^l}C5|T4{^u}|C13{^ru}
20  38.89016800 -006.82484800 145.7500 0 3 {@Y}{^l}C5|{^u}T4|C13{^ru}
20  38.89262300 -006.82239500 236.3800 0 3 {@R}_31-13_{@L}C5N
20  38.89169200 -006.82315800 16.3800 0 3 {@L}C5{@R}_13-31_
20  38.89155300 -006.82291300 56.3700 0 3 {@R}_13-31_{@L}C5
20  38.89026900 -006.82407500 191.3700 0 3 {@Y}{^l}T4|{^lu}C13|T5{^r}
20  38.89174900 -006.82310700 236.3700 0 3 {@L}C5
20  38.89160900 -006.82285800 196.3800 0 3 {@L}C5
20  38.89238600 -006.82210300 56.3800 0 3 {@L}C5N
20  38.89256600 -006.82244500 16.3700 0 3 {@L}C5N
20  38.89031400 -006.82458700 325.7500 0 3 {@Y}{^u}T6{@L}T5
20  38.89020900 -006.82412100 51.3800 0 3 {@Y}{^u}C5N{@L}C5
20  38.89033900 -006.82436800 11.3700 0 3 {@L}C5){@Y}C5N{^u}
20  38.88689300 -006.81812400 223.5100 0 3 {@Y}{^ld}T2|{^lu}C12|T3{^ru}
20  38.88710600 -006.81826100 263.5100 0 3 {@Y}{^ld}T2|{^lu}C12|{@Y}T3{^ru}
20  38.88645800 -006.81885300 346.9000 0 3 {@Y}{^lu}T3|C3{^ru}|T2{^rd}
20  38.88643400 -006.81856000 26.9000 0 3 {@Y}{^lu}T3|C3{^ru}|T2{^rd}
20  38.88801800 -006.82028000 86.9800 0 3 {@L}C4
20  38.88835000 -006.82052100 46.9800 0 3 {@L}C4
20  38.88906000 -006.81836500 46.9800 0 3 {@L}C4{@R}_13-31_
20  38.88933800 -006.81845900 145.7500 0 3 {@Y}C4{^rd}
20  38.88651500 -006.81831300 286.3500 0 3 {@Y}{^ld}C12|T3{^u}|C3{^rd}
20  38.88670500 -006.81814500 326.3500 0 3 {@Y}{^ld}C12|{^u}T3|C3{^rd}
20  38.88710100 -006.81884000 104.9400 0 3 {@Y}{^lu}C3|T2{^u}|C12{^ru}
20  38.88690800 -006.81902100 144.9400 0 3 {@Y}{^lu}C3|{^u}T2|C12{^ru}
20  38.88768100 -006.82040100 284.9400 0 3 {@Y}T4{^u}|C4{^rd}
20  38.88787100 -006.82022200 324.9400 0 3 {@Y}{^u}T4|C4{^rd}
20  38.88833800 -006.82104600 105.8500 0 3 {@Y}{^lu}C4|T3{^u}
20  38.88814500 -006.82123300 145.8500 0 3 {@Y}{^lu}C4|{^u}T3
20  38.88406200 -006.81939800 88.3700 0 3 {@Y}{^l}C12
20  38.88416900 -006.81918400 345.3900 0 3 {@L}C12
20  38.88413900 -006.81888400 25.3900 0 3 {@L}C12
20  38.88389400 -006.81871600 308.3900 0 3 {@Y}C12{^r}
20  38.88967700 -006.82455700 338.8800 0 3 {@Y}{^lu}T5|C5{^ru}|T4{^rd}
20  38.88967400 -006.82426200 18.8800 0 3 {@Y}{^lu}T5|C5{^ru}|T4{^rd}
20  38.88974500 -006.82409100 285.8500 0 3 {@Y}{^ld}C13|T5{^u}|C5{^r}
20  38.88994000 -006.82392100 325.8500 0 3 {@Y}{^ld}C13|{^u}T5|C5{^r}
20  38.88508700 -006.82308700 295.8400 0 3 {@L}C13
20  38.88524800 -006.82286400 335.8400 0 3 {@L}C13
20  38.88871400 -006.81817100 86.9800 0 3 {@R}_13-31_{@L}C4
20  38.88908700 -006.81828100 266.9800 0 3 {@L}C4
20  38.88874300 -006.81808700 226.9800 0 3 {@L}C4
20  38.88706300 -006.81876600 324.9500 0 3 {@Y}{^u}T4{@L}T3
20  38.88686500 -006.81894600 284.9400 0 3 {@L}T3{@Y}T4{^u}
20  38.88810300 -006.82116000 285.8500 0 3 {@L}T4{@Y}T5{^u}
20  38.88829800 -006.82097500 325.8500 0 3 {@Y}{^u}T5{@L}T4
20  38.89012600 -006.82477400 285.7500 0 3 {@L}T5{@Y}T6{^u}
20  38.88978400 -006.82416300 145.8500 0 3 {@Y}{^u}T3{@L}T4
20  38.88998200 -006.82399400 105.8500 0 3 {@L}T4{@Y}T3{^u}
20  38.88974500 -006.82426400 158.8800 0 3 {@L}C8
20  38.88974600 -006.82455500 198.8800 0 3 {@L}C13
20  38.88791300 -006.82029600 104.9400 0 3 {@L}T3{@Y}T2{^u}
20  38.88772200 -006.82047400 144.9400 0 3 {@Y}{^u}T2{@L}T3
20  38.88798500 -006.82099800 239.3500 0 3 {@Y}{^l}T3|T4{^r}
20  38.88674800 -006.81821700 106.3500 0 3 {@L}T2{@Y}T1{^u}
20  38.88655700 -006.81838700 146.3500 0 3 {@Y}{^u}T1{@L}T2
20  38.88686200 -006.81820300 83.5100 0 3 {@L}C3
20  38.88707400 -006.81834100 43.5100 0 3 {@L}C3
20  38.88650500 -006.81854900 166.9000 0 3 {@L}C12
20  38.88652900 -006.81884200 206.9000 0 3 {@L}C12
14  38.88333200 -006.81665800  47.41 0 Talavera_La_Real_AB Tower
15  38.89442000 -006.82052900 215.26 GA_Ramp_2
15  38.88430700 -006.82193400 163.20 GA_Ramp_21
15  38.88404500 -006.82083500 163.20 GA_Ramp_24
15  38.88395400 -006.82045700 163.20 GA_Ramp_25
15  38.88386300 -006.82008700 163.20 GA_Ramp_26
15  38.89431000 -006.82032000 215.30 GA_Ramp_3
15  38.88350800 -006.81861700 163.20 GA_Ramp_30
15  38.88341800 -006.81825000 163.20 GA_Ramp_31
15  38.89421700 -006.82014800 215.30 GA_Ramp_4
15  38.89412600 -006.81997800 215.30 GA_Ramp_5
15  38.89367600 -006.81966100 304.50 Gate_1
15  38.88383100 -006.82289200 196.50 Mil_Cargo_Ramp_11
15  38.88362000 -006.82199800 163.20 Military_Ramp_12
15  38.88308300 -006.81978500 163.20 Military_Ramp_15
15  38.88269900 -006.81832000 163.20 Military_Ramp_17
19  38.88416700 -006.81008900 1 Windsock
19  38.88416700 -006.81008900 1 Windsock
54 12210 BADAJOZ TWR
99
