I
1000	# Converted by FS2XPlane 3.26


1      925 0 0 LEVG Villanueva de Gallego
100  24.00  1 1 0.25 0 0 0 32   41.78450510   -0.84711279   0.0   0.0 2  0 0 0 14   41.79206890   -0.85683121   0.0   0.0 2  0 0 0
102  H1  41.78731200   -0.84942300  45.88 20.00 20.00 01 00 00 0.25 0
14    41.78692900   -0.85092400   59 0 Villanueva de Gallego Tower

1300  41.78622400   -0.84809500 225.63 misc props|helos GA Ramp  1

1300  41.78600600   -0.84783300 225.86 misc props|helos GA Ramp  2

1300  41.78579500   -0.84757000 225.20 misc props|helos GA Ramp  3

1300  41.78557800   -0.84730200 226.22 misc props|helos GA Ramp  4

1300  41.78536900   -0.84704000 226.01 misc props|helos GA Ramp  5

1300  41.78510200   -0.84663000 256.48 misc props|helos GA Ramp  6

1300  41.78424800   -0.84553800 254.16 misc props|helos GA Ramp  7

20    41.79182300   -0.85631300 225.00 0 3 {@Y}14
20    41.78477700   -0.84720500 225.00 0 3 {@Y}32
20    41.78631900   -0.84843600  45.00 0 5 {@Y}AVIACION_GENERAL_LEVG
20    41.78646700   -0.84861600  45.00 0 3 {@Y}RESTAURANTE
20    41.78703100   -0.84932800  45.00 0 3 {@Y}HELIPUERTO_LEVG

110  01 0.25 136.18 Taxiway
112   41.78769100   -0.84757000  41.78760600   -0.84768300 53 102
111   41.78673100   -0.84883600 
111   41.78660500   -0.84866500 53 102
111   41.78775100   -0.84715200 53 102
111   41.78875600   -0.84589300 
111   41.78887200   -0.84605900 53 102
111   41.78888700   -0.84604100 
111   41.79039100   -0.84825100 
111   41.79034500   -0.84830800 
111   41.78884800   -0.84610800 53 102
111   41.78806600   -0.84708600 53 102
112   41.78804900   -0.84740500  41.78812500   -0.84750800 53 102
112   41.78857500   -0.84812000  41.78865100   -0.84822300 53 102
112   41.78861300   -0.84837700  41.78856200   -0.84844600 53 102
111   41.78789600   -0.84935900 
111   41.78781900   -0.84925800 53 102
112   41.78842400   -0.84842900  41.78847400   -0.84836000 53 102
112   41.78838500   -0.84817100  41.78830900   -0.84806800 53 102
114   41.78793300   -0.84755600  41.78785700   -0.84745300 53 102

110  01 0.25 136.18 Taxiway
111   41.78940500   -0.84952700 
111   41.79196100   -0.84635100 
111   41.79201000   -0.84642200 
111   41.78945500   -0.84959700 
111   41.78907500   -0.85008200 
113   41.78902500   -0.85001200 

110  01 0.25 136.18 Taxiway
111   41.78530200   -0.84739300 
112   41.78524800   -0.84732500  41.78521200   -0.84727900 
112   41.78517800   -0.84719900  41.78516700   -0.84716100 
112   41.78509900   -0.84723100  41.78505800   -0.84729000 
111   41.78503600   -0.84732000 53
112   41.78498700   -0.84739300  41.78495400   -0.84744200 53
112   41.78509400   -0.84766600  41.78519800   -0.84779900 
111   41.78509400   -0.84766600
111   41.78487200   -0.84778200
112   41.78487200   -0.84778200  41.78476800   -0.84764900 
112   41.78478800   -0.84747400  41.78483600   -0.84740200 
111   41.78495600   -0.84722200 
112   41.78504200   -0.84710000  41.78509100   -0.84703000 
111   41.78509900   -0.84694200 
111   41.78508200   -0.84688800 
111   41.78517200   -0.84680400 
111   41.78520100   -0.84689300 
112   41.78520100   -0.84689300  41.78522000   -0.84695200 
111   41.78523000   -0.84698200 
112   41.78524500   -0.84703300  41.78525500   -0.84706800 
111   41.78526000   -0.84708500 
111   41.78527400   -0.84706600 
111   41.78535200   -0.84717000 
112   41.78533500   -0.84719300  41.78532400   -0.84720800 
112   41.78532700   -0.84722700  41.78533300   -0.84723500 102
112   41.78540300   -0.84714900  41.78544700   -0.84708900 102
111   41.78546800   -0.84705900 
111   41.78554700   -0.84716200 102
112   41.78548200   -0.84725100  41.78543800   -0.84731000 102
112   41.78543100   -0.84735900  41.78544000   -0.84737200 102
112   41.78546400   -0.84735200  41.78547700   -0.84733500 102
111   41.78548200   -0.84732600 
111   41.78556000   -0.84742800 102
112   41.78554200   -0.84745300  41.78553100   -0.84747000 102
112   41.78554100   -0.84750000  41.78555200   -0.84751400 102
112   41.78562100   -0.84742800  41.78566400   -0.84736600 102
111   41.78568600   -0.84733500 
111   41.78576700   -0.84743600 102
112   41.78570200   -0.84752900  41.78565800   -0.84759100 102
112   41.78564600   -0.84763500  41.78565300   -0.84764400 102
112   41.78567900   -0.84761900  41.78569400   -0.84759900 102
111   41.78570100   -0.84758900 
111   41.78577900   -0.84769300 102
111   41.78575800   -0.84772200 102
111   41.78577600   -0.84776800 102
111   41.78590100   -0.84760000 
111   41.78597700   -0.84770200 
111   41.78585500   -0.84786600 102
111   41.78588900   -0.84788600 102
111   41.78591200   -0.84785600 
111   41.78599000   -0.84796000 102
112   41.78596700   -0.84798900  41.78595200   -0.84800800 102
112   41.78596000   -0.84803700  41.78597000   -0.84805000 102
112   41.78604600   -0.84795700  41.78609300   -0.84789000 102
111   41.78611600   -0.84785800 
111   41.78619600   -0.84795900 102
112   41.78612500   -0.84805900  41.78607800   -0.84812500 102
112   41.78606700   -0.84817400  41.78607500   -0.84818500 102
112   41.78610200   -0.84815800  41.78611700   -0.84813700 102
111   41.78612400   -0.84812500 
111   41.78620400   -0.84822700 102
112   41.78618100   -0.84825900  41.78616600   -0.84828100 102
112   41.78623600   -0.84839200  41.78628800   -0.84845900 102
111   41.78670900   -0.84899500 102
111   41.78740100   -0.84988400 
111   41.78752800   -0.84970700 
111   41.78760200   -0.84960200 
111   41.78768200   -0.84970000 
111   41.78760700   -0.84980500 
111   41.78755400   -0.84988000 
111   41.78755700   -0.85008200 
111   41.78913200   -0.85210100 102
112   41.78928300   -0.85209500  41.78933100   -0.85202300 102
111   41.78943500   -0.85186600 
111   41.78950700   -0.85175800 
111   41.78933300   -0.85223800 
111   41.78931100   -0.85227100 
112   41.78931100   -0.85227100  41.78929600   -0.85229300 
112   41.78936700   -0.85240400  41.78941900   -0.85247100 
111   41.79057100   -0.85394500 102
112   41.79098200   -0.85447200  41.79103500   -0.85454000 102
112   41.79113700   -0.85447200  41.79118800   -0.85440400 102
111   41.79127900   -0.85428100 
111   41.79135500   -0.85438300 
112   41.79121400   -0.85457300  41.79116300   -0.85464100 
112   41.79121600   -0.85477500  41.79126800   -0.85484200 
112   41.79203800   -0.85583300  41.79209000   -0.85590000 53
112   41.79204000   -0.85603500  41.79198900   -0.85610300 53
111   41.79194500   -0.85616300 
112   41.79186600   -0.85628000  41.79181800   -0.85635100 
112   41.79167900   -0.85638800  41.79160200   -0.85638900 
112   41.79140700   -0.85618900  41.79130300   -0.85605500 
111   41.79140700   -0.85618900
111   41.79152900   -0.85594500
112   41.79152900   -0.85594500  41.79163300   -0.85607900 
112   41.79174800   -0.85614600  41.79179000   -0.85614600 
112   41.79184000   -0.85610400  41.79185900   -0.85607700 
111   41.79186700   -0.85606300 53
112   41.79191500   -0.85599900  41.79194600   -0.85595600 53
112   41.79188400   -0.85583500  41.79183200   -0.85576800 53
111   41.79102300   -0.85472900 102
112   41.79059200   -0.85417600  41.79053900   -0.85410800 102
112   41.79040600   -0.85409000  41.79033500   -0.85410100 102
112   41.79023100   -0.85411700  41.79016000   -0.85412800 
112   41.79028000   -0.85433400  41.79038400   -0.85446800 
111   41.79028000   -0.85433400
111   41.78985900   -0.85419300 
111   41.78986800   -0.85380200
112   41.78986800   -0.85380200  41.78997100   -0.85393600 
112   41.79013000   -0.85398700  41.79020100   -0.85397600 
112   41.79030500   -0.85396000  41.79037600   -0.85394900 
112   41.79033400   -0.85384400  41.79028200   -0.85377700 
111   41.78917600   -0.85236100 102
111   41.78858900   -0.85160800 
111   41.78848100   -0.85176400 
112   41.78843600   -0.85183000  41.78840600   -0.85187400 
112   41.78854600   -0.85209700  41.78864900   -0.85223100 
111   41.78854600   -0.85209700
111   41.78820500   -0.85205700 
111   41.78815800   -0.85159600
112   41.78815800   -0.85159600  41.78826200   -0.85172900 
112   41.78835800   -0.85173100  41.78838700   -0.85168800 
111   41.78840100   -0.85166600 
111   41.78845500   -0.85158700 
111   41.78843200   -0.85140800 
111   41.78828700   -0.85122100 102
111   41.78678500   -0.84929700 102
112   41.78668800   -0.84933800  41.78667600   -0.84943300 102
111   41.78666100   -0.84954200 
112   41.78665800   -0.84960000  41.78665500   -0.84963900 
112   41.78681000   -0.84985900  41.78691400   -0.84999200 
111   41.78681000   -0.84985900
111   41.78651800   -0.84988500 
111   41.78639700   -0.84933000
112   41.78639700   -0.84933000  41.78650100   -0.84946300 
111   41.78655300   -0.84953000 
111   41.78655300   -0.84952400 
112   41.78659400   -0.84921600  41.78660700   -0.84912100 
112   41.78653500   -0.84897400  41.78648300   -0.84890700 
111   41.78604500   -0.84834600 
111   41.78594100   -0.84821200 
111   41.78583000   -0.84807000 
111   41.78576600   -0.84798600 
111   41.78576200   -0.84799000 
111   41.78568600   -0.84788800 
111   41.78568600   -0.84788800 
111   41.78562200   -0.84780400 
111   41.78552300   -0.84767600 
113   41.78541100   -0.84753300 

110  02 0.25 136.18 Taxiway
111   41.78818400   -0.84875800 
111   41.78815900   -0.84879200 
111   41.78746300   -0.84787300 
113   41.78748800   -0.84783900 

110  02 0.25 136.18 Taxiway
111   41.78904000   -0.84989700 
111   41.78901500   -0.84993100 
111   41.78823700   -0.84889800 
113   41.78826200   -0.84886400 

110  04 0.25 136.18 Taxiway
112   41.78448200   -0.84547000  41.78446200   -0.84543000 
111   41.78428200   -0.84506100 
111   41.78432700   -0.84502100 
112   41.78452400   -0.84542400  41.78454400   -0.84546400 
112   41.78459100   -0.84553600  41.78461600   -0.84557100 
111   41.78504200   -0.84616500 
111   41.78548600   -0.84667700 
111   41.78693200   -0.84482500 
111   41.78695600   -0.84486000 
111   41.78551400   -0.84670600 
111   41.78569800   -0.84691700 
111   41.78651500   -0.84791000 
111   41.78678300   -0.84755200 
111   41.78724600   -0.84696300 
111   41.78728300   -0.84701500 
111   41.78682100   -0.84760400 
111   41.78655600   -0.84795800 
111   41.78686000   -0.84832700 
111   41.78682400   -0.84838100 
111   41.78651600   -0.84801000 
111   41.78648400   -0.84805500 
111   41.78624400   -0.84832900 
111   41.78620900   -0.84827400 
111   41.78644800   -0.84800100 
111   41.78647700   -0.84796100 
111   41.78566200   -0.84697100 
111   41.78500400   -0.84621700 
114   41.78454900   -0.84558200  41.78452400   -0.84554700 

120  Centreline for Taxi
111   41.78673200   -0.84866600 51
112   41.78768487   -0.84740814  41.78777029   -0.84729538 51
112   41.78794440   -0.84707444  41.78803200   -0.84696473 51
115   41.78875200   -0.84606300

120  Centreline for Taxi
111   41.78789500   -0.84925700 51
112   41.78851852   -0.84840335  41.78856884   -0.84833445 51
112   41.78848033   -0.84814557  41.78840454   -0.84804262 51
112   41.78792667   -0.84739343  41.78785089   -0.84729048 51
116   41.78769769   -0.84739122  41.78762081   -0.84749270

120  Centreline for Path
112   41.78622400   -0.84809500  41.78618400   -0.84814900 51
116   41.78612300   -0.84823500  41.78609567   -0.84827433

120  Centreline for Path
112   41.78600600   -0.84783300  41.78596933   -0.84788300 51
116   41.78590900   -0.84796300  41.78588100   -0.84799967

120  Centreline for Path
112   41.78579500   -0.84757000  41.78575833   -0.84761733 51
116   41.78569950   -0.84769650  41.78567250   -0.84773350

120  Centreline for Path
112   41.78557800   -0.84730200  41.78554000   -0.84735200 51
116   41.78548450   -0.84742900  41.78546017   -0.84746367

120  Centreline for Path
112   41.78536900   -0.84704000  41.78533167   -0.84709200 51
116   41.78527650   -0.84716650  41.78525217   -0.84719883

120  Centreline for Path
112   41.78510200   -0.84663000  41.78505800   -0.84669333 51
112   41.78508150   -0.84678550  41.78511183   -0.84682583 51
116   41.78515350   -0.84692800  41.78517117   -0.84698267

120  Centreline for Path
112   41.78424800   -0.84553800  41.78422067   -0.84559333 51
112   41.78428473   -0.84572457  41.78433655   -0.84579362 51
112   41.78451127   -0.84602643  41.78456309   -0.84609548 51
112   41.78466677   -0.84623352  41.78471862   -0.84630254 51
112   41.78495823   -0.84662148  41.78501008   -0.84669049 51
116   41.78508150   -0.84678550  41.78511183   -0.84682583

120  Centreline for Taxi
111   41.79127900   -0.85438300 51
112   41.79113720   -0.85457359  41.79108640   -0.85464186 51
112   41.79113885   -0.85477614  41.79119075   -0.85484290 51
112   41.79196115   -0.85583386  41.79201305   -0.85590062 51
112   41.79197250   -0.85602350  41.79192817   -0.85608317 51
116   41.79185450   -0.85618950  41.79182017   -0.85624050

120  Centreline for Taxi
111   41.78576200   -0.84788800 51
115   41.78590100   -0.84770200

120  Centreline for Taxi
111   41.78611800   -0.84796200 51
112   41.78605340   -0.84805336  41.78600313   -0.84812445 51
112   41.78592250   -0.84808900  41.78588550   -0.84804167 51
116   41.78590900   -0.84796300  41.78593700   -0.84792633

120  Centreline for Taxi
111   41.78568900   -0.84743900 51
112   41.78563484   -0.84751667  41.78558495   -0.84758822 51
112   41.78560950   -0.84768800  41.78564250   -0.84773067 51
112   41.78573707   -0.84785183  41.78578911   -0.84791839 51
112   41.78578893   -0.84791817  41.78584098   -0.84798472 51
116   41.78590900   -0.84796300  41.78593700   -0.84792633

120  Centreline for Taxi
111   41.78546900   -0.84716300 51
112   41.78541567   -0.84723602  41.78536456   -0.84730601 51
112   41.78528950   -0.84727800  41.78525650   -0.84723600 51
112   41.78521000   -0.84711250  41.78519000   -0.84704417 51
112   41.78510589   -0.84711512  41.78505649   -0.84718520 51
112   41.78507011   -0.84716588  41.78502070   -0.84723596 51
112   41.78492403   -0.84737875  41.78487604   -0.84745058 51
112   41.78489897   -0.84741625  41.78485099   -0.84748808 51
116   41.78498318   -0.84772360  41.78508730   -0.84785667

120  Centreline for Taxi
112   41.78515350   -0.84692800  41.78517117   -0.84698267 51
116   41.78510589   -0.84711512  41.78505649   -0.84718520

120  Centreline for Taxi
112   41.78643682   -0.84958140  41.78654094   -0.84971447 51
112   41.78660000   -0.84965700  41.78660467   -0.84957433 51
112   41.78662580   -0.84939055  41.78663833   -0.84929558 51
112   41.78665220   -0.84919045  41.78666473   -0.84909548 51
112   41.78675021   -0.84914954  41.78680302   -0.84921724 51
112   41.78913479   -0.85220646  41.78918760   -0.85227415 51
112   41.78929200   -0.85240794  41.78934399   -0.85247456 51
112   41.79045500   -0.85389806  41.79050700   -0.85396469 51
112   41.79061215   -0.85409964  41.79066492   -0.85416739 51
112   41.79098185   -0.85457436  41.79103462   -0.85464212 51
116   41.79113885   -0.85477614  41.79119075   -0.85484290

120  Centreline for Taxi
112   41.78812437   -0.85175263  41.78822812   -0.85188621 51
112   41.78835248   -0.85184586  41.78840080   -0.85177443 51
112   41.78836852   -0.85182214  41.78841684   -0.85175071 51
112   41.78851350   -0.85161000  41.78856183   -0.85154000 51
112   41.78850806   -0.85140499  41.78845610   -0.85133831 51
112   41.78748094   -0.85008701  41.78742898   -0.85002034 51
112   41.78747746   -0.84988232  41.78752710   -0.84981254 51
112   41.78756754   -0.84975568  41.78761718   -0.84968589 51
116   41.78764200   -0.84965100  41.78764200   -0.84965100

120  Centreline for Taxi
112   41.78977860   -0.85388831  41.78988220   -0.85402210 51
112   41.79004118   -0.85407272  41.79011264   -0.85406186 51
112   41.79042582   -0.85401428  41.79049727   -0.85400343 51
116   41.79061215   -0.85409964  41.79066492   -0.85416739

120  Centreline for Taxi
112   41.78929200   -0.85240794  41.78924000   -0.85234131 51
112   41.78928577   -0.85220000  41.78933362   -0.85212799 51
112   41.78934823   -0.85210600  41.78939608   -0.85203400 51
116   41.78942000   -0.85199800  41.78942000   -0.85199800

120  Centreline for Taxi
112   41.78521000   -0.84711250  41.78523000   -0.84718083 51
116   41.78527650   -0.84716650  41.78530083   -0.84713417

120  Centreline for Taxi
112   41.78592250   -0.84808900  41.78595950   -0.84813633 51
112   41.78603000   -0.84822700  41.78606467   -0.84827167 51
112   41.78616003   -0.84839389  41.78621205   -0.84846048 51
112   41.78659297   -0.84894811  41.78664499   -0.84901470 51
116   41.78675021   -0.84914954  41.78680302   -0.84921724

120  Centreline for Taxi
112   41.78603000   -0.84822700  41.78606467   -0.84827167 51
116   41.78612300   -0.84823500  41.78615033   -0.84819567

120  Centreline for Taxi
112   41.78573707   -0.84785183  41.78568502   -0.84778528 51
116   41.78569950   -0.84769650  41.78572650   -0.84765950

120  Centreline for Taxi
112   41.78560950   -0.84768800  41.78557650   -0.84764533 51
112   41.78550400   -0.84755250  41.78546667   -0.84750483 51
116   41.78548450   -0.84742900  41.78550883   -0.84739433

120  Centreline for Taxi
112   41.78528950   -0.84727800  41.78532250   -0.84732000 51
112   41.78539350   -0.84741100  41.78542983   -0.84745767 51
116   41.78550400   -0.84755250  41.78554133   -0.84760017

120  Centreline for Taxi
112   41.78515350   -0.84692800  41.78517117   -0.84698267 51
116   41.78521000   -0.84711250  41.78523000   -0.84718083

120  Centreline for Taxi
112   41.78794440   -0.84707444  41.78785680   -0.84718415 51
116   41.78792667   -0.84739343  41.78800246   -0.84749638

120  Centreline for Taxi
112   41.78527650   -0.84716650  41.78525217   -0.84719883 51
116   41.78528950   -0.84727800  41.78532250   -0.84732000

120  Centreline for Taxi
112   41.78660000   -0.84965700  41.78659533   -0.84973967 51
116   41.78674863   -0.84998137  41.78685238   -0.85011495

120  Centreline for Taxi
112   41.79008953   -0.85428953  41.78998584   -0.85415584 51
116   41.79004118   -0.85407272  41.79011264   -0.85406186

120  Centreline for Taxi
112   41.78835248   -0.85184586  41.78830416   -0.85191729 51
116   41.78843540   -0.85215369  41.78853901   -0.85228749

120  Centreline for Path
112   41.78495823   -0.84662148  41.78501008   -0.84669049 51
116   41.78510200   -0.84663000  41.78514600   -0.84656667

120  Centreline for Taxi
112   41.79113719   -0.85457359  41.79108640   -0.85464186 51
116   41.79098185   -0.85457436  41.79092908   -0.85450661

120  Centreline for Taxi
112   41.79042582   -0.85401428  41.79049727   -0.85400343 51
116   41.79045500   -0.85389806  41.79040301   -0.85383144

120  Centreline for Taxi
112   41.78928577   -0.85220000  41.78923792   -0.85227200 51
116   41.78913479   -0.85220646  41.78908198   -0.85213876

120  Centreline for Taxi
112   41.78665220   -0.84919045  41.78666473   -0.84909548 51
116   41.78659297   -0.84894811  41.78654095   -0.84888152

120  Centreline for Taxi
112   41.78592250   -0.84808900  41.78588550   -0.84804167 51
116   41.78578894   -0.84791817  41.78573689   -0.84785161

120  Centreline for Taxi
112   41.78605340   -0.84805336  41.78600313   -0.84812445 51
116   41.78603000   -0.84822700  41.78606467   -0.84827167

120  Centreline for Taxi
112   41.78616003   -0.84839389  41.78610801   -0.84832730 51
116   41.78612300   -0.84823500  41.78615033   -0.84819567

120  Centreline for Taxi
112   41.78569950   -0.84769650  41.78567250   -0.84773350 51
116   41.78560950   -0.84768800  41.78557650   -0.84764533

120  Centreline for Taxi
112   41.78563484   -0.84751667  41.78558495   -0.84758822 51
116   41.78550400   -0.84755250  41.78546667   -0.84750483

120  Centreline for Taxi
112   41.78548450   -0.84742900  41.78546017   -0.84746367 51
116   41.78539350   -0.84741100  41.78535717   -0.84736433

120  Centreline for Taxi
112   41.78539350   -0.84741100  41.78535717   -0.84736433 51
116   41.78541567   -0.84723602  41.78546679   -0.84716603

120  Taxi hold short
111   41.79194106   -0.85615978 54
115   41.79187094   -0.85606622

120  Taxi hold short
111   41.78495914   -0.84722679 54
115   41.78503286   -0.84731521

120  GA Ramp  1
111   41.78620455   -0.84806912 51
115   41.78624345   -0.84812088

120  GA Ramp  2
111   41.78598645   -0.84780726 51
115   41.78602555   -0.84785874

120  GA Ramp  3
111   41.78577598   -0.84754355 51
115   41.78581402   -0.84759645

120  GA Ramp  4
111   41.78555879   -0.84727579 51
115   41.78559721   -0.84732821

120  GA Ramp  5
111   41.78534925   -0.84701453 51
115   41.78538875   -0.84706547

120  GA Ramp  6
111   41.78508194   -0.84660497 51
115   41.78512206   -0.84665503

120  GA Ramp  7
111   41.78422514   -0.84551772 51
115   41.78427086   -0.84555828

110  02 0.25 136.18 Apron
111   41.79180600   -0.85639400
111   41.79169000   -0.85625700
111   41.79202900   -0.85582500
113   41.79213700   -0.85597400

110  02 0.25 136.18 Apron
111   41.79198400   -0.85692600
111   41.78444900   -0.84722500
111   41.78458400   -0.84704100
113   41.79211600   -0.85674600

110  02 0.25 136.18 Apron
111   41.78523700   -0.84711300
111   41.78492700   -0.84753000
111   41.78478500   -0.84734200
113   41.78509100   -0.84692000

110  02 0.25 136.18 Apron
111   41.78665400   -0.84976400
111   41.78653100   -0.84956200
111   41.78660900   -0.84895600
113   41.78673300   -0.84908900

110  02 0.25 136.18 Apron
111   41.78746800   -0.85001600
111   41.78738000   -0.84987500
111   41.78759000   -0.84959400
113   41.78768500   -0.84971300

110  01 0.25 136.18 Apron
111   41.79216300   -0.85548600
111   41.78680100   -0.84872900
111   41.78709100   -0.84832500
113   41.79241100   -0.85515500

110  02 0.25 136.18 Apron
111   41.78839900   -0.85190600
111   41.78830900   -0.85178300
111   41.78851400   -0.85146900
113   41.78861000   -0.85159500

110  02 0.25 136.18 Apron
111   41.79015600   -0.85419800
111   41.78992100   -0.85392400
111   41.79040300   -0.85386000
113   41.79061400   -0.85415600

110  02 0.25 136.18 Apron
111   41.79115500   -0.85465400
111   41.79107400   -0.85453700
111   41.79124800   -0.85430600
113   41.79133900   -0.85441800

110  02 0.25 136.18 Apron
111   41.78931700   -0.85227200
111   41.78922100   -0.85215200
111   41.78936300   -0.85194600
113   41.78946200   -0.85206200

110  02 0.25 136.18 Apron
111   41.78731300   -0.84963600
111   41.78714600   -0.84942800
111   41.78730700   -0.84920700
113   41.78747300   -0.84942000

110  01 0.25 136.18 Apron
111   41.79184700   -0.85640100
111   41.79170400   -0.85659900
111   41.78454300   -0.84736800
113   41.78470300   -0.84714800

110  01 0.25 136.18 Apron
111   41.78848400   -0.84764700
111   41.78811600   -0.84713800
111   41.78874300   -0.84636300
113   41.78910500   -0.84688000

110  01 0.25 136.18 Apron
111   41.78721200   -0.84742400
111   41.78711400   -0.84728000
111   41.78737200   -0.84694700
113   41.78747000   -0.84709100

110  01 0.25 136.18 Apron
111   41.78706200   -0.84756300
111   41.78699100   -0.84746500
111   41.78711700   -0.84730400
113   41.78717900   -0.84740700

110  02 0.25 136.18 Apron
111   41.78425100   -0.84550200
111   41.78434300   -0.84539000
111   41.78482600   -0.84603000
113   41.78474100   -0.84611800

110  02 0.25 136.18 Apron
111   41.78485400   -0.84624700
111   41.78492400   -0.84614900
111   41.78542900   -0.84678500
113   41.78536700   -0.84686700

110  02 0.25 136.18 Apron
111   41.78633000   -0.84791600
111   41.78626200   -0.84800500
111   41.78557100   -0.84712100
113   41.78563600   -0.84703700

110  01 0.25 136.18 Apron
111   41.78424500   -0.84549000
111   41.78632100   -0.84807600
111   41.78614300   -0.84832200
111   41.78411600   -0.84562700
113   41.78421900   -0.84547900

110  02 0.25 136.18 Apron
111   41.78635500   -0.84826900
111   41.78643100   -0.84817100
111   41.78648800   -0.84824500
113   41.78641100   -0.84835000

110  02 0.25 136.18 Apron
111   41.78874543   -0.84636078
111   41.78869900   -0.84629400
111   41.78884000   -0.84612500
111   41.78935600   -0.84689300
111   41.78904400   -0.84728500
111   41.78898500   -0.84720500
111   41.78840600   -0.84790300
111   41.78793200   -0.84724400
113   41.78869900   -0.84630000
111   41.78874783   -0.84636417
111   41.78811800   -0.84713500
111   41.78848500   -0.84763900
113   41.78909900   -0.84688000

120  Apron edge
111   41.79201200   -0.85461600 102
115   41.79197400   -0.85465000


99
