I
1000 Generated by WorldEditor

1   3484 0 0 LEJY Jayena
100 30.00 4 0 0.00 0 0 0 8  36.93033410 -003.84202671    0    0 1 0 0 0 26  36.93113388 -003.82913552    0    0 1 0 0 0
110 4 0.00 117.0000 New Taxiway 2
111  36.93050829 -003.84094432
112  36.93070530 -003.84086988  36.93073047 -003.84084984
112  36.93078768 -003.84069525  36.93078768 -003.84059219
112  36.93069156 -003.84040324  36.93065724 -003.84032595
111  36.93055010 -003.84018489
111  36.93057594 -003.83975600
112  36.93078310 -003.84024293  36.93080370 -003.84030018
112  36.93091812 -003.84073533  36.93092041 -003.84081835
112  36.93079455 -003.84096150  36.93071445 -003.84102734
113  36.93049284 -003.84110726
110 4 0.00 117.0000 New Taxiway 1
111  36.93116426 -003.83032230
112  36.93154301 -003.82968722  36.93158191 -003.82961565
112  36.93150868 -003.82949541  36.93148808 -003.82947251
111  36.93123730 -003.82933175
111  36.93125008 -003.82914399
112  36.93138968 -003.82925779  36.93140570 -003.82926924
112  36.93164370 -003.82948682  36.93171007 -003.82958416
111  36.93163455 -003.82973303
113  36.93115281 -003.83058235
1300  36.93065004 -003.84069379  88.15 misc props New Ramp Start 10
1300  36.93134674 -003.82973599 270.00 misc props New Ramp Start 9
19  36.93058238 -003.84147474 0 New Windsock 8
19  36.93095099 -003.82941069 0 New Windsock 7
99
