I
850	# Converted by FS2XPlane 3.11


1    3477 0 0 LEJY Jayena
100 36.58 01 00 0.25 0 0 0 09   36.933112   -3.840190   0.0   0.0 01 00 0 0 27   36.933552   -3.826478   0.0   0.0 01 00 0 0
102 H1  36.935026   -3.838478   0.00 34.14 34.14 15 00 00 0.25 1

110 04 0.25  87.70 Taxiway
112  36.933356   -3.837789  36.933317   -3.837726 102
111  36.933296   -3.837694 
111  36.933371   -3.837620 53 102
112  36.933437   -3.837725  36.933477   -3.837788 53 102
112  36.933540   -3.837926  36.933569   -3.837997 53 102
112  36.933610   -3.838099  36.933639   -3.838170 53 102
112  36.933682   -3.838321  36.933701   -3.838398 53 102
112  36.933752   -3.838602  36.933771   -3.838679 53 102
112  36.933849   -3.838723  36.933894   -3.838727 
111  36.933849   -3.838723
111  36.933840   -3.838808
112  36.933840   -3.838808  36.933795   -3.838804 53 102
112  36.933695   -3.838873  36.933644   -3.838920 53 102
112  36.933654   -3.838911  36.933603   -3.838958 53 102
112  36.933481   -3.838987  36.933417   -3.838990 53 102
111  36.933329   -3.838995 
111  36.933325   -3.838876 53 102
112  36.933447   -3.838869  36.933511   -3.838866 53 102
112  36.933614   -3.838799  36.933661   -3.838755 53 102
112  36.933656   -3.838619  36.933637   -3.838543 53 102
112  36.933592   -3.838366  36.933573   -3.838290 53 102
112  36.933520   -3.838145  36.933491   -3.838074 53 102
114  36.933458   -3.837990  36.933429   -3.837919 53 102

110 04 0.25  87.70 Taxiway
112  36.934057   -3.827175  36.934025   -3.827244 53 102
111  36.933997   -3.827308 53 102
111  36.933827   -3.827614 53 102
111  36.933695   -3.827813 
111  36.933621   -3.827737 102
111  36.933751   -3.827542 53 102
111  36.933915   -3.827244 53 102
112  36.933973   -3.827117  36.934004   -3.827048 53 102
112  36.933982   -3.826903  36.933957   -3.826830 53 102
112  36.933976   -3.826883  36.933951   -3.826810 53 102
112  36.933866   -3.826699  36.933818   -3.826650 53 102
112  36.933756   -3.826622  36.933731   -3.826620 53 102
111  36.933718   -3.826618 
111  36.933725   -3.826499 53 102
112  36.933779   -3.826504  36.933814   -3.826507 53 102
112  36.933906   -3.826585  36.933955   -3.826636 53 102
112  36.933944   -3.826623  36.933993   -3.826674 53 102
112  36.934056   -3.826809  36.934081   -3.826882 53 102
112  36.934072   -3.826859  36.934097   -3.826932 53 102
112  36.934192   -3.826976  36.934247   -3.826981 
111  36.934192   -3.826976
111  36.934187   -3.827078
114  36.934187   -3.827078  36.934132   -3.827073 53 102

110 05 0.25  87.70 Taxiway
112  36.934499   -3.827105  36.934497   -3.827174 102
111  36.934180   -3.836936 102
111  36.934116   -3.838788 102
111  36.934116   -3.839281 
111  36.934048   -3.839281 102
112  36.934048   -3.838913  36.934048   -3.838856 102
112  36.933980   -3.838821  36.933935   -3.838817 102
112  36.933840   -3.838808  36.933795   -3.838804 53 102
112  36.933695   -3.838873  36.933644   -3.838920 
111  36.933695   -3.838873
111  36.933614   -3.838799
112  36.933614   -3.838799  36.933661   -3.838755 53 102
112  36.933656   -3.838619  36.933637   -3.838543 
111  36.933656   -3.838619
111  36.933752   -3.838602
112  36.933752   -3.838602  36.933771   -3.838679 53 102
112  36.933849   -3.838723  36.933894   -3.838727 102
112  36.933981   -3.838735  36.934026   -3.838739 102
112  36.934052   -3.838655  36.934054   -3.838598 102
111  36.934104   -3.836932 102
112  36.934413   -3.827201  36.934415   -3.827132 102
112  36.934334   -3.827091  36.934279   -3.827086 102
112  36.934187   -3.827078  36.934132   -3.827073 53 102
112  36.934057   -3.827175  36.934025   -3.827244 
111  36.934057   -3.827175
111  36.933973   -3.827117
112  36.933973   -3.827117  36.934004   -3.827048 53 102
112  36.933982   -3.826903  36.933957   -3.826830 
111  36.933982   -3.826903
111  36.934072   -3.826859
112  36.934072   -3.826859  36.934097   -3.826932 53 102
112  36.934192   -3.826976  36.934247   -3.826981 102
114  36.934420   -3.826995  36.934475   -3.827000 102

110 15 0.25  87.70 Apron path
112  36.935138   -3.840671  36.935111   -3.840673 53
111  36.934839   -3.840697 
111  36.934836   -3.840646 53
112  36.935110   -3.840622  36.935137   -3.840619 53
112  36.935168   -3.840571  36.935179   -3.840540 53
112  36.935192   -3.840502  36.935203   -3.840471 53
112  36.935209   -3.840404  36.935209   -3.840370 53
112  36.935209   -3.839327  36.935209   -3.839293 53
112  36.935197   -3.839227  36.935189   -3.839194 53
112  36.935119   -3.838913  36.935111   -3.838880 53
112  36.935107   -3.838813  36.935107   -3.838779 53
111  36.935107   -3.838634 
111  36.935149   -3.838634 53
112  36.935149   -3.838805  36.935149   -3.838839 53
112  36.935161   -3.838905  36.935169   -3.838938 53
112  36.935239   -3.839219  36.935247   -3.839252 53
112  36.935251   -3.839319  36.935251   -3.839353 53
112  36.935251   -3.840414  36.935251   -3.840448 53
112  36.935234   -3.840512  36.935223   -3.840543 53
114  36.935196   -3.840621  36.935185   -3.840652 53

110 15 0.25  87.70 Apron
111  36.935137   -3.840520
111  36.933857   -3.840519
111  36.933857   -3.839247
113  36.935137   -3.839248

15   36.935014   -3.839417 178.69 Gate_1
15   36.935011   -3.839891 178.82 Gate_2
15   36.935000   -3.840354 180.66 Gate_3
15   36.934427   -3.840358  90.11 Gate_4
15   36.933989   -3.840358  90.88 Gate_5


99
