I
1000 Generated by WorldEditor

1   2493 0 0 LEH7 Camaleno-Artanin
100 18.00 3 0 0.25 0 0 0 11  43.17769308 -004.67319546    0    0 0 0 0 0 29  43.17861892 -004.67627054    0    0 0 0 0 0
110 12 0.25 112.4000 Taxiway
112  43.17806900 -004.67531800  43.17805100 -004.67531900
112  43.17800000 -004.67532300  43.17798200 -004.67532400
112  43.17798100 -004.67536000  43.17798600 -004.67538300
111  43.17804100 -004.67562200
111  43.17801500 -004.67563300
111  43.17794200 -004.67531300
112  43.17785000 -004.67486000  43.17784500 -004.67483600
112  43.17783300 -004.67479000  43.17782600 -004.67476700
112  43.17776200 -004.67455300  43.17775500 -004.67453000
112  43.17773800 -004.67448700  43.17772900 -004.67446600
112  43.17767900 -004.67435200  43.17767000 -004.67433100
112  43.17765400 -004.67428600  43.17764700 -004.67426300
112  43.17758300 -004.67406300  43.17757600 -004.67404000
112  43.17756800 -004.67399200  43.17756500 -004.67396700
111  43.17755100 -004.67384600
112  43.17754000 -004.67363500  43.17753900 -004.67361000
112  43.17754100 -004.67356100  43.17754300 -004.67353600
112  43.17756200 -004.67334700  43.17756400 -004.67332200
112  43.17757600 -004.67327600  43.17758300 -004.67325300
112  43.17760600 -004.67318300  43.17761300 -004.67316000
112  43.17763600 -004.67312300  43.17764900 -004.67310600
111  43.17771700 -004.67301600
111  43.17773600 -004.67304200
112  43.17765800 -004.67314500  43.17764500 -004.67316200
112  43.17762800 -004.67320500  43.17762100 -004.67322800
112  43.17760200 -004.67328600  43.17759500 -004.67330900
112  43.17758800 -004.67335700  43.17758600 -004.67338200
112  43.17756900 -004.67356300  43.17756700 -004.67358800
112  43.17756800 -004.67363700  43.17756900 -004.67366200
111  43.17757700 -004.67384200
112  43.17759400 -004.67398300  43.17759700 -004.67400700
112  43.17760900 -004.67405300  43.17761600 -004.67407600
112  43.17767800 -004.67427000  43.17768500 -004.67429300
112  43.17770300 -004.67433600  43.17771200 -004.67435700
112  43.17776200 -004.67447100  43.17777100 -004.67449200
112  43.17778600 -004.67453700  43.17779300 -004.67456000
112  43.17785900 -004.67477800  43.17786600 -004.67480100
112  43.17787600 -004.67484800  43.17788100 -004.67487200
112  43.17795800 -004.67525300  43.17796300 -004.67527700
112  43.17799200 -004.67528700  43.17801000 -004.67528600
112  43.17807700 -004.67528000  43.17809500 -004.67527900
112  43.17812500 -004.67530100  43.17813900 -004.67531600
111  43.17815900 -004.67533700
111  43.17814200 -004.67536600
114  43.17811700 -004.67533900  43.17810300 -004.67532400
110 3 0.25 112.4000 Apron
111  43.17872500 -004.67635500
111  43.17871200 -004.67639800
111  43.17869500 -004.67643100
111  43.17866400 -004.67645800
111  43.17861800 -004.67645600
111  43.17858000 -004.67641500
111  43.17854400 -004.67636500
111  43.17851500 -004.67623400
111  43.17845800 -004.67617600
111  43.17840900 -004.67614100
111  43.17836700 -004.67614100
111  43.17833100 -004.67616700
111  43.17829700 -004.67621100
111  43.17820000 -004.67582800
111  43.17819000 -004.67572200
111  43.17816500 -004.67567400
111  43.17815800 -004.67546200
111  43.17815400 -004.67531700
111  43.17813900 -004.67522900
111  43.17808400 -004.67516300
111  43.17802900 -004.67515800
111  43.17795500 -004.67514500
111  43.17792300 -004.67503000
111  43.17781300 -004.67455400
111  43.17768200 -004.67423700
111  43.17759800 -004.67389000
111  43.17759200 -004.67372200
111  43.17759200 -004.67347600
111  43.17761400 -004.67324500
111  43.17766200 -004.67320200
111  43.17771000 -004.67313600
111  43.17779100 -004.67306500
111  43.17784300 -004.67309600
111  43.17786800 -004.67314900
111  43.17789400 -004.67322400
111  43.17791400 -004.67328600
111  43.17794600 -004.67338700
111  43.17798700 -004.67348800
111  43.17802900 -004.67360800
111  43.17810000 -004.67372600
111  43.17812000 -004.67378000
111  43.17814500 -004.67392400
111  43.17837700 -004.67476700
111  43.17843000 -004.67494700
111  43.17849100 -004.67519400
111  43.17854500 -004.67561500
111  43.17857200 -004.67576800
111  43.17863800 -004.67603000
111  43.17867900 -004.67617500
111  43.17870900 -004.67625000
113  43.17871700 -004.67631000
14  43.17795400 -004.67598800  82.00 0 Camaleno-Artanin Tower
1300  43.17832200 -004.67608000  16.68 misc props|helos GA Ramp  1
1300  43.17826700 -004.67589200  22.83 misc props|helos GA Ramp  2
1300  43.17800100 -004.67502700  16.12 misc props|helos GA Ramp  3
19  43.17805944 -004.67524315 0 New Windsock 1
99
