I
1000 Generated by WorldEditor

1   1781 1 0 LEHC HUESCA / Pirineos
100 45.00 1 1 0.25 1 1 1 12R  42.07067837 -000.30598264    0    0 3 6 0 0 30L  42.08091763 -000.32734336   50    0 3 6 0 0
100 20.00 5 0 0.25 0 0 0 12L  42.07737129 -000.31611315  425    0 1 0 0 0 30R  42.08273471 -000.32730285   60    0 1 0 0 0
110 1 0.25 122.8100 Taxiway
112  42.07148100 -000.30652700  42.07146000 -000.30667000 53
111  42.07144500 -000.30678300 53
112  42.07142800 -000.30689700  42.07141700 -000.30697200 53
112  42.07163000 -000.30746800  42.07177600 -000.30777300
111  42.07163000 -000.30746800
111  42.07138800 -000.30796800
112  42.07138800 -000.30796800  42.07124200 -000.30766300
112  42.07120200 -000.30729700  42.07122400 -000.30715500
111  42.07128700 -000.30674100 53
112  42.07131400 -000.30654700  42.07133300 -000.30641800 53
112  42.07127600 -000.30620000  42.07123200 -000.30609800 53
112  42.07111800 -000.30600900  42.07105700 -000.30598400 53
111  42.07093400 -000.30604500 53
111  42.07084200 -000.30612000
111  42.07061600 -000.30604600
111  42.07075500 -000.30593500
112  42.07075500 -000.30593500  42.07084800 -000.30586100
112  42.07086800 -000.30584600  42.07096100 -000.30577200 53
112  42.07116200 -000.30579900  42.07126500 -000.30584200 53
112  42.07139900 -000.30605100  42.07145300 -000.30617600 53
114  42.07143100 -000.30612500  42.07148500 -000.30625000 53
110 1 0.25 122.8100 Taxiway
112  42.08010400 -000.32683000  42.08012700 -000.32668800 53
111  42.08014900 -000.32655300 53
112  42.08016800 -000.32643700  42.08018100 -000.32635900 53
112  42.07996700 -000.32586200  42.07982000 -000.32555700
111  42.07996700 -000.32586200
111  42.08021400 -000.32537000
112  42.08021400 -000.32537000  42.08036000 -000.32567500
112  42.08039800 -000.32604100  42.08037500 -000.32618300
111  42.08030700 -000.32659900 53
112  42.08027500 -000.32680100  42.08025300 -000.32693600 53
112  42.08030700 -000.32714200  42.08035000 -000.32723500 53
112  42.08047200 -000.32731800  42.08053900 -000.32734300 53
111  42.08066300 -000.32728000 53
111  42.08075500 -000.32720400
111  42.08097900 -000.32727400
111  42.08084100 -000.32738800
112  42.08084100 -000.32738800  42.08074900 -000.32746400
112  42.08073300 -000.32747800  42.08064100 -000.32755400 53
112  42.08043900 -000.32753300  42.08033500 -000.32749400 53
112  42.08042400 -000.32752800  42.08032000 -000.32748900 53
112  42.08018200 -000.32728400  42.08012500 -000.32716100 53
114  42.08015600 -000.32722800  42.08009900 -000.32710500 53
110 1 0.25 122.8100 Taxiway
112  42.08471500 -000.32577700  42.08474500 -000.32575100
112  42.08473100 -000.32567600  42.08471200 -000.32563500
111  42.08368500 -000.32342900
111  42.08373100 -000.32339000
112  42.08480500 -000.32569800  42.08482400 -000.32573900
112  42.08478900 -000.32579900  42.08475900 -000.32582500
111  42.08419400 -000.32631500
113  42.08421000 -000.32621500
110 1 0.25 122.8100 Taxiway
112  42.07820200 -000.32106500  42.07822800 -000.32104400
111  42.08005300 -000.31956600
111  42.08007600 -000.31961800
112  42.07822700 -000.32111600  42.07820100 -000.32113700
112  42.07840800 -000.32160500  42.07855500 -000.32191000
111  42.07840800 -000.32160500
111  42.07783200 -000.32141000
111  42.07794400 -000.32063800
114  42.07794400 -000.32063800  42.07809000 -000.32094300
110 1 0.25 122.8100 Taxiway
112  42.08015600 -000.32241200  42.08009600 -000.32246100 53
111  42.08006500 -000.32248700 53
111  42.07956600 -000.32290000 53
112  42.07932000 -000.32310400  42.07922800 -000.32318000 53
112  42.07940100 -000.32367600  42.07954700 -000.32398100
111  42.07940100 -000.32367600
111  42.07879500 -000.32341700
111  42.07887400 -000.32257700
112  42.07887400 -000.32257700  42.07902100 -000.32288200 53
112  42.07923200 -000.32292100  42.07932400 -000.32284500 53
111  42.07948200 -000.32271400 53
111  42.07998100 -000.32230100 53
112  42.08006900 -000.32222800  42.08012800 -000.32217900 53
112  42.08006100 -000.32195100  42.07999600 -000.32181500
111  42.08006100 -000.32195100
111  42.08021500 -000.32182400
112  42.08021500 -000.32182400  42.08028000 -000.32196000 53
112  42.08041900 -000.32193900  42.08049000 -000.32188000 53
111  42.08052700 -000.32185000 53
111  42.08106200 -000.32140500
111  42.08114800 -000.32159100 53
111  42.08061100 -000.32203600 53
112  42.08050600 -000.32212400  42.08043500 -000.32218200 53
112  42.08049800 -000.32241400  42.08056300 -000.32254900
111  42.08049800 -000.32241400
111  42.08034400 -000.32254100
114  42.08034400 -000.32254100  42.08027900 -000.32240600 53
110 5 0.25 122.8100 Taxiway
112  42.08109300 -000.32343500  42.08119100 -000.32349600
111  42.08232500 -000.32420200
111  42.08221300 -000.32437200
112  42.08125700 -000.32377700  42.08115900 -000.32371600
112  42.08120800 -000.32388900  42.08127300 -000.32402400
111  42.08120800 -000.32388900
111  42.08079900 -000.32348600
111  42.08084800 -000.32314100
114  42.08084800 -000.32314100  42.08091300 -000.32327600
110 1 0.25 122.8100 Apron
111  42.08225600 -000.32039900
111  42.08291200 -000.32179400
111  42.08173000 -000.32279800
113  42.08105100 -000.32138800
110 1 0.25 122.8100 Apron
111  42.08043600 -000.32229700
111  42.08044600 -000.32233800
111  42.08024900 -000.32192500
111  42.08028800 -000.32196100
111  42.08033200 -000.32196400
111  42.08037300 -000.32194700
111  42.08041700 -000.32191600
111  42.08105900 -000.32138200
111  42.08116400 -000.32160600
111  42.08051600 -000.32214700
111  42.08048300 -000.32217700
111  42.08045600 -000.32221100
113  42.08043900 -000.32225500
110 1 0.25 122.8100 Apron
111  42.07928700 -000.32331800
111  42.07930400 -000.32341100
111  42.07932600 -000.32349700
111  42.07935900 -000.32357700
111  42.07890100 -000.32263000
111  42.07896000 -000.32273400
111  42.07902700 -000.32282200
111  42.07909300 -000.32288200
111  42.07916000 -000.32290900
111  42.07922300 -000.32289800
111  42.07928600 -000.32285000
111  42.08009600 -000.32218000
111  42.08013500 -000.32213800
111  42.08015600 -000.32209500
111  42.08016100 -000.32204700
111  42.08015200 -000.32200300
111  42.08013000 -000.32195300
111  42.08035900 -000.32243400
111  42.08033200 -000.32239100
111  42.08030100 -000.32237200
111  42.08026200 -000.32237000
111  42.08022800 -000.32238500
111  42.08019100 -000.32241300
111  42.07938100 -000.32308400
111  42.07933900 -000.32312400
111  42.07930500 -000.32317400
113  42.07929000 -000.32323600
110 1 0.25 122.8100 Apron
111  42.08022600 -000.32739400
111  42.08015700 -000.32727700
111  42.08010200 -000.32712500
111  42.08008000 -000.32695900
111  42.08009700 -000.32675700
111  42.08015100 -000.32642900
111  42.08015500 -000.32638400
111  42.08014900 -000.32633500
111  42.08013600 -000.32628100
111  42.08011500 -000.32621400
111  42.08007800 -000.32611100
111  42.08002800 -000.32599600
111  42.08032400 -000.32661300
111  42.08029100 -000.32681500
111  42.08028200 -000.32693300
111  42.08029700 -000.32706000
111  42.08033600 -000.32715600
111  42.08038700 -000.32723400
111  42.08046500 -000.32729300
111  42.08054200 -000.32730900
111  42.08060000 -000.32729500
111  42.08064100 -000.32727000
111  42.08074900 -000.32749100
111  42.08069700 -000.32752700
111  42.08063500 -000.32755600
111  42.08056600 -000.32757300
111  42.08048000 -000.32756900
111  42.08039600 -000.32754100
113  42.08030800 -000.32748300
110 1 0.25 122.8100 Apron
111  42.07144300 -000.30692900
111  42.07144900 -000.30700000
111  42.07146900 -000.30707700
111  42.07151200 -000.30720000
111  42.07156400 -000.30732300
111  42.07127200 -000.30671500
111  42.07130300 -000.30648200
111  42.07130300 -000.30640400
111  42.07129600 -000.30633100
111  42.07128100 -000.30626900
111  42.07126000 -000.30621000
111  42.07123700 -000.30616200
111  42.07121200 -000.30612000
111  42.07117700 -000.30607500
111  42.07113800 -000.30604400
111  42.07109700 -000.30602500
111  42.07105100 -000.30602000
111  42.07100000 -000.30603200
111  42.07095200 -000.30606000
111  42.07084300 -000.30583800
111  42.07089100 -000.30580600
111  42.07095700 -000.30577200
111  42.07103000 -000.30575500
111  42.07111400 -000.30575900
111  42.07119900 -000.30579100
111  42.07127300 -000.30584100
111  42.07134200 -000.30591700
111  42.07139900 -000.30600900
111  42.07144700 -000.30611300
111  42.07148200 -000.30622400
111  42.07150300 -000.30634800
111  42.07150400 -000.30648400
113  42.07148900 -000.30660800
110 5 0.25 122.8100 Apron
111  42.08075300 -000.32755000
111  42.07029100 -000.30579900
111  42.07069700 -000.30544000
113  42.08113400 -000.32722500
120 Centreline for Path
111  42.07085400 -000.30635300 51
112  42.07081462 -000.30626795  42.07075754 -000.30614465 51
116  42.07086818 -000.30597185  42.07096097 -000.30589775
120 Centreline for Path
111  42.08073400 -000.32695500 51
112  42.08078066 -000.32705463  42.08083822 -000.32717754 51
116  42.08072912 -000.32735309  42.08063721 -000.32742915
120 Centreline for Path
111  42.08221800 -000.32064700 51
112  42.08232476 -000.32088287  42.08238092 -000.32100696 51
112  42.08237750 -000.32109550  42.08235650 -000.32111317 51
112  42.08227750 -000.32117900  42.08223183 -000.32121700 51
112  42.08211100 -000.32131900  42.08204567 -000.32137433 51
112  42.08197050 -000.32143650  42.08194217 -000.32145950 51
112  42.08186500 -000.32151450  42.08182300 -000.32154350 51
112  42.08164027 -000.32156459  42.08153245 -000.32156899 51
112  42.08154673 -000.32156841  42.08143891 -000.32157280 51
112  42.08147467 -000.32175647  42.08153445 -000.32187744 51
115  42.08180600 -000.32242700
120 Centreline for Path
111  42.08201700 -000.32080800 51
112  42.08212530 -000.32104943  42.08218110 -000.32117381 51
116  42.08211100 -000.32131900  42.08204567 -000.32137433
120 Centreline for Path
111  42.08181600 -000.32097700 51
112  42.08192729 -000.32121709  42.08198443 -000.32134036 51
116  42.08211100 -000.32131900  42.08217633 -000.32126367
120 Centreline for Path
111  42.08161400 -000.32114400 51
112  42.08171755 -000.32137204  42.08177385 -000.32149601 51
116  42.08164027 -000.32156459  42.08153245 -000.32156899
120 Centreline for Path
111  42.08264000 -000.32172700 51
112  42.08243463 -000.32130439  42.08237554 -000.32118280 51
116  42.08227750 -000.32117900  42.08223183 -000.32121700
120 Centreline for Path
111  42.08222100 -000.32208300 51
112  42.08201571 -000.32165420  42.08195724 -000.32153207 51
116  42.08186500 -000.32151450  42.08182300 -000.32154350
120 Centreline for Taxi
112  42.07086818 -000.30597185  42.07096097 -000.30589775 51
112  42.07087782 -000.30596415  42.07097061 -000.30589005 51
112  42.07114050 -000.30590400  42.07122283 -000.30593800 51
112  42.07134527 -000.30614348  42.07139946 -000.30626913 51
112  42.07134573 -000.30614452  42.07139991 -000.30627017 51
112  42.07139656 -000.30654708  42.07137627 -000.30668980 51
112  42.07139644 -000.30654792  42.07137615 -000.30669064 51
112  42.07133342 -000.30697551  42.07131169 -000.30711784 51
112  42.07132258 -000.30704649  42.07130086 -000.30718883 51
116  42.07150945 -000.30771779  42.07165574 -000.30802298
120 Centreline for Taxi
112  42.08072912 -000.32735309  42.08063721 -000.32742915 51
112  42.08072088 -000.32735991  42.08062896 -000.32743597 51
112  42.08045150 -000.32742450  42.08036383 -000.32739150 51
112  42.08023800 -000.32719900  42.08018333 -000.32708167 51
112  42.08019032 -000.32680996  42.08021319 -000.32666793 51
112  42.08019368 -000.32678904  42.08021656 -000.32664701 51
112  42.08026278 -000.32636310  42.08028596 -000.32622116 51
112  42.08027522 -000.32628690  42.08029841 -000.32614497 51
116  42.08009050 -000.32561622  42.07994416 -000.32531104
120 Centreline for Path
112  42.08147467 -000.32175647  42.08141489 -000.32163549 51
112  42.08127950 -000.32150750  42.08120917 -000.32146250 51
112  42.08113950 -000.32146900  42.08111650 -000.32148833 51
116  42.08096725 -000.32161236  42.08087542 -000.32168861
120 Centreline for Taxi
112  42.08096725 -000.32161236  42.08087542 -000.32168861 51
112  42.08070675 -000.32182864  42.08061492 -000.32190488 51
112  42.08043113 -000.32205710  42.08033922 -000.32213317 51
112  42.08041687 -000.32206890  42.08032496 -000.32214497 51
112  42.08015100 -000.32228850  42.08006567 -000.32235883 51
112  42.07988513 -000.32250811  42.07979322 -000.32258418 51
112  42.07966187 -000.32269289  42.07956996 -000.32276896 51
112  42.07938608 -000.32292099  42.07929413 -000.32299698 51
112  42.07910292 -000.32315501  42.07901097 -000.32323100 51
116  42.07918450 -000.32372678  42.07933084 -000.32403196
120 Centreline for Taxi
112  42.07874540 -000.32281132  42.07889180 -000.32311644 51
116  42.07910292 -000.32315501  42.07919487 -000.32307902
120 Centreline for Taxi
112  42.08037689 -000.32238617  42.08031163 -000.32225072 51
116  42.08041687 -000.32206890  42.08050878 -000.32199283
120 Centreline for Taxi
112  42.08037689 -000.32238617  42.08031163 -000.32225072 51
116  42.08015100 -000.32228850  42.08006567 -000.32235883
120 Centreline for Path
112  42.08227750 -000.32117900  42.08223183 -000.32121700 51
116  42.08212530 -000.32104943  42.08206951 -000.32092504
120 Centreline for Path
112  42.08197050 -000.32143650  42.08199883 -000.32141350 51
116  42.08192729 -000.32121709  42.08187015 -000.32109382
120 Centreline for Path
112  42.08186500 -000.32151450  42.08182300 -000.32154350 51
116  42.08171755 -000.32137204  42.08166126 -000.32124807
120 Centreline for Path
112  42.08154673 -000.32156841  42.08143891 -000.32157280 51
116  42.08127950 -000.32150750  42.08120917 -000.32146250
120 Centreline for Path
112  42.08197050 -000.32143650  42.08194217 -000.32145950 51
116  42.08201571 -000.32165420  42.08207418 -000.32177633
120 Centreline for Path
112  42.08237750 -000.32109550  42.08235650 -000.32111317 51
116  42.08243463 -000.32130439  42.08249372 -000.32142598
120 Taxi hold short
111  42.07948401 -000.32271931 54
115  42.07956399 -000.32289469
120 Taxi hold short
111  42.08052897 -000.32185534 54
115  42.08060903 -000.32203066
120 Taxi hold short
111  42.08006291 -000.32248176 54
115  42.07998309 -000.32230624
120 1
111  42.08183971 -000.32239682 51
115  42.08177229 -000.32245718
120 3
111  42.08267388 -000.32169716 51
115  42.08260612 -000.32175684
120 GA Ramp  4
111  42.08218343 -000.32067536 51
115  42.08225257 -000.32061864
120 GA Ramp  5
111  42.08198235 -000.32083617 51
115  42.08205165 -000.32077983
120 GA Ramp  6
111  42.08178166 -000.32100585 51
115  42.08185034 -000.32094815
120 GA Ramp  7
111  42.08157946 -000.32117243 51
115  42.08164854 -000.32111557
120 Apron edge
111  42.08290500 -000.32179400 102
115  42.08173200 -000.32278900
21  42.07192099 -000.30951303 2 302.8100 3.0 30L PAPI4
21  42.07255628 -000.30896218 3 302.8100 3.0 30L PAPI4
21  42.07945559 -000.32335524 2 122.8100 3.0 12R PAPI4
21  42.07882031 -000.32390609 3 122.8100 3.0 12R PAPI4
20  42.08041600 -000.32190600 191.0000 0 3 {@R}_30R-12L_
20  42.08052500 -000.32214900 230.0000 0 3 {@R}_30R-12L_
20  42.08008000 -000.32217600 50.0000 0 3 {@R}_12L-30R_
20  42.08019800 -000.32242100 11.0000 0 3 {@R}_12L-30R_
20  42.07933100 -000.32279600 191.0000 0 3 {@R}_30L-12R_
20  42.07944400 -000.32304600 230.0000 0 3 {@R}_30L-12R_
20  42.07931100 -000.32281100 49.0000 0 3 {@Y}_{safety}{safety}{safety}{safety}{safety}_
20  42.07942400 -000.32306400 11.0000 0 3 {@Y}_{safety}{safety}{safety}{safety}{safety}_
14  42.08033400 -000.31957900  30.00 0 HUESCA / Pirineos Tower
1300  42.08180600 -000.32242700 303.34 gate jets|turboprops|props 1
1300  42.08264000 -000.32172700 302.17 gate jets|turboprops|props 3
1300  42.08221800 -000.32064700 301.29 misc props|helos GA Ramp  4
1300  42.08201700 -000.32080800 301.48 misc props|helos GA Ramp  5
1300  42.08181600 -000.32097700 302.47 misc props|helos GA Ramp  6
1300  42.08161400 -000.32114400 302.60 misc props|helos GA Ramp  7
18  42.08022600 -000.31974300 3 Beacon
19  42.07090023 -000.30819730 0 New Windsock 2
19  42.08058199 -000.32470810 0 New Windsock 1
54 12894 TWR
55 11930 APP
1000 Default Flow
1001 LEHC 000 359 999
1002 LEHC 0
1003 LEHC 0
1004 0000 2400
1101 30L left
1100 30L  11929 arrivals|departures heavy|jets|turboprops|props 000359 000359 Runway 30L
1100 12R  11929 arrivals|departures heavy|jets|turboprops|props 000359 000359 Runway 12R
1100 30R  11929 arrivals|departures heavy|jets|turboprops|props 000359 000359 Runway 30R
1100 12L  11929 arrivals|departures heavy|jets|turboprops|props 000359 000359 Runway 12L
1200 
1201  42.08027900 -000.32218300 both 391 
1201  42.08073400 -000.32695500 both 392 
1201  42.08086700 -000.32723900 both 393 
1201  42.07085400 -000.30635300 both 397 
1201  42.07896500 -000.32326900 both 389 
1201  42.08110500 -000.32149800 both 390 
1201  42.08058300 -000.32747400 both 394 
1201  42.08032000 -000.32737500 both 395 
1201  42.08031000 -000.32607400 both 396 
1201  42.07126400 -000.30595500 both 398 
1201  42.07072900 -000.30608300 both 399 
1201  42.07101700 -000.30585300 both 400 
1201  42.07129000 -000.30726000 both 401 
1201  42.07142700 -000.30633300 both 402 
1201  42.08015600 -000.32702300 both 403 
1201  42.08239700 -000.32659500 both 404 
1201  42.07942800 -000.32040500 both 405 
1201  42.08240900 -000.32106900 both 406 
1201  42.08220900 -000.32123600 both 407 
1201  42.08201300 -000.32140200 both 408 
1201  42.08180200 -000.32155800 both 409 
1201  42.08138500 -000.32157500 both 410 
1201  42.08117400 -000.32144000 both 411 
1201  42.08022800 -000.32657600 both 412 
1201  42.07136600 -000.30676200 both 413 
1201  42.08192800 -000.32147100 both 414 
1201  42.08234600 -000.32112200 both 415 
1201  42.08372200 -000.32344000 both 416 
1201  42.08324500 -000.32427500 both 417 
1201  42.08420200 -000.32626500 both 418 
1201  42.08479700 -000.32574900 both 419 
1201  42.08004500 -000.31960800 both 420 
1201  42.07800200 -000.32126200 both 421 
1201  42.08290500 -000.32179400 both 422 
1201  42.08226000 -000.32041600 both 423 
1201  42.08106200 -000.32140600 both 424 
1201  42.08222100 -000.32208300 both 425 
1201  42.08087500 -000.32342000 both 426 
1201  42.07952400 -000.32280700 both 427 30L/12R hold short
1201  42.08056900 -000.32194300 both 428 30R/12L hold short
1201  42.08226900 -000.32428700 both 429 
1201  42.08345500 -000.32681800 both 430 
1201  42.08002300 -000.32239400 both 431 30R/12L hold short
1201  42.08180600 -000.32242700 both 432 1
1201  42.08264000 -000.32172700 both 433 3
1201  42.08221800 -000.32064700 both 434 GA Ramp  4
1201  42.08201700 -000.32080800 both 435 GA Ramp  5
1201  42.08181600 -000.32097700 both 436 GA Ramp  6
1201  42.08161400 -000.32114400 both 437 GA Ramp  7
1202 391 405 twoway taxiway 30R/12L
1204 departure 12L,30R
1204 arrival 12L,30R
1202 391 426 twoway taxiway 30R/12L
1204 departure 12L,30R
1204 arrival 12L,30R
1202 417 418 twoway taxiway 
1202 418 419 twoway taxiway 
1202 420 421 twoway taxiway 
1202 423 422 twoway taxiway 
1202 424 423 twoway taxiway 
1202 390 428 twoway taxiway 
1202 427 389 twoway taxiway 
1204 departure 12R,30L
1204 arrival 12R,30L
1202 428 391 twoway taxiway 
1204 departure 12L,30R
1204 arrival 12L,30R
1202 426 429 twoway taxiway 
1202 426 404 twoway taxiway 30R/12L
1204 departure 12L,30R
1204 arrival 12L,30R
1202 396 389 twoway taxiway 30L/12R
1204 departure 12R,30L
1204 arrival 12R,30L
1202 389 421 twoway taxiway 30L/12R
1204 departure 12R,30L
1204 arrival 12R,30L
1202 421 401 twoway taxiway 30L/12R
1204 departure 12R,30L
1204 arrival 12R,30L
1202 398 400 twoway taxiway 
1202 400 399 twoway taxiway 
1202 398 402 twoway taxiway 
1202 403 395 twoway taxiway 
1202 395 394 twoway taxiway 
1202 394 393 twoway taxiway 
1202 412 396 twoway taxiway 
1202 412 403 twoway taxiway 
1202 413 402 twoway taxiway 
1202 413 401 twoway taxiway 
1202 419 416 twoway taxiway 
1202 429 430 twoway taxiway 
1202 431 391 twoway taxiway 
1204 departure 12L,30R
1204 arrival 12L,30R
1202 431 427 twoway taxiway 
1202 399 397 twoway taxiway 
1202 393 392 twoway taxiway 
1202 406 434 twoway taxiway 
1202 410 432 twoway taxiway 
1202 410 409 twoway taxiway 
1202 408 407 twoway taxiway 
1202 411 410 twoway taxiway 
1202 390 411 twoway taxiway 
1202 414 409 twoway taxiway 
1202 414 408 twoway taxiway 
1202 415 407 twoway taxiway 
1202 415 406 twoway taxiway 
1202 407 435 twoway taxiway 
1202 408 436 twoway taxiway 
1202 409 437 twoway taxiway 
1202 415 433 twoway taxiway 
1202 414 425 twoway taxiway 
99
