I
1000 Generated by WorldEditor

1   2595 1 0 LESA Salamanca
100 42.00 1 1 0.20 0 2 0 3  40.94209244 -005.50914247    0  265 3 8 0 2 21  40.96198807 -005.49526197    0  264 3 8 1 2
100 50.00 15 0 0.50 0 0 0 8  40.94989248 -005.51248057    0    0 0 0 0 0 26  40.95445507 -005.49144507    0    0 0 0 0 0
102 H1  40.95203532 -005.49539901 309.06 12.00 12.00 15 0 0 0.20 1
102 H2  40.94605518 -005.49694991  90.00 50.00 50.00 1 0 1 0.00 1
102 H3  40.94536725 -005.49693372  89.99 50.00 50.00 1 0 1 0.00 1
102 H4  40.94537587 -005.49792102  90.00 50.00 50.00 1 0 1 0.00 1
102 H5  40.94606789 -005.49790978  90.00 50.00 50.00 1 0 1 0.00 1
110 1 0.00 72.5800 MiniPista
111  40.95189980 -005.50202901
111  40.95276051 -005.49783517
111  40.95326375 -005.49805518
111  40.95302162 -005.49914893
112  40.95264656 -005.50112899  40.95266555 -005.50125471
113  40.95286838 -005.50135152
110 2 0.00 117.0000 New Taxiway 32
111  40.95315111 -005.49853283
111  40.95342933 -005.49833447
111  40.95465635 -005.49747492
111  40.95703548 -005.49581244
111  40.95893665 -005.49450413
112  40.96101259 -005.49300211  40.96103756 -005.49298322
112  40.96120520 -005.49295960  40.96129081 -005.49296905
111  40.96137998 -005.49313909
112  40.96165820 -005.49381452  40.96171884 -005.49395149
112  40.96172241 -005.49419710  40.96171171 -005.49428685
112  40.96149769 -005.49444272  40.96138355 -005.49453718
112  40.96139782 -005.49472139  40.96140495 -005.49484420
112  40.96154406 -005.49496228  40.96165107 -005.49501896
111  40.96183809 -005.49504944
111  40.96103619 -005.49564249
112  40.96113742 -005.49537791  40.96123016 -005.49525511
111  40.96120520 -005.49505674
112  40.96081998 -005.49412154  40.96067017 -005.49387121
111  40.96032774 -005.49394678
111  40.95648261 -005.49661533
112  40.95321532 -005.49891062  40.95308334 -005.49900507
113  40.95301557 -005.49913259
110 2 0.00 26.9900 New Taxiway 34
112  40.95711609 -005.49616546  40.95694845 -005.49638745
111  40.95706259 -005.49657637
112  40.95754769 -005.49776184  40.95760476 -005.49782324
112  40.95793190 -005.49782551  40.95816164 -005.49782301
111  40.95793190 -005.49782551
112  40.95793190 -005.49782551  40.95780091 -005.49791611
112  40.95714421 -005.49834006  40.95694576 -005.49846623
111  40.95714421 -005.49834006
112  40.95714421 -005.49834006  40.95721555 -005.49821254
112  40.95725877 -005.49789880  40.95721771 -005.49774089
112  40.95679507 -005.49671333  40.95672730 -005.49657164
113  40.95652755 -005.49656692
110 2 0.00 26.9300 Plataforma2
111  40.94065165 -005.50457076
111  40.94016826 -005.50335379
111  40.94004742 -005.50342236
111  40.93990499 -005.50309098
111  40.94009921 -005.50297671
111  40.94012079 -005.50304527
111  40.94345271 -005.50073130
113  40.94404832 -005.50222254
110 2 0.20 91.3600 Plataforma1
111  40.94650525 -005.49987654
111  40.94429486 -005.49994095
111  40.94430181 -005.49971090
111  40.94403073 -005.49971090
111  40.94397512 -005.49648101
111  40.94435047 -005.49646467
112  40.94446864 -005.49631538  40.94446471 -005.49616571
111  40.94447256 -005.49611375
111  40.94472038 -005.49610693
111  40.94564334 -005.49610217
111  40.94565724 -005.49635219
113  40.94644269 -005.49634299
110 2 0.00 27.6000 New Taxiway 7
112  40.94203343 -005.50891134  40.94215487 -005.50876764
112  40.94216295 -005.50837146  40.94212015 -005.50825813
112  40.94199174 -005.50816842  40.94192040 -005.50816370
111  40.94174205 -005.50827230
112  40.94151020 -005.50828647  40.94146383 -005.50820147
111  40.94110357 -005.50729958
112  40.94115351 -005.50696433  40.94122842 -005.50687461
111  40.94204167 -005.50631742
111  40.95239333 -005.49908231
112  40.95258101 -005.49884304  40.95260881 -005.49872340
111  40.95233773 -005.50003020
112  40.95230992 -005.49972651  40.95223346 -005.49968050
112  40.95200408 -005.49977253  40.95176080 -005.49992897
111  40.94634475 -005.50376601
111  40.94330074 -005.50586462
111  40.94223915 -005.50661746
112  40.94205589 -005.50732012  40.94222019 -005.50778856
112  40.94240993 -005.50822441  40.94247091 -005.50830779
114  40.94290519 -005.50831584  40.94310580 -005.50826197
110 1 0.00 114.6100 New Taxiway 14
112  40.94646688 -005.50325496  40.94625813 -005.50339915
111  40.94646688 -005.50325496
112  40.94646688 -005.50325496  40.94652739 -005.50316684
112  40.94654058 -005.50291932  40.94649046 -005.50272419
111  40.94554715 -005.50000010
112  40.94545871 -005.49990644  40.94538796 -005.49988302
111  40.94577413 -005.49989083
111  40.94592742 -005.50033183
111  40.94675872 -005.50275150
112  40.94695623 -005.50288420  40.94703140 -005.50286047
111  40.94695623 -005.50288420
114  40.94695623 -005.50288420  40.94683474 -005.50296261
110 2 0.10 295.5900 New Taxiway 13
112  40.94714671 -005.50534480  40.94720571 -005.50530141
112  40.94719771 -005.50499033  40.94717171 -005.50489625
111  40.94710397 -005.50472450
112  40.94673954 -005.50365291  40.94670732 -005.50359694
111  40.94655430 -005.50360227
112  40.94703753 -005.50326640  40.94715431 -005.50318643
111  40.94703753 -005.50326640
112  40.94703753 -005.50326640  40.94696706 -005.50341567
111  40.94701135 -005.50352230
112  40.94749055 -005.50487645  40.94753484 -005.50491643
113  40.94773736 -005.50493870
110 1 0.00 117.4600 New Taxiway 3
111  40.94404832 -005.50222441
111  40.94479336 -005.50407877
112  40.94502236 -005.50424648  40.94512712 -005.50423035
111  40.94502236 -005.50424648
112  40.94502236 -005.50424648  40.94488106 -005.50434969
112  40.94447421 -005.50464319  40.94447177 -005.50464319
112  40.94460577 -005.50427873  40.94458384 -005.50414005
112  40.94433047 -005.50347886  40.94427444 -005.50335630
111  40.94398696 -005.50263384
112  40.94369948 -005.50245645  40.94355574 -005.50251450
111  40.94369948 -005.50245645
114  40.94369948 -005.50245645  40.94390413 -005.50232421
110 1 0.00 118.5500 New Taxiway 5
111  40.94098166 -005.50432143
112  40.94093155 -005.50463753  40.94095218 -005.50472728
111  40.94139952 -005.50580238
111  40.94160956 -005.50629214
112  40.94194415 -005.50638190  40.94222419 -005.50634287
111  40.94128824 -005.50685799
112  40.94139731 -005.50649116  40.94136194 -005.50630385
111  40.94078710 -005.50488728
113  40.94065445 -005.50457899
130 Airport Boundary 2
111  40.94005164 -005.51361689
111  40.93756283 -005.49722037
111  40.94365085 -005.49433131
111  40.94358384 -005.48908520
111  40.94849445 -005.48888215
111  40.95357737 -005.48646145
111  40.95950265 -005.49390095
111  40.96341774 -005.49120117
111  40.96516948 -005.49600510
111  40.95874643 -005.50059341
111  40.95532911 -005.51729815
111  40.95061951 -005.51575184
113  40.94608222 -005.50940281
120 Linear Feature 12
112  40.94039374 -005.50353639  40.94040188 -005.50333963 51
112  40.94068498 -005.50330298  40.94076163 -005.50338709
111  40.94068498 -005.50330298
112  40.94068498 -005.50330298  40.94074895 -005.50325654 51
115  40.94083452 -005.50320307
120 Linear Feature 12
112  40.94056382 -005.50396584  40.94057196 -005.50376908 51
112  40.94085687 -005.50374873  40.94093351 -005.50383285
111  40.94085687 -005.50374873
112  40.94085687 -005.50374873  40.94092083 -005.50370229 51
115  40.94100470 -005.50364432
120 Linear Feature 11
111  40.94056382 -005.50396584 51
115  40.94039374 -005.50353639
120 Linear Feature 10
111  40.94088438 -005.50480677 51
115  40.94056382 -005.50396584
120 Linear Feature 9
111  40.94377341 -005.50177504 51
111  40.94361821 -005.50137746 51
115  40.94350099 -005.50109306
120 Linear Feature 8
112  40.94115381 -005.50407943  40.94122295 -005.50401868 51
116  40.94119588 -005.50383102  40.94115601 -005.50373867
120 Linear Feature 7
111  40.94087116 -005.50296176 51
116  40.94088823 -005.50258107  40.94100750 -005.50249940
120 Linear Feature 6
112  40.94099316 -005.50328760  40.94096760 -005.50321472 51
116  40.94101548 -005.50294383  40.94110807 -005.50287474
120 Linear Feature 5
112  40.94119588 -005.50383102  40.94115038 -005.50368260 51
116  40.94117479 -005.50336130  40.94129257 -005.50328134
120 Linear Feature 4
111  40.94119588 -005.50383102 51
111  40.94099316 -005.50328760 51
115  40.94087116 -005.50296176
120 Linear Feature 1
112  40.94401931 -005.50242319  40.94396550 -005.50231293 51
112  40.94373646 -005.50232094  40.94363284 -005.50234868 51
112  40.94336663 -005.50253212  40.94330492 -005.50257374 51
111  40.94115381 -005.50407943 51
112  40.94085527 -005.50441381  40.94081550 -005.50457490 51
116  40.94088438 -005.50480677  40.94092191 -005.50489467
120 Linear Feature 3
111  40.96135432 -005.49452196 58
115  40.96098499 -005.49357062
120 Linear Feature 2
111  40.94201556 -005.50811892 58
115  40.94149112 -005.50677824
120 Linear Feature 7
111  40.96121931 -005.49495491 54 103
115  40.96139762 -005.49487944
120 Linear Feature 6
111  40.95727440 -005.49787553 54 103
115  40.95749049 -005.49772100
120 Linear Feature 3
111  40.94721934 -005.50493785 54 103
115  40.94742829 -005.50480711
120 Linear Feature 2
111  40.94217758 -005.50832676 54 103
115  40.94235761 -005.50819895
120 Linear Feature 28
112  40.94350099 -005.50109306  40.94346546 -005.50102276 51
112  40.94320409 -005.50097483  40.94299316 -005.50112346 51
115  40.94088823 -005.50258107
120 Linear Feature 28
112  40.94361821 -005.50137746  40.94352745 -005.50120624 51
112  40.94324672 -005.50139277  40.94299948 -005.50155642 51
115  40.94101548 -005.50294383
120 Linear Feature 28
112  40.94377341 -005.50177504  40.94373710 -005.50169995 51
112  40.94347080 -005.50176639  40.94323490 -005.50192704 51
115  40.94117479 -005.50336130
120 Linear Feature 27
111  40.94368980 -005.50244078 51
115  40.94096453 -005.50434843
120 Linear Feature 25
111  40.94401931 -005.50242319 51
116  40.94377341 -005.50177504  40.94372596 -005.50165310
120 Linear Feature 22
111  40.95739439 -005.49786083 51
116  40.95801022 -005.49801558  40.95834488 -005.49780011
120 Linear Feature 21
111  40.95699243 -005.49606584 51
116  40.95689600 -005.49661134  40.95699732 -005.49687153
120 Linear Feature 23
111  40.95294993 -005.49836223 51
116  40.95311298 -005.49882161  40.95326908 -005.49867634
120 Linear Feature 20
112  40.95722146 -005.49858718  40.95741796 -005.49840830 51
112  40.95739439 -005.49786083  40.95731456 -005.49761690 51
112  40.95689600 -005.49661134  40.95685302 -005.49653410 51
116  40.95658336 -005.49633964  40.95641449 -005.49642501
120 Linear Feature 17
112  40.94686954 -005.50354432  40.94682686 -005.50334799 51
116  40.94701788 -005.50306371  40.94713455 -005.50295802
120 Linear Feature 19
112  40.95260842 -005.49994719  40.95268099 -005.49969958 51
112  40.95311298 -005.49882161  40.95343752 -005.49855418 51
111  40.95658336 -005.49633964 51
111  40.95699243 -005.49606584 51
112  40.96026501 -005.49376825  40.96045831 -005.49366110 51
112  40.96114368 -005.49436117  40.96150331 -005.49520643 51
116  40.96093158 -005.49599679  40.96052700 -005.49630632
120 Linear Feature 18
112  40.95227581 -005.49938869  40.95238224 -005.49930052 51
116  40.95294993 -005.49836223  40.95306435 -005.49786985
120 Linear Feature 16
112  40.94666733 -005.50290768  40.94673488 -005.50305076 51
112  40.94701788 -005.50306371  40.94719361 -005.50294468 51
112  40.95227581 -005.49938869  40.95247605 -005.49926424 51
116  40.95260842 -005.49994719  40.95253905 -005.50049935
120 Linear Feature 15
112  40.94651977 -005.50344491  40.94663280 -005.50335940 51
112  40.94666733 -005.50290768  40.94660569 -005.50265586 51
115  40.94564567 -005.49991309
120 Linear Feature 14
112  40.94471935 -005.50421913  40.94478877 -005.50439533 51
116  40.94505736 -005.50443754  40.94520225 -005.50435425
120 Linear Feature 13
112  40.94463519 -005.50472817  40.94475148 -005.50464235 51
112  40.94471935 -005.50421913  40.94465267 -005.50401483 51
115  40.94401931 -005.50242319
120 Linear Feature 11
112  40.94156663 -005.50651349  40.94161268 -005.50661917 51
116  40.94206162 -005.50654344  40.94238093 -005.50629143
120 Linear Feature 10
111  40.94181042 -005.50712881 51
112  40.94206162 -005.50654344  40.94240273 -005.50627964 51
111  40.94463519 -005.50472817 51
111  40.94505736 -005.50443754 51
112  40.94651977 -005.50344491  40.94662134 -005.50337768 51
112  40.94686954 -005.50354432  40.94693371 -005.50373659 51
111  40.94736074 -005.50500543 51
116  40.94714121 -005.50562695  40.94680347 -005.50585499
120 Linear Feature 9
111  40.94156663 -005.50651349 51
115  40.94088438 -005.50480677
120 Linear Feature 8
112  40.94303378 -005.50848193  40.94281272 -005.50863639 51
112  40.94236293 -005.50851984  40.94224290 -005.50832684 51
115  40.94181042 -005.50712881
120 Linear Feature 5
111  40.94320990 -005.50554435 51 102
111  40.94305681 -005.50543608 51 102
111  40.94334831 -005.50483086 51 102
115  40.94375623 -005.50515181
120 Linear Feature 3
111  40.94398188 -005.50535892 51 102
111  40.94419567 -005.50551974 51 102
111  40.94392877 -005.50608417 51 102
115  40.94347122 -005.50572623
120 Linear Feature 41
111  40.95316216 -005.49857586 51 102
111  40.96103588 -005.49303713 51 102
112  40.96133656 -005.49314253  40.96147217 -005.49338455 51 102
111  40.96166967 -005.49393886 51 102
112  40.96165493 -005.49428237  40.96155765 -005.49435654 51 102
112  40.96139552 -005.49454781  40.96136899 -005.49465321 51 102
112  40.96141610 -005.49489785  40.96147998 -005.49503814 51 102
116  40.96185002 -005.49501798  40.96202705 -005.49499299
120 Linear Feature 39
111  40.96109520 -005.49552527 51 102
112  40.96122710 -005.49505184  40.96119801 -005.49478268 51 102
112  40.96085366 -005.49414924  40.96073532 -005.49395069 51 102
112  40.96029007 -005.49393100  40.96005013 -005.49404385 51 102
111  40.95710638 -005.49614427 51 102
112  40.95703858 -005.49660877  40.95715355 -005.49690933 51 102
112  40.95752203 -005.49778758  40.95755434 -005.49783717 51 102
116  40.95766942 -005.49784613  40.95776081 -005.49784613
120 Linear Feature 36
111  40.95721222 -005.49828122 51 102
112  40.95728833 -005.49792766  40.95725507 -005.49781928 51 102
112  40.95681501 -005.49673231  40.95675106 -005.49659508 51 102
112  40.95652811 -005.49656625  40.95643535 -005.49663163 51 102
111  40.95340596 -005.49875644 51 102
115  40.95303322 -005.49904998
120 Linear Feature 20
111  40.95237094 -005.49995146 51 102
112  40.95233297 -005.49971253  40.95228243 -005.49963457 51 102
112  40.95211906 -005.49967113  40.95206059 -005.49970016 51 102
111  40.94706352 -005.50322936 51 102
112  40.94699274 -005.50353073  40.94706583 -005.50375973 51 102
112  40.94746600 -005.50487314  40.94749749 -005.50492148 51 102
116  40.94767750 -005.50493917  40.94775276 -005.50491804
120 Linear Feature 31
111  40.94575214 -005.49989588 51 102
112  40.94673965 -005.50273358  40.94677549 -005.50281642 51 102
112  40.94694389 -005.50290153  40.94703012 -005.50286147 51 102
111  40.95241086 -005.49910018 51 102
116  40.95258935 -005.49888115  40.95261355 -005.49880104
120 Linear Feature 29
112  40.94498254 -005.50426884  40.94506178 -005.50425071 51 102
112  40.94516356 -005.50416655  40.94523529 -005.50411253 51 102
111  40.94649575 -005.50323944 51 102
112  40.94657806 -005.50305895  40.94658549 -005.50292737 51 102
111  40.94649986 -005.50272566 51 102
112  40.94558003 -005.50000405  40.94553287 -005.49989867 51 102
116  40.94547479 -005.49988119  40.94546890 -005.49986948
120 Linear Feature 27
111  40.94402817 -005.50223504 51 102
111  40.94477918 -005.50409558 51 102
116  40.94498254 -005.50426884  40.94509374 -005.50427509
120 Linear Feature 25
111  40.94375623 -005.50515181 51 102
112  40.94449002 -005.50463823  40.94457762 -005.50455674 51 102
112  40.94462538 -005.50424224  40.94459432 -005.50407242 51 102
112  40.94401841 -005.50264352  40.94396607 -005.50252046
111  40.94401841 -005.50264352
112  40.94401841 -005.50264352  40.94395778 -005.50252987 51 102
116  40.94368980 -005.50244078  40.94356663 -005.50252454
120 Linear Feature 24
111  40.94096453 -005.50434843 51 102
112  40.94091554 -005.50464973  40.94095319 -005.50475821 51 102
111  40.94159737 -005.50631577 51 102
116  40.94196938 -005.50640001  40.94220193 -005.50625048
120 Linear Feature 22
111  40.94131728 -005.50687019 51 102
112  40.94142021 -005.50647751  40.94136484 -005.50629867 51 102
115  40.94066964 -005.50456752
120 Linear Feature 18
112  40.94717076 -005.50529658  40.94725580 -005.50516469 51 102
112  40.94721544 -005.50498030  40.94719969 -005.50492022 51 102
112  40.94676409 -005.50366674  40.94673284 -005.50359557 51 102
112  40.94655206 -005.50359739  40.94646543 -005.50365565 51 102
115  40.94398188 -005.50535892
120 Linear Feature 17
111  40.94347122 -005.50572623 51 102
111  40.94223031 -005.50659683 51 102
112  40.94203098 -005.50732716  40.94220816 -005.50780961 51 102
112  40.94240859 -005.50826054  40.94249571 -005.50835506 51 102
116  40.94282269 -005.50833906  40.94296434 -005.50831351
120 Linear Feature 12
111  40.94196938 -005.50640001 51 102
115  40.94320990 -005.50554435
120 Linear Feature 10
111  40.94215487 -005.50876764 1 102
112  40.94218652 -005.50836917  40.94214754 -005.50827242 1 102
112  40.94196980 -005.50814453  40.94185529 -005.50816711 1 102
112  40.94174143 -005.50823862  40.94168540 -005.50826442 1 102
112  40.94154410 -005.50827410  40.94152217 -005.50824507 1 102
111  40.94114212 -005.50729687 1 102
112  40.94118305 -005.50697662  40.94127070 -005.50690540 1 102
115  40.94131728 -005.50687019
120 Linear Feature 12
111  40.94181042 -005.50712881 51
115  40.94156663 -005.50651349
21  40.94445281 -005.50677169 3 27.8200 3.0 New Light Fixture 6
21  40.94492013 -005.50791552 2 27.6700 3.0 New Light Fixture 5
21  40.95930584 -005.49634887 2 207.8700 3.0 New Light Fixture 8
21  40.95975687 -005.49763036 3 208.2600 3.0 New Light Fixture 7
20  40.94211480 -005.50620672 206.5600 0 2 {@Y}{^l}C6
20  40.94131383 -005.50635736 112.6200 0 3 {@L}C6
20  40.94099624 -005.50468861 299.6100 0 3 {@L}C6
20  40.94454689 -005.50413345 120.6500 0 3 {@L}C7
20  40.94709893 -005.50486049 113.2800 0 3 {@L}C4
20  40.95330544 -005.49892061 208.9300 0 2 {@R}26-8
20  40.95202286 -005.49929176 26.5600 0 2 {@R}8-26
20  40.96144594 -005.49482880 286.1300 0 3 {@R}21-03
20  40.95759044 -005.49773608 297.5700 0 3 {@R}03-21
20  40.95187785 -005.50181787 274.7300 0 3 {@R}03-21
20  40.95271143 -005.50115438 280.5400 0 3 {@R}03-21
20  40.94747002 -005.50477491 300.2600 0 3 {@R}03-21
20  40.94239651 -005.50813807 300.2600 0 3 {@R}03-21
20  40.95712902 -005.49780302 115.5600 0 3 {@L}C2
20  40.95724540 -005.49617570 205.8400 0 3 {@Y}{^r}C2
20  40.94719925 -005.50265865 203.0500 0 3 {@Y}{^l}C3
20  40.94733409 -005.50314347 204.4400 0 3 {@Y}{^r}C4
20  40.94646481 -005.50374246 23.2000 0 3 {@Y}{^l}C4
20  40.94447694 -005.50456200 27.9000 0 3 {@Y}{^r}C7
20  40.95634880 -005.49676339 25.4600 0 3 {@Y}{^l}C2
20  40.95710955 -005.49659833 292.6200 0 3 {@L}C2
20  40.96109012 -005.49481137 104.8300 0 3 {@L}C1
20  40.96159686 -005.49351965 302.3500 0 3 {@L}C1
20  40.96026398 -005.49405418 202.3800 0 3 {@L}T1
20  40.95705888 -005.49572735 27.2500 0 3 {@L}T1
20  40.95645154 -005.49670639 206.5600 0 3 {@L}T2
20  40.95339348 -005.49832527 22.4800 0 3 {@L}T2
20  40.95204108 -005.49980480 206.5600 0 3 {@L}T3
20  40.94717145 -005.50267217 24.2300 0 3 {@L}T3
20  40.94707090 -005.50360785 295.6400 0 3 {@L}C4
20  40.94642088 -005.50320023 25.3800 0 3 {@Y}{^r}C3
20  40.94649930 -005.50287892 114.4500 0 3 {@L}C3
20  40.94591930 -005.50003194 297.5500 0 3 {@L}C3
20  40.94517130 -005.50409452 207.8200 0 3 {@Y}{^l}C7
20  40.94417397 -005.50240312 299.5400 0 3 {@L}C7
20  40.94209971 -005.50722137 295.3500 0 3 {@L}C5
20  40.94263813 -005.50825567 160.0700 0 3 {@L}C5
20  40.94452453 -005.50504893 210.2300 0 3 {@L}T5
20  40.94162441 -005.50623706 296.9100 0 3 {@Y}{^r}T5
20  40.94207399 -005.50623219 35.2900 0 3 {@L}T5
20  40.94649638 -005.50372655 209.0000 0 3 {@L}T4
20  40.94514032 -005.50412096 30.6200 0 3 {@L}T4
14  40.94787090 -005.49525677  82.02 0 New Tower Viewpoint 4
15  40.94470135 -005.49777039 271.05 Medium Military Ramp 8
15  40.94478009 -005.49725468 328.67 Military Ramp 6
15  40.94478009 -005.49699549 329.74 Military Ramp 5
15  40.94477584 -005.49674193 330.46 Military Ramp 4
15  40.94503547 -005.49726032 325.67 Military Ramp 3
15  40.94503547 -005.49700676 331.61 Military Ramp 2
15  40.94503547 -005.49675883 326.98 Military Ramp 1
15  40.94318229 -005.50221503 207.04 GA Ramp 2
15  40.94134479 -005.50345324 208.18 Medium Ramp 5
15  40.94121053 -005.50312882 206.82 Medium Ramp 4
15  40.94107509 -005.50278041 205.41 Medium Ramp 3
15  40.94305329 -005.50186451 208.64 GA Ramp 1
15  40.94290989 -005.50148817 207.07 GA Ramp 0
18  40.93977006 -005.51055614 1 New Airport Beacon 2
19  40.96185445 -005.49490426 0 New Windsock 2
19  40.93866304 -005.50872744 0 New Windsock 1
19  40.94230260 -005.50955140 0 New Windsock 1
99
