I
1000	# Converted by FS2XPlane 3.26


1     3096 1 0 LERM Robledillo De Mohernando
100  18.00  1 1 0.25 0 0 0 01   40.86097446   -3.24813281   0.0   0.0 2  0 0 0 19   40.86989154   -3.24653919   0.0   0.0 2  0 0 0
100  36.00  3 0 0.25 0 0 0 05   40.86713835   -3.24768980   0.0   0.0 0  0 0 0 23   40.87044965   -3.24236420   0.0   0.0 0  0 0 0
100  36.00  3 0 0.25 0 0 0 08   40.86804932   -3.24774027   0.0   0.0 0  0 0 0 26   40.86881668   -3.24188773   0.0   0.0 0  0 0 0
14    40.86143000   -3.24958200   29 0 Robledillo De Mohernando Tower

1300  40.86078800   -3.24646600 196.27 misc props|helos GA Ramp  3

1300  40.86040200   -3.24631800  21.64 misc props|helos GA Ramp  4

1300  40.86048400   -3.24658700  22.83 misc props|helos GA Ramp  5

1300  40.85997600   -3.24630300 106.16 misc props|helos GA Ramp  6

1300  40.86061900   -3.24701300  22.92 misc props|helos GA Ramp  7

1300  40.86065500   -3.24717700  22.88 misc props|helos GA Ramp  8

1300  40.86069700   -3.24731900  22.36 misc props|helos GA Ramp  9

54   12350 TWR

1000 Default Flow
1001 LERM 000 359 999
1002 LERM 0
1003 LERM 0
1004 0000 2400
1101 01 left
1100 01 12350 arrivals|departures heavy|jets|turboprops|props 000359 000359 Runway 01
1100 19 12350 arrivals|departures heavy|jets|turboprops|props 000359 000359 Runway 19
1100 05 12350 arrivals|departures heavy|jets|turboprops|props 000359 000359 Runway 05
1100 23 12350 arrivals|departures heavy|jets|turboprops|props 000359 000359 Runway 23
1100 08 12350 arrivals|departures heavy|jets|turboprops|props 000359 000359 Runway 08
1100 26 12350 arrivals|departures heavy|jets|turboprops|props 000359 000359 Runway 26

1200 
1201  40.86978600   -3.24657000 both   26 
1201  40.86102900   -3.24812600 both    1 
1201  40.86095700   -3.24792400 both    2 
1201  40.86083600   -3.24741100 both    3 
1201  40.86040200   -3.24596000 both    4 
1201  40.85994300   -3.24619200 both    5 
1201  40.86052300   -3.24638100 both    6 
1201  40.86075300   -3.24625000 both    7 
1201  40.86062400   -3.24674700 both    9 
1201  40.86031800   -3.24656100 both   10 
1201  40.86032300   -3.24636100 both   11 
1201  40.86058700   -3.24745100 both   14 
1201  40.86047600   -3.24709300 both   15 
1201  40.86052800   -3.24726300 both   17 
1201  40.86037900   -3.24676800 both   20 
1201  40.86877900   -3.24184000 both   22 
1201  40.86807900   -3.24752300 both   23 
1201  40.87034300   -3.24255000 both   24 
1201  40.86730200   -3.24742200 both   25 
1201  40.86701500   -3.24706400 both   27 
1201  40.86078800   -3.24646600 both    8 GA Ramp  3
1201  40.86040200   -3.24631800 both   12 GA Ramp  4
1201  40.86048400   -3.24658700 both   21 GA Ramp  5
1201  40.85997600   -3.24630300 both   13 GA Ramp  6
1201  40.86061900   -3.24701300 both   16 GA Ramp  7
1201  40.86065500   -3.24717700 both   18 GA Ramp  8
1201  40.86069700   -3.24731900 both   19 GA Ramp  9
1202   24   25 twoway runway 05/23
1204 departure 05,23
1204 arrival   05,23
1202    1    2 twoway taxiway 
1202    2    3 twoway taxiway 
1202    4    5 twoway taxiway 
1202    6    4 twoway taxiway 
1202    6    7 twoway taxiway 
1202    3    9 twoway taxiway 
1202   10   11 twoway taxiway 
1202    2   14 twoway taxiway 
1202   14   17 twoway taxiway 
1202   17   15 twoway taxiway 
1202    9    6 twoway taxiway 
1202   15   20 twoway taxiway 
1202   20   10 twoway taxiway 
1202   22   23 twoway taxiway 
1202   26   27 twoway taxiway 
1202   27    1 twoway taxiway 
1202   25   27 twoway taxiway 
1202   23   25 twoway taxiway 
1202    7    8 twoway taxiway 
1202   11   12 twoway taxiway 
1202    5   13 twoway taxiway 
1202   15   16 twoway taxiway 
1202   17   18 twoway taxiway 
1202   14   19 twoway taxiway 
1202   20   21 twoway taxiway 

120  Centreline for Path
111   40.86078800   -3.24646600 51
112   40.86075300   -3.24625000  40.86075300   -3.24625000 51
116   40.86075300   -3.24625000  40.86075300   -3.24625000

120  Centreline for Path
111   40.86040200   -3.24631800 51
112   40.86032300   -3.24636100  40.86032300   -3.24636100 51
116   40.86032300   -3.24636100  40.86032300   -3.24636100

120  Centreline for Path
111   40.85997600   -3.24630300 51
112   40.85994300   -3.24619200  40.85994300   -3.24619200 51
116   40.85994300   -3.24619200  40.85994300   -3.24619200

120  Centreline for Path
111   40.86061900   -3.24701300 51
112   40.86047600   -3.24709300  40.86047600   -3.24709300 51
116   40.86047600   -3.24709300  40.86047600   -3.24709300

120  Centreline for Path
111   40.86065500   -3.24717700 51
112   40.86052800   -3.24726300  40.86052800   -3.24726300 51
116   40.86052800   -3.24726300  40.86052800   -3.24726300

120  Centreline for Path
111   40.86069700   -3.24731900 51
112   40.86058700   -3.24745100  40.86058700   -3.24745100 51
116   40.86058700   -3.24745100  40.86058700   -3.24745100

120  Centreline for Path
111   40.86048400   -3.24658700 51
112   40.86037900   -3.24676800  40.86037900   -3.24676800 51
116   40.86037900   -3.24676800  40.86037900   -3.24676800

120  Centreline for Taxi
112   40.86047600   -3.24709300  40.86047600   -3.24709300 51
112   40.86047600   -3.24709300  40.86047600   -3.24709300 51
112   40.86037900   -3.24676800  40.86037900   -3.24676800 51
112   40.86037900   -3.24676800  40.86037900   -3.24676800 51
112   40.86031800   -3.24656100  40.86031800   -3.24656100 51
116   40.86031800   -3.24656100  40.86031800   -3.24656100

120  Centreline for Taxi join
112   40.86058700   -3.24745100  40.86058700   -3.24745100 51
116   40.86058700   -3.24745100  40.86058700   -3.24745100

120  Centreline for Taxi
112   40.86047600   -3.24709300  40.86047600   -3.24709300 51
116   40.86047600   -3.24709300  40.86047600   -3.24709300

120  Centreline for Taxi join
112   40.86052800   -3.24726300  40.86052800   -3.24726300 51
116   40.86052800   -3.24726300  40.86052800   -3.24726300

120  Centreline for Taxi join
112   40.86037900   -3.24676800  40.86037900   -3.24676800 51
116   40.86037900   -3.24676800  40.86037900   -3.24676800

120  GA Ramp  3
111   40.86078800   -3.24646600 51
115   40.86078800   -3.24646600

120  GA Ramp  4
111   40.86040200   -3.24631800 51
115   40.86040200   -3.24631800

120  GA Ramp  5
111   40.86048400   -3.24658700 51
115   40.86048400   -3.24658700

120  GA Ramp  6
111   40.85997600   -3.24630300 51
115   40.85997600   -3.24630300

120  GA Ramp  7
111   40.86061900   -3.24701300 51
115   40.86061900   -3.24701300

120  GA Ramp  8
111   40.86065500   -3.24717700 51
115   40.86065500   -3.24717700

120  GA Ramp  9
111   40.86069700   -3.24731900 51
115   40.86069700   -3.24731900

110  01 0.25   7.71 Apron
111   40.86954000   -3.24678700
111   40.86950200   -3.24662400
111   40.86950800   -3.24648400
111   40.86955600   -3.24634600
111   40.86966800   -3.24624800
111   40.86978300   -3.24623100
111   40.86987700   -3.24627400
111   40.86994700   -3.24634600
111   40.86997900   -3.24641700
111   40.87000400   -3.24653600
111   40.87000400   -3.24665900
111   40.86997700   -3.24677100
111   40.86991100   -3.24687600
111   40.86982200   -3.24693700
111   40.86972800   -3.24694100
113   40.86962300   -3.24689500

110  01 0.25   7.71 Apron
111   40.86081700   -3.24729300
111   40.86079000   -3.24722100
111   40.86101600   -3.24708800
113   40.86104400   -3.24715800

110  01 0.25   7.71 Apron
111   40.86077000   -3.24713800
111   40.86074700   -3.24706800
111   40.86096900   -3.24693600
113   40.86099100   -3.24700800

110  01 0.25   7.71 Apron
111   40.86094200   -3.24684800
111   40.86072400   -3.24697900
111   40.86070400   -3.24690800
113   40.86092300   -3.24677600

110  01 0.25   7.71 Apron
111   40.86067900   -3.24682700
111   40.86065800   -3.24675900
111   40.86086900   -3.24663100
113   40.86089200   -3.24669800

110  02 0.25   7.71 Apron
111   40.86057900   -3.24604600
111   40.86054300   -3.24593600
111   40.86063000   -3.24588900
113   40.86066700   -3.24600000

110  02 0.25   7.71 Apron
111   40.86043800   -3.24650000
111   40.86041500   -3.24642600
111   40.86048400   -3.24638900
113   40.86050800   -3.24646100

110  02 0.25   7.71 Apron
111   40.86039400   -3.24636000
111   40.86037200   -3.24628600
111   40.86044200   -3.24625200
113   40.86046300   -3.24632500

110  02 0.25   7.71 Apron
111   40.86034800   -3.24622500
111   40.86032700   -3.24615400
111   40.86039900   -3.24611900
113   40.86042100   -3.24618900

110  01 0.25   7.71 Apron
111   40.86171100   -3.24748100
111   40.86167400   -3.24716900
111   40.86696600   -3.24619600
113   40.86698900   -3.24651400

110  01 0.25   7.71 Apron
111   40.86097400   -3.24824800
111   40.86072200   -3.24751000
111   40.86081100   -3.24745200
111   40.86037200   -3.24606400
111   40.86001100   -3.24623700
111   40.86002800   -3.24630400
111   40.86011900   -3.24626000
111   40.86021200   -3.24659500
111   40.86027800   -3.24681800
111   40.85994700   -3.24699100
111   40.85980500   -3.24641100
111   40.85992600   -3.24634500
111   40.85988600   -3.24617700
111   40.86042900   -3.24591400
111   40.86052400   -3.24586800
111   40.86057800   -3.24604200
111   40.86085200   -3.24589600
111   40.86124400   -3.24711500
111   40.86105200   -3.24723900
111   40.86079800   -3.24644700
111   40.86059700   -3.24656600
113   40.86111800   -3.24821100

110  01 0.25   7.71 Apron
111   40.86053000   -3.24587800
111   40.86022300   -3.24601500
111   40.86018200   -3.24584600
111   40.86015400   -3.24573600
111   40.86004400   -3.24573000
111   40.85982400   -3.24545800
111   40.85976600   -3.24535100
111   40.85959400   -3.24515500
111   40.85959900   -3.24511100
111   40.85978700   -3.24531600
111   40.85984700   -3.24542400
111   40.85995500   -3.24556300
111   40.86004500   -3.24566200
111   40.86008500   -3.24567700
111   40.86013400   -3.24568000
111   40.86044500   -3.24557800
113   40.86047400   -3.24568500

110  02 0.25   7.71 Apron
111   40.86010100   -3.24746900
111   40.86007800   -3.24737000
111   40.86008600   -3.24734200
111   40.86013000   -3.24732400
111   40.86014700   -3.24733900
111   40.86017100   -3.24744200
111   40.86015900   -3.24747100
113   40.86012200   -3.24748500

110  02 0.25   7.71 Apron
111   40.86020600   -3.24582700
111   40.86017800   -3.24569600
111   40.86034000   -3.24562300
113   40.86037100   -3.24575300

110  01 0.25   7.71 Apron
111   40.86018800   -3.24535100
111   40.86034000   -3.24537400
111   40.86040200   -3.24545700
111   40.86044500   -3.24559100
111   40.86037900   -3.24563100
111   40.86014600   -3.24571200
111   40.86010300   -3.24552700
111   40.86016500   -3.24539900
111   40.86000800   -3.24538100
111   40.85980200   -3.24537000
111   40.85978200   -3.24532500
113   40.86000900   -3.24533400

110  01 0.25   7.71 Apron
111   40.86022500   -3.24601500
111   40.86015700   -3.24605400
111   40.86010000   -3.24586200
111   40.86003900   -3.24570600
111   40.86012000   -3.24573000
111   40.86017200   -3.24591400
113   40.86020000   -3.24590200

110  04 0.25   7.71 Apron
111   40.86011900   -3.24591700
111   40.85990200   -3.24601300
111   40.85992100   -3.24581100
111   40.85993900   -3.24560000
113   40.86007000   -3.24575500

110  04 0.25   7.71 Apron
111   40.86104500   -3.24818500
111   40.86102600   -3.24805700
111   40.86945900   -3.24654800
113   40.86948800   -3.24669600


99
