I
1000 Generated by WorldEditor

1   2332 0 0 LE96 Moia - Les Humbertes
100 22.00 4 0 0.25 0 0 0 18  41.78506252  002.12918531    0    0 0 0 0 0 36  41.78902148  002.12925469    0    0 0 0 0 0
110 4 0.25 0.7500 Taxiway
111  41.78740700  002.13088600
111  41.78739100  002.13091400
111  41.78735100  002.13098500
111  41.78731200  002.13105200
111  41.78723500  002.13118600
111  41.78728500  002.13123800
111  41.78742800  002.13098900
112  41.78745300  002.13094500  41.78747000  002.13091500
112  41.78750300  002.13082200  41.78751900  002.13077000
112  41.78751300  002.13078600  41.78752900  002.13073400
112  41.78756192  002.13051832  41.78754392  002.13046732
112  41.78747600  002.13053200  41.78745800  002.13048100
112  41.78738500  002.13038400  41.78734200  002.13033600
111  41.78738500  002.13038400
111  41.78736200  002.13051600
112  41.78744700  002.13064900  41.78746200  002.13069000
114  41.78744600  002.13078400  41.78743100  002.13083300
110 4 0.25 0.7500 Taxiway
112  41.78666400  002.13120300  41.78668300  002.13122200
111  41.78670500  002.13124300
111  41.78672600  002.13120400
112  41.78669000  002.13116900  41.78667100  002.13115000
112  41.78664300  002.13110000  41.78663100  002.13107300
112  41.78661800  002.13101400  41.78661300  002.13098300
112  41.78659600  002.13085700  41.78659100  002.13082600
112  41.78659400  002.13076200  41.78659700  002.13073000
112  41.78661200  002.13060700  41.78661500  002.13057500
112  41.78662900  002.13051300  41.78663700  002.13048200
112  41.78667200  002.13034100  41.78668000  002.13031000
112  41.78668100  002.13024700  41.78667900  002.13021500
112  41.78667600  002.13014800  41.78667400  002.13011600
112  41.78665800  002.13005600  41.78664800  002.13002700
112  41.78662200  002.12995300  41.78661200  002.12992400
112  41.78657700  002.12988300  41.78655700  002.12986600
112  41.78650300  002.12981700  41.78648300  002.12980000
112  41.78644000  002.12977100  41.78641800  002.12975800
111  41.78631900  002.12969800
111  41.78583300  002.12947300
111  41.78582100  002.12951900
111  41.78630500  002.12974200
112  41.78642200  002.12981300  41.78644400  002.12982600
112  41.78648500  002.12985900  41.78650500  002.12987600
112  41.78654900  002.12991500  41.78656900  002.12993200
112  41.78659400  002.12998500  41.78660400  002.13001400
112  41.78662200  002.13006800  41.78663200  002.13009700
112  41.78664000  002.13016000  41.78664200  002.13019200
112  41.78664500  002.13024100  41.78664700  002.13027300
112  41.78663600  002.13033500  41.78662800  002.13036600
112  41.78659300  002.13050100  41.78658500  002.13053200
112  41.78657600  002.13059500  41.78657300  002.13062700
112  41.78655800  002.13076400  41.78655500  002.13079600
112  41.78656000  002.13085900  41.78656500  002.13089000
112  41.78658400  002.13103200  41.78658900  002.13106300
112  41.78661000  002.13112000  41.78662300  002.13114700
114  41.78661600  002.13113300  41.78662900  002.13116000
110 4 0.25 0.7500 Taxiway
111  41.78464900  002.12900800
111  41.78462800  002.12875800
111  41.78459200  002.12876400
113  41.78461300  002.12901800
110 4 0.25 0.7500 Taxiway
112  41.78717400  002.13046300  41.78713700  002.13052600
111  41.78689400  002.13093600
111  41.78696600  002.13100800
112  41.78724300  002.13053900  41.78728000  002.13047600
111  41.78736200  002.13051600
111  41.78732200  002.13031200
111  41.78716000  002.13029400
114  41.78716000  002.13029400  41.78720700  002.13034400
110 2 0.25 0.7500 Apron
111  41.78720100  002.13117900
111  41.78688800  002.13180300
111  41.78694800  002.13184800
111  41.78697700  002.13186200
111  41.78728000  002.13127700
113  41.78728100  002.13125600
110 2 0.25 0.7500 Apron
111  41.78688000  002.13091600
111  41.78676800  002.13109800
111  41.78657300  002.13150000
111  41.78658200  002.13153000
111  41.78667400  002.13160400
111  41.78698300  002.13098900
113  41.78690500  002.13091800
110 1 0.25 0.7500 Apron
111  41.78710300  002.13109200
111  41.78697800  002.13097900
111  41.78666500  002.13159800
113  41.78679000  002.13171900
110 1 0.25 0.7500 Apron
111  41.78710200  002.13107700
111  41.78678900  002.13171200
111  41.78689100  002.13181700
113  41.78721100  002.13117300
110 4 0.25 0.7500 Apron
111  41.78697700  002.13099300
111  41.78723800  002.13120900
111  41.78727100  002.13113300
111  41.78721300  002.13109000
111  41.78708600  002.13099900
111  41.78704500  002.13095100
113  41.78701600  002.13090500
110 4 0.25 0.7500 Apron
111  41.78578100  002.12861200
111  41.78568400  002.12874700
111  41.78746800  002.13068600
111  41.78756100  002.13051500
113  41.78756200  002.13051500
14  41.78642800  002.12945400   6.00 0 Moia - Les Humbertes Tower
1300  41.78665600  002.13148000 308.58 misc props|helos GA Ramp  1
1300  41.78707700  002.13153100 308.99 misc props|helos GA Ramp  2
1300  41.78729500  002.13091700   0.00 misc props|helos GA Ramp  3
99
