I
850	# Converted by FS2XPlane 3.11


1     425 1 0 LEMU Aerodromo_de_Muchamiel
100 13.72 01 01 0.25 0 0 0 30   38.438651   -0.470457   0.0   0.0 01 00 0 0 12   38.442337   -0.479679   0.0   0.0 01 00 0 0
102 H1  38.439964   -0.472028 118.00 9.14 9.14 01 00 00 0.25 0
102 H2  38.440250   -0.471844 117.00 9.14 9.14 01 00 00 0.25 0
102 H3  38.440153   -0.471612 117.00 9.14 9.14 01 00 00 0.25 0
102 H4  38.439869   -0.471810 117.00 9.14 9.14 01 00 00 0.25 0
102 H5  38.440042   -0.471354 117.00 9.14 9.14 01 00 00 0.25 0
102 H6  38.439761   -0.471550 117.00 9.14 9.14 01 00 00 0.25 0
102 H7  38.439646   -0.471276 117.00 9.14 9.14 01 00 00 0.25 0
102 H8  38.439926   -0.471088 117.00 9.14 9.14 01 00 00 0.25 0

110 15 0.25 117.00 Apron path
111  38.439726   -0.471412 102
111  38.439726   -0.471412 102
111  38.439712   -0.471378 102
111  38.439726   -0.471369 102
111  38.439722   -0.471025 
111  38.439936   -0.471221 102
111  38.439952   -0.471210 102
111  38.440081   -0.471519 
113  38.439841   -0.471687 

120 Centreline for Path
111  38.440479   -0.472392 51
112  38.440451   -0.472324  38.440418   -0.472241 51
112  38.440324   -0.472250  38.440273   -0.472283 51
112  38.440175   -0.472348  38.440127   -0.472379 51
112  38.440158   -0.472516  38.440194   -0.472597 51
115  38.440184   -0.472575

120 Centreline for Path
112  38.440249   -0.471842  38.440150   -0.471904 51
112  38.440138   -0.472025  38.440163   -0.472086 51
112  38.440211   -0.472208  38.440235   -0.472269 51
116  38.440324   -0.472250  38.440375   -0.472217

120 Centreline for Path
112  38.440150   -0.471602  38.440050   -0.471664 51
112  38.440050   -0.471815  38.440084   -0.471895 51
116  38.439964   -0.472029  38.439873   -0.472092

120 Centreline for Path
112  38.440038   -0.471350  38.439943   -0.471415 51
112  38.439948   -0.471571  38.439982   -0.471654 51
116  38.439865   -0.471810  38.439775   -0.471887

120 Centreline for Path
112  38.439922   -0.471084  38.439831   -0.471148 51
112  38.439840   -0.471314  38.439877   -0.471403 51
116  38.439758   -0.471546  38.439667   -0.471612

120 Centreline for Path
112  38.439643   -0.471269  38.439738   -0.471210 51
116  38.439840   -0.471314  38.439877   -0.471403

120 Centreline for Path
112  38.440211   -0.472208  38.440187   -0.472147 51
112  38.440035   -0.472200  38.439942   -0.472256 51
116  38.439935   -0.472375  38.439961   -0.472436

120 Centreline for Path
112  38.440138   -0.472025  38.440163   -0.472086 51
116  38.440035   -0.472200  38.439942   -0.472256

120 Centreline for Path
112  38.440138   -0.472025  38.440113   -0.471965 51
116  38.440050   -0.471815  38.440017   -0.471735

120 Centreline for Path
112  38.440138   -0.472025  38.440113   -0.471965 51
116  38.439964   -0.472029  38.439873   -0.472092

120 Centreline for Path
112  38.440050   -0.471815  38.440084   -0.471895 51
116  38.440249   -0.471842  38.440348   -0.471780

120 Centreline for Path
112  38.440249   -0.471842  38.440150   -0.471904 51
116  38.439964   -0.472029  38.439873   -0.472092

120 Centreline for Path
112  38.440050   -0.471815  38.440017   -0.471735 51
116  38.439948   -0.471571  38.439912   -0.471488

120 Centreline for Path
112  38.440050   -0.471815  38.440017   -0.471735 51
116  38.439865   -0.471810  38.439775   -0.471887

120 Centreline for Path
112  38.439948   -0.471571  38.439982   -0.471654 51
116  38.440150   -0.471602  38.440250   -0.471540

120 Centreline for Path
112  38.440150   -0.471602  38.440050   -0.471664 51
116  38.439865   -0.471810  38.439775   -0.471887

120 Centreline for Path
112  38.439948   -0.471571  38.439912   -0.471488 51
116  38.439840   -0.471314  38.439803   -0.471224

120 Centreline for Path
112  38.439948   -0.471571  38.439912   -0.471488 51
116  38.439758   -0.471546  38.439667   -0.471612

120 Centreline for Path
112  38.439840   -0.471314  38.439877   -0.471403 51
116  38.440038   -0.471350  38.440133   -0.471285

120 Centreline for Path
112  38.440038   -0.471350  38.439943   -0.471415 51
116  38.439758   -0.471546  38.439667   -0.471612

120 Centreline for Path
112  38.439922   -0.471084  38.439831   -0.471148 51
116  38.439643   -0.471269  38.439548   -0.471328

120 Centreline for Path
112  38.440175   -0.472348  38.440223   -0.472316 51
116  38.440211   -0.472208  38.440187   -0.472147

120 GA Ramp 1
111  38.440503   -0.472376 51
115  38.440455   -0.472408

120 GA Ramp 2
111  38.440208   -0.472558 51
115  38.440160   -0.472592

110 01 0.25 117.00 Apron
111  38.438601   -0.470490
111  38.438683   -0.470702
111  38.438577   -0.470687
113  38.438520   -0.470541

110 01 0.25 117.00 Apron
111  38.439099   -0.473647
111  38.438769   -0.472838
111  38.439379   -0.472438
111  38.439587   -0.472961
111  38.439231   -0.473188
113  38.439349   -0.473478

110 02 0.25 117.00 Apron
111  38.439642   -0.472777
111  38.439588   -0.472639
111  38.439904   -0.472445
113  38.439951   -0.472571

110 05 0.25 117.00 Apron
111  38.440480   -0.475196
111  38.440083   -0.475464
111  38.440018   -0.475296
113  38.440420   -0.475045

110 01 0.25 117.00 Apron
111  38.442231   -0.479252
111  38.442506   -0.479090
111  38.442620   -0.479469
113  38.442388   -0.479646

110 01 0.25 117.00 Apron
111  38.439323   -0.471067
111  38.440534   -0.470296
111  38.441188   -0.471867
111  38.440946   -0.472058
111  38.441341   -0.473049
113  38.440387   -0.473687

110 05 0.25 117.00 Apron
111  38.441553   -0.474999
111  38.441302   -0.475190
111  38.441104   -0.474700
111  38.440819   -0.474896
111  38.440632   -0.474384
113  38.441171   -0.474036

14   38.441026   -0.475119   0.00 0 Aerodromo_de_Muchamiel Tower
15   38.440479   -0.472392 119.00 GA_Ramp_1
15   38.440446   -0.473483 299.00 GA_Ramp_11
15   38.440638   -0.473370 299.00 GA_Ramp_12
15   38.440811   -0.473245 299.00 GA_Ramp_13
15   38.438919   -0.472820   0.00 GA_Ramp_14
15   38.439106   -0.472695   0.00 GA_Ramp_15
15   38.439289   -0.472576   0.00 GA_Ramp_16
15   38.439590   -0.473498   0.00 GA_Ramp_17
15   38.439697   -0.473813   0.00 GA_Ramp_18
15   38.439459   -0.473235   0.00 GA_Ramp_19
15   38.440184   -0.472575 119.00 GA_Ramp_2
15   38.440235   -0.475002 299.00 GA_Ramp_20
15   38.440053   -0.475115 299.00 GA_Ramp_21
15   38.440403   -0.475413 117.00 GA_Ramp_22
15   38.440202   -0.475544 117.00 GA_Ramp_23
15   38.441081   -0.473943 299.00 GA_Ramp_24
15   38.440880   -0.474056 299.00 GA_Ramp_25
15   38.440669   -0.474194 299.00 GA_Ramp_26
15   38.440562   -0.474515 299.00 GA_Ramp_27

130 Flatten
111  38.435099   -0.471696
111  38.437617   -0.469952
111  38.440997   -0.468574
111  38.446176   -0.479043
111  38.441429   -0.483359
113  38.438336   -0.477757


99
