I
1000 Generated by WorldEditor

1   3047 0 0 LE08 Cocoll
100 26.00 4 0 0.25 0 0 0 02  38.72822542 -000.14528515    0    0 0 0 0 0 20  38.73553258 -000.14289285    0    0 0 0 0 0
100 16.00 2 0 0.25 0 0 0 01  38.73384929 -000.14344926    0    0 0 0 0 0 19  38.73541671 -000.14292674    0    0 0 0 0 0
102 H1  38.73047300 -000.14581700  14.39 10.00 10.00 2 0 0 0.25 1
110 4 0.25 14.3500 Taxiway
112  38.73025600 -000.14687000  38.73024100 -000.14684600
112  38.73018300 -000.14675300  38.73016800 -000.14672900
112  38.73015800 -000.14667100  38.73015700 -000.14664000
111  38.73013200 -000.14609400
111  38.73013300 -000.14596300
111  38.73011100 -000.14594500
111  38.73013000 -000.14590600
111  38.73013400 -000.14590900
111  38.73014300 -000.14507400
112  38.73012800 -000.14503300  38.73011800 -000.14503600
112  38.73007900 -000.14504700  38.73005600 -000.14505200
111  38.72937900 -000.14521100
112  38.72903200 -000.14530400  38.72900900 -000.14531000
112  38.72896800 -000.14534000  38.72894900 -000.14535800
111  38.72829400 -000.14596500
111  38.72827300 -000.14592800
112  38.72895400 -000.14529600  38.72897300 -000.14527800
112  38.72901800 -000.14526000  38.72904100 -000.14525400
111  38.72937300 -000.14516500
112  38.73007100 -000.14500300  38.73009400 -000.14499800
112  38.73013100 -000.14498500  38.73014800 -000.14497800
111  38.73015600 -000.14497400
111  38.73040100 -000.14488000
111  38.73107200 -000.14464500
111  38.73108100 -000.14468900
112  38.73051500 -000.14488800  38.73049200 -000.14489600
112  38.73051500 -000.14491000  38.73053800 -000.14491700
112  38.73065100 -000.14495100  38.73067400 -000.14495800
112  38.73071400 -000.14499100  38.73073300 -000.14501100
112  38.73079600 -000.14507900  38.73081500 -000.14509900
112  38.73082400 -000.14515500  38.73082400 -000.14518600
112  38.73082200 -000.14524800  38.73082200 -000.14527900
112  38.73080500 -000.14533500  38.73079400 -000.14536200
112  38.73068300 -000.14564000  38.73067200 -000.14566700
112  38.73064400 -000.14571800  38.73062900 -000.14574300
112  38.73045400 -000.14604500  38.73043900 -000.14607000
112  38.73039600 -000.14607800  38.73037200 -000.14607500
112  38.73029400 -000.14606700  38.73027000 -000.14606400
111  38.73022800 -000.14603900
111  38.73016900 -000.14599200
111  38.73016800 -000.14609200
112  38.73019400 -000.14665300  38.73019500 -000.14668400
112  38.73021800 -000.14673500  38.73023300 -000.14675900
112  38.73027700 -000.14682800  38.73029200 -000.14685200
112  38.73033400 -000.14687300  38.73035700 -000.14687900
111  38.73069200 -000.14696500
111  38.73068500 -000.14701000
114  38.73031400 -000.14691500  38.73029100 -000.14690900
112  38.73043800 -000.14599700  38.73045300 -000.14597200
112  38.73061400 -000.14569400  38.73062900 -000.14566900
112  38.73065200 -000.14561600  38.73066300 -000.14558900
112  38.73077000 -000.14532300  38.73078100 -000.14529600
112  38.73078700 -000.14523600  38.73078800 -000.14520500
112  38.73078700 -000.14517700  38.73078800 -000.14514600
112  38.73076100 -000.14510100  38.73074300 -000.14508100
112  38.73069700 -000.14503300  38.73067900 -000.14501300
112  38.73063500 -000.14499300  38.73061200 -000.14498600
112  38.73044200 -000.14493600  38.73041900 -000.14492900
112  38.73037300 -000.14493900  38.73035000 -000.14494800
112  38.73021300 -000.14500000  38.73019000 -000.14500900
111  38.73017900 -000.14505900
111  38.73017000 -000.14593800
111  38.73024000 -000.14599400
112  38.73030600 -000.14602300  38.73033000 -000.14602600
114  38.73038000 -000.14603000  38.73040400 -000.14603300
110 4 0.25 14.3500 Apron
111  38.73113700 -000.14468700
111  38.73089000 -000.14456500
111  38.72832300 -000.14536400
111  38.72828200 -000.14514200
111  38.73541200 -000.14280700
111  38.73545900 -000.14303500
111  38.73184400 -000.14424900
111  38.73171400 -000.14434800
111  38.73168800 -000.14442600
111  38.73166200 -000.14452500
111  38.73164700 -000.14464500
111  38.73165000 -000.14474000
111  38.73164000 -000.14483500
111  38.73156900 -000.14487600
111  38.73153700 -000.14465700
111  38.73118100 -000.14474100
113  38.73120600 -000.14494300
110 2 0.25 12.0000 Apron
111  38.73118300 -000.14474300
111  38.73153700 -000.14465900
111  38.73156900 -000.14487600
113  38.73121700 -000.14495800
110 1 0.25 14.3500 Apron
111  38.73085000 -000.14575100
111  38.73106900 -000.14575100
111  38.73107100 -000.14590000
111  38.73093800 -000.14590200
111  38.73093800 -000.14599500
113  38.73085200 -000.14599500
110 1 0.25 14.3500 Apron
111  38.73121900 -000.14561400
111  38.73116300 -000.14561400
111  38.73115800 -000.14551500
113  38.73121400 -000.14550700
110 2 0.25 5.0000 Apron
111  38.73085200 -000.14562400
111  38.73105400 -000.14561300
111  38.73105600 -000.14568600
113  38.73085500 -000.14569400
110 4 0.25 14.3500 Apron
111  38.73052800 -000.14576200
111  38.73055000 -000.14573900
111  38.73058000 -000.14569900
111  38.73062300 -000.14565900
111  38.73069600 -000.14562600
111  38.73085100 -000.14562600
111  38.73085200 -000.14575700
111  38.73085200 -000.14599700
111  38.73065700 -000.14597200
111  38.73060100 -000.14597200
111  38.73054800 -000.14595500
111  38.73050900 -000.14591600
111  38.73047600 -000.14588400
111  38.73052700 -000.14585800
113  38.73050900 -000.14574800
14  38.73477100 -000.14541900  52.00 0 Cocoll Tower
1300  38.73128400 -000.14478900 107.38 misc props|helos GA Ramp  1
1300  38.73152600 -000.14470500 110.59 misc props|helos GA Ramp  2
99
