I
1000 Generated by WorldEditor

1   2227 0 0 LE18 Aeroclub de Albacete
100 28.00 1 0 0.25 0 0 0 11  39.09686862 -001.71481618    0    0 2 0 0 0 29  39.10075138 -001.72677982    0    0 2 0 0 0
102 H1  39.09676100 -001.71673200  23.17 22.00 22.00 2 0 0 0.25 1
102 H2  39.09690800 -001.71717800  22.96 22.00 22.00 2 0 0 0.25 1
110 1 0.25 112.6600 Taxiway
111  39.09977000 -001.72642800
111  39.09972700 -001.72629500
111  39.09979300 -001.72625900
111  39.09793600 -001.72094900
111  39.09798600 -001.72092000
111  39.09986500 -001.72630000
111  39.09982700 -001.72632200
111  39.09984300 -001.72633600
111  39.09986400 -001.72632400
111  39.09989400 -001.72640800
112  39.09987200 -001.72642100  39.09985700 -001.72642900
112  39.09987900 -001.72651800  39.09989800 -001.72657500
112  39.10001800 -001.72692000  39.10003700 -001.72697700
112  39.10011800 -001.72699300  39.10016500 -001.72698500
111  39.10281100 -001.72652300
111  39.10329400 -001.72637800
111  39.10331000 -001.72646900
111  39.10282300 -001.72661300
111  39.10003100 -001.72710200
111  39.09968700 -001.72719200
112  39.09945600 -001.72724200  39.09940900 -001.72725200
112  39.09943900 -001.72726300  39.09947500 -001.72726700
111  39.10003600 -001.72733300
112  39.10277700 -001.72785600  39.10281200 -001.72786300
112  39.10288200 -001.72784800  39.10291700 -001.72783600
111  39.10312400 -001.72776600
111  39.10313800 -001.72783300
112  39.10288600 -001.72791800  39.10285100 -001.72793000
112  39.10278100 -001.72792600  39.10274600 -001.72791900
111  39.10003000 -001.72740100
112  39.09921900 -001.72730700  39.09918300 -001.72730300
112  39.09909600 -001.72732800  39.09905000 -001.72734600
111  39.09538600 -001.72877900
111  39.09536500 -001.72869000
112  39.09906100 -001.72724500  39.09910700 -001.72722700
112  39.09920100 -001.72720300  39.09924800 -001.72719300
111  39.09967300 -001.72710000
112  39.09990300 -001.72704000  39.09995000 -001.72702800
114  39.09994500 -001.72693700  39.09992600 -001.72688000
110 1 0.25 112.6600 Taxiway
111  39.09744300 -001.71761400
112  39.09663300 -001.71511300  39.09660100 -001.71501300
112  39.09664000 -001.71493800  39.09667700 -001.71492100
111  39.09669600 -001.71491300
112  39.09677800 -001.71488700  39.09683200 -001.71487000
112  39.09695800 -001.71496100  39.09702400 -001.71502800
112  39.09701000 -001.71501500  39.09707600 -001.71508200
111  39.09720500 -001.71541500
111  39.09682900 -001.71503700
111  39.09675400 -001.71506200
111  39.09748300 -001.71731600
112  39.09755600 -001.71745200  39.09757300 -001.71744300
112  39.09748600 -001.71713800  39.09742200 -001.71693800
111  39.09748600 -001.71713800
111  39.09784100 -001.71739800
111  39.09773400 -001.71790800
112  39.09773400 -001.71790800  39.09766900 -001.71770900
112  39.09761200 -001.71762300  39.09759500 -001.71763200
112  39.09761800 -001.71773500  39.09763900 -001.71780000
111  39.09765000 -001.71783300
112  39.09817600 -001.71945700  39.09820800 -001.71955700
112  39.09825100 -001.71959300  39.09826900 -001.71958400
112  39.09818000 -001.71927900  39.09811500 -001.71908000
111  39.09818000 -001.71927900
111  39.09853600 -001.71953600
111  39.09842900 -001.72004800
112  39.09842900 -001.72004800  39.09836400 -001.71984900
112  39.09830600 -001.71976400  39.09828900 -001.71977300
112  39.09832800 -001.71992800  39.09836000 -001.72002800
111  39.09917600 -001.72254800
112  39.09956000 -001.72373400  39.09959200 -001.72383400
112  39.09963700 -001.72386900  39.09965600 -001.72385900
112  39.09956800 -001.72355400  39.09950300 -001.72335500
111  39.09956800 -001.72355400
111  39.09992500 -001.72381200
111  39.09981800 -001.72432300
112  39.09981800 -001.72432300  39.09975300 -001.72412400
112  39.09969300 -001.72403900  39.09967400 -001.72405000
112  39.09971300 -001.72420500  39.09974600 -001.72430500
111  39.09993500 -001.72489100
111  39.10036600 -001.72622300
112  39.10047900 -001.72657300  39.10051100 -001.72667300
111  39.10052700 -001.72672300
111  39.10053600 -001.72672200
111  39.10061000 -001.72670900
111  39.10070200 -001.72619700
112  39.10075900 -001.72665000  39.10073200 -001.72675300
112  39.10074400 -001.72670300  39.10071700 -001.72680600
112  39.10062800 -001.72687000  39.10057700 -001.72687900
111  39.10055200 -001.72688200
112  39.10049900 -001.72689200  39.10046400 -001.72689800
112  39.10039900 -001.72675100  39.10036700 -001.72665100
111  39.10026800 -001.72634100
111  39.10023700 -001.72623500
111  39.10024600 -001.72625900
111  39.10024000 -001.72623600
112  39.10023700 -001.72623500  39.10023400 -001.72623400
111  39.10018500 -001.72608400
111  39.09983300 -001.72499700
111  39.09981000 -001.72501100
112  39.09981300 -001.72511100  39.09983200 -001.72516800
111  39.09981300 -001.72511100
111  39.09970300 -001.72502100
111  39.09974200 -001.72490700
112  39.09974200 -001.72490700  39.09975000 -001.72493000
111  39.09978100 -001.72492600
111  39.09980800 -001.72491100
111  39.09980500 -001.72491200
111  39.09952000 -001.72403200
112  39.09912200 -001.72280500  39.09909000 -001.72270500
111  39.09907400 -001.72265500
111  39.09906200 -001.72266200
111  39.09898600 -001.72270700
111  39.09890500 -001.72270300
111  39.09893900 -001.72257100
112  39.09893900 -001.72257100  39.09895000 -001.72260500
112  39.09899400 -001.72260000  39.09901900 -001.72258500
111  39.09903200 -001.72257800
112  39.09904000 -001.72257300  39.09904500 -001.72257000
112  39.09899900 -001.72241900  39.09896700 -001.72231900
111  39.09813600 -001.71975600
112  39.09759600 -001.71808900  39.09756400 -001.71798900
111  39.09754800 -001.71793900
111  39.09754600 -001.71794000
111  39.09751800 -001.71785600
112  39.09751900 -001.71785500  39.09752000 -001.71785400
114  39.09748200 -001.71773400  39.09745700 -001.71765400
110 2 0.25 112.6600 Taxiway
112  39.09885800 -001.72260600  39.09885000 -001.72261100
111  39.09884600 -001.72261200
111  39.09881800 -001.72252600
112  39.09883000 -001.72252000  39.09883700 -001.72251600
111  39.09881200 -001.72242900
111  39.09812800 -001.72040900
111  39.09809900 -001.72032500
111  39.09805200 -001.72018500
111  39.09802300 -001.72010000
111  39.09797200 -001.71995000
111  39.09794300 -001.71986500
111  39.09785100 -001.71959200
111  39.09773900 -001.71926300
111  39.09767200 -001.71906500
111  39.09764400 -001.71898000
111  39.09744400 -001.71839000
112  39.09741400 -001.71830600  39.09741500 -001.71830500
112  39.09738600 -001.71822000  39.09736700 -001.71816300
112  39.09733100 -001.71806000  39.09731200 -001.71800300
112  39.09736800 -001.71793900  39.09741200 -001.71791500
111  39.09751800 -001.71785600
111  39.09754600 -001.71794000
112  39.09746400 -001.71798600  39.09742000 -001.71801100
112  39.09742700 -001.71810800  39.09744600 -001.71816500
111  39.09749500 -001.71830900
111  39.09772300 -001.71898300
111  39.09780500 -001.71922500
111  39.09791700 -001.71955400
111  39.09802300 -001.71986800
111  39.09810400 -001.72010600
111  39.09817900 -001.72033000
111  39.09892200 -001.72252000
112  39.09893900 -001.72257100  39.09895000 -001.72260500
111  39.09899400 -001.72260000
111  39.09898600 -001.72270700
111  39.09904400 -001.72287600
111  39.09946500 -001.72409400
111  39.09961000 -001.72452200
111  39.09972900 -001.72487300
112  39.09974200 -001.72490700  39.09975000 -001.72493000
112  39.09978100 -001.72492600  39.09979900 -001.72491600
111  39.09978100 -001.72492600
111  39.09981000 -001.72501100
112  39.09981000 -001.72501100  39.09979300 -001.72502100
112  39.09981300 -001.72511100  39.09983200 -001.72516800
112  39.10018300 -001.72617400  39.10020200 -001.72623100
112  39.10022600 -001.72624700  39.10023500 -001.72623900
111  39.10024000 -001.72623600
111  39.10027400 -001.72633200
112  39.10025700 -001.72633800  39.10024600 -001.72634200
112  39.10026900 -001.72643000  39.10028800 -001.72648700
111  39.10040800 -001.72686300
111  39.10034200 -001.72689900
112  39.10020300 -001.72646800  39.10018400 -001.72641100
112  39.10015300 -001.72639500  39.10013800 -001.72640400
111  39.10013100 -001.72640800
111  39.10002000 -001.72647600
111  39.09998900 -001.72639200
111  39.10010100 -001.72632400
112  39.10012400 -001.72631000  39.10013900 -001.72630100
112  39.10011800 -001.72621200  39.10009900 -001.72615500
111  39.09970300 -001.72502100
111  39.09968300 -001.72496600
111  39.09966300 -001.72491100
112  39.09963400 -001.72482600  39.09961500 -001.72476900
111  39.09958800 -001.72468700
111  39.09955900 -001.72460200
111  39.09953000 -001.72451700
111  39.09950100 -001.72443200
111  39.09942700 -001.72421400
111  39.09939800 -001.72412900
112  39.09936900 -001.72404400  39.09935000 -001.72398700
112  39.09902100 -001.72304000  39.09900200 -001.72298300
112  39.09898000 -001.72296200  39.09897200 -001.72296700
111  39.09896800 -001.72296800
111  39.09894000 -001.72288200
112  39.09895100 -001.72287600  39.09895900 -001.72287200
112  39.09894800 -001.72282800  39.09893800 -001.72280000
112  39.09892300 -001.72279200  39.09891600 -001.72279600
111  39.09891300 -001.72279900
111  39.09888300 -001.72271500
111  39.09890500 -001.72270200
113  39.09888800 -001.72265100
110 4 0.25 112.6600 Taxiway
111  39.09979300 -001.72625900
111  39.09972700 -001.72629500
111  39.09534100 -001.71351000
113  39.09540600 -001.71347300
110 2 0.25 112.6600 Apron
111  39.09882800 -001.72334100
111  39.09843800 -001.72218200
111  39.09843800 -001.72215300
111  39.09867700 -001.72202800
111  39.09908100 -001.72322200
113  39.09884200 -001.72335200
110 2 0.25 112.6600 Apron
111  39.10011600 -001.72602900
111  39.10008700 -001.72601400
111  39.09985100 -001.72615000
111  39.09912500 -001.72401200
111  39.09936700 -001.72386800
113  39.09937600 -001.72383800
110 2 0.25 112.6600 Apron
111  39.09993200 -001.72657600
111  39.09986800 -001.72639100
111  39.09988000 -001.72637500
111  39.10000300 -001.72630100
111  39.10001900 -001.72631000
111  39.10008300 -001.72649200
111  39.10007300 -001.72651000
113  39.09994300 -001.72658700
110 2 0.25 112.6600 Apron
111  39.09707700 -001.71816600
111  39.09654400 -001.71660400
111  39.09655500 -001.71658200
111  39.09683300 -001.71642300
111  39.09684600 -001.71643000
111  39.09736900 -001.71795300
111  39.09734400 -001.71802800
113  39.09709300 -001.71816400
110 2 0.25 112.6600 Apron
111  39.09824400 -001.72173000
111  39.09789800 -001.72066300
111  39.09810200 -001.72055600
111  39.09812800 -001.72056700
111  39.09846600 -001.72159800
113  39.09844600 -001.72162300
110 3 0.25 112.6600 Apron
111  39.09987800 -001.72636700
111  39.09982600 -001.72616600
111  39.09991800 -001.72611600
113  39.10000900 -001.72629300
110 3 0.25 112.6600 Apron
111  39.09824800 -001.72172500
111  39.09844000 -001.72215200
111  39.09843600 -001.72218300
111  39.09882600 -001.72333800
111  39.09884600 -001.72334600
111  39.09905800 -001.72404600
113  39.09904200 -001.72405900
110 1 0.25 112.6600 Apron
111  39.10056200 -001.72546700
111  39.10043900 -001.72552200
111  39.10002400 -001.72431400
113  39.10017300 -001.72423100
110 2 0.25 112.6600 Apron
111  39.09986600 -001.72637600
111  39.09984800 -001.72632200
111  39.09999000 -001.72624200
113  39.10000800 -001.72629700
110 1 0.25 112.6600 Apron
111  39.09981800 -001.72633900
111  39.09939100 -001.72509500
111  39.09947200 -001.72505000
113  39.09990200 -001.72628700
110 1 0.25 112.6600 Apron
111  39.09801500 -001.72077700
111  39.09807300 -001.72095500
111  39.09796900 -001.72101400
111  39.09791300 -001.72083200
111  39.09787400 -001.72068100
111  39.09810300 -001.72056500
111  39.09812600 -001.72056900
113  39.09816600 -001.72069600
120 Centreline for Taxi
111  39.10036100 -001.72683800 51
112  39.10022159 -001.72640557  39.10020320 -001.72634852 51
112  39.10022550 -001.72630200  39.10024650 -001.72629000 51
112  39.10028250 -001.72626900  39.10029950 -001.72625900 51
112  39.10035607 -001.72640386  39.10038812 -001.72650377 51
112  39.10043893 -001.72666214  39.10047098 -001.72676205 51
112  39.10051550 -001.72680700  39.10053450 -001.72680367 51
112  39.10060050 -001.72679250  39.10063817 -001.72678617 51
112  39.10067900 -001.72669900  39.10069367 -001.72664300 51
116  39.10060364 -001.72631592  39.10053873 -001.72611654
120 Centreline for Taxi
111  39.09982900 -001.72628300 51
115  39.09797200 -001.72096600
120 Centreline for Taxi
112  39.09705215 -001.71536271  39.09698805 -001.71516290 51
112  39.09690000 -001.71500600  39.09686267 -001.71496800 51
112  39.09677900 -001.71497000  39.09673567 -001.71498400 51
112  39.09669150 -001.71500100  39.09667650 -001.71500767 51
112  39.09671742 -001.71516067  39.09674970 -001.71526046 51
112  39.09745258 -001.71743333  39.09748486 -001.71753311 51
112  39.09754650 -001.71772350  39.09757683 -001.71781717 51
112  39.09756200 -001.71788100  39.09754200 -001.71789233 51
112  39.09746595 -001.71793465  39.09742192 -001.71795909 51
112  39.09741605 -001.71796235  39.09737202 -001.71798678 51
112  39.09737889 -001.71808386  39.09739815 -001.71814043 51
112  39.09743311 -001.71824314  39.09745237 -001.71829971 51
112  39.09749077 -001.71841292  39.09750995 -001.71846954 51
112  39.09766123 -001.71891608  39.09768041 -001.71897269 51
112  39.09771867 -001.71908598  39.09773779 -001.71914263 51
112  39.09774333 -001.71915902  39.09776244 -001.71921567 51
112  39.09780089 -001.71932886  39.09782015 -001.71938543 51
112  39.09785511 -001.71948814  39.09787437 -001.71954471 51
112  39.09791268 -001.71965797  39.09793181 -001.71971462 51
112  39.09796132 -001.71980203  39.09798044 -001.71985868 51
112  39.09801888 -001.71997186  39.09803813 -001.72002843 51
112  39.09804212 -001.72004014  39.09806137 -001.72009671 51
112  39.09809959 -001.72021002  39.09811866 -001.72026670 51
112  39.09811741 -001.72026298  39.09813647 -001.72031966 51
112  39.09813050 -001.72035700  39.09812017 -001.72036300 51
116  39.09804958 -001.72040446  39.09800596 -001.72043011
120 Centreline for Taxi
112  39.10035607 -001.72640386  39.10032402 -001.72630395 51
112  39.10025957 -001.72610433  39.10022728 -001.72600454 51
112  39.09992543 -001.72507167  39.09989314 -001.72497189 51
112  39.09984950 -001.72493750  39.09983117 -001.72494783 51
112  39.09977900 -001.72497750  39.09975033 -001.72499383 51
112  39.09976539 -001.72508657  39.09978498 -001.72514295 51
112  39.10016461 -001.72623543  39.10018420 -001.72629181 51
116  39.10022550 -001.72630200  39.10024650 -001.72629000
120 Centreline for Taxi
112  39.09992543 -001.72507167  39.09989314 -001.72497189 51
112  39.09982843 -001.72477240  39.09979606 -001.72467267 51
112  39.09962657 -001.72415060  39.09959419 -001.72405087 51
112  39.09952958 -001.72385132  39.09949730 -001.72375154 51
112  39.09916642 -001.72272868  39.09913414 -001.72262889 51
112  39.09908250 -001.72259950  39.09905883 -001.72261317 51
112  39.09899250 -001.72265200  39.09895617 -001.72267333 51
112  39.09894500 -001.72270400  39.09894967 -001.72271733 51
112  39.09898121 -001.72280867  39.09900069 -001.72286512 51
112  39.09898179 -001.72281033  39.09900126 -001.72286678 51
112  39.09904026 -001.72297965  39.09905976 -001.72303608 51
112  39.09940274 -001.72402835  39.09942225 -001.72408478 51
116  39.09936464 -001.72414545  39.09931974 -001.72416709
120 Centreline for Taxi
112  39.09756200 -001.71788100  39.09758200 -001.71786967 51
112  39.09764042 -001.71801368  39.09767270 -001.71811346 51
112  39.09814558 -001.71957532  39.09817786 -001.71967511 51
112  39.09824245 -001.71987466  39.09827475 -001.71997443 51
112  39.09906955 -001.72242934  39.09910185 -001.72252911 51
116  39.09908250 -001.72259950  39.09905883 -001.72261317
120 Centreline for Taxi
112  39.09809959 -001.72021002  39.09808053 -001.72015334 51
112  39.09805650 -001.72013250  39.09804683 -001.72013750 51
116  39.09797611 -001.72017711  39.09793218 -001.72020185
120 Centreline for Taxi
112  39.09801888 -001.71997186  39.09799963 -001.71991529 51
112  39.09797500 -001.71989650  39.09796500 -001.71990283 51
116  39.09789475 -001.71994494  39.09785124 -001.71997090
120 Centreline for Taxi
112  39.09771867 -001.71908598  39.09769956 -001.71902933 51
112  39.09767650 -001.71901000  39.09766750 -001.71901600 51
116  39.09759694 -001.71905561  39.09755290 -001.71908002
120 Centreline for Taxi
112  39.09743311 -001.71824314  39.09745237 -001.71829971 51
112  39.09744550 -001.71833800  39.09743450 -001.71834467 51
116  39.09736328 -001.71838562  39.09731947 -001.71841070
120 Centreline for Taxi
112  39.09904026 -001.72297965  39.09902075 -001.72292322 51
112  39.09898250 -001.72291000  39.09896350 -001.72292000 51
116  39.09888849 -001.72296322  39.09884481 -001.72298869
120 Centreline for Taxi
112  39.09894500 -001.72270400  39.09894967 -001.72271733 51
112  39.09892500 -001.72274050  39.09890700 -001.72275150 51
116  39.09883163 -001.72279267  39.09878738 -001.72281646
120 Centreline for Taxi
112  39.09813050 -001.72035700  39.09814083 -001.72035100 51
112  39.09817481 -001.72043290  39.09819401 -001.72048951 51
112  39.09886019 -001.72245310  39.09887940 -001.72250970 51
112  39.09891350 -001.72261100  39.09892983 -001.72265967 51
116  39.09899250 -001.72265200  39.09902883 -001.72263067
120 Centreline for Taxi
112  39.09886019 -001.72245310  39.09887940 -001.72250970 51
112  39.09886050 -001.72255350  39.09884150 -001.72256383 51
116  39.09876547 -001.72260417  39.09872111 -001.72262761
120 Centreline for Taxi
112  39.10022550 -001.72630200  39.10020450 -001.72631400 51
116  39.10015500 -001.72634300  39.10012900 -001.72635833
120 Centreline for Taxi
112  39.10016461 -001.72623543  39.10018420 -001.72629181 51
116  39.10022159 -001.72640557  39.10023998 -001.72646262
120 Centreline for Taxi
112  39.10016461 -001.72623543  39.10018420 -001.72629181 51
116  39.10015500 -001.72634300  39.10012900 -001.72635833
120 Centreline for Taxi
112  39.10022159 -001.72640557  39.10020320 -001.72634852 51
116  39.10015500 -001.72634300  39.10012900 -001.72635833
120 Centreline for Taxi
112  39.10028250 -001.72626900  39.10029950 -001.72625900 51
116  39.10025957 -001.72610433  39.10022728 -001.72600454
120 Centreline for Taxi
112  39.09984950 -001.72493750  39.09986783 -001.72492717 51
116  39.09982843 -001.72477240  39.09979606 -001.72467267
120 Centreline for Taxi
112  39.09976539 -001.72508657  39.09974580 -001.72503019 51
116  39.09971600 -001.72494700  39.09970267 -001.72491033
120 Centreline for Taxi
112  39.09977900 -001.72497750  39.09975033 -001.72499383 51
116  39.09971600 -001.72494700  39.09970267 -001.72491033
120 Centreline for Taxi
112  39.09916642 -001.72272868  39.09913414 -001.72262889 51
116  39.09906955 -001.72242934  39.09903725 -001.72232957
120 Centreline for Taxi
112  39.09894500 -001.72270400  39.09894033 -001.72269067 51
116  39.09891350 -001.72261100  39.09889717 -001.72256233
120 Centreline for Taxi
112  39.09764042 -001.71801368  39.09760814 -001.71791389 51
116  39.09754650 -001.71772350  39.09751617 -001.71762983
120 Centreline for Taxi
112  39.09952958 -001.72385132  39.09956186 -001.72395111 51
116  39.09969350 -001.72393800  39.09977050 -001.72389600
120 Centreline for Taxi
112  39.09962657 -001.72415060  39.09959419 -001.72405087 51
116  39.09969350 -001.72393800  39.09977050 -001.72389600
120 Centreline for Taxi
112  39.09814558 -001.71957532  39.09817786 -001.71967511 51
116  39.09830700 -001.71966200  39.09838233 -001.71962000
120 Centreline for Taxi
112  39.09824245 -001.71987466  39.09821015 -001.71977489 51
116  39.09830700 -001.71966200  39.09838233 -001.71962000
120 Centreline for Taxi
112  39.09745258 -001.71743333  39.09748486 -001.71753311 51
116  39.09761300 -001.71752150  39.09768767 -001.71748050
120 Centreline for Taxi
112  39.09754650 -001.71772350  39.09751617 -001.71762983 51
116  39.09761300 -001.71752150  39.09768767 -001.71748050
120 Centreline for Taxi
112  39.09946077 -001.72419792  39.09944159 -001.72414131 51
116  39.09940274 -001.72402835  39.09938324 -001.72397192
120 Centreline for Taxi
112  39.09811741 -001.72026298  39.09813647 -001.72031966 51
116  39.09817481 -001.72043290  39.09819401 -001.72048951
120 Centreline for Taxi
112  39.09805650 -001.72013250  39.09806617 -001.72012750 51
116  39.09804212 -001.72004014  39.09802287 -001.71998357
120 Centreline for Taxi
112  39.09797500 -001.71989650  39.09798500 -001.71989017 51
116  39.09796132 -001.71980203  39.09794219 -001.71974538
120 Centreline for Taxi
112  39.09767650 -001.71901000  39.09768550 -001.71900400 51
116  39.09766123 -001.71891608  39.09764205 -001.71885946
120 Centreline for Taxi
112  39.09749077 -001.71841292  39.09747159 -001.71835631 51
116  39.09744550 -001.71833800  39.09743450 -001.71834467
120 Centreline for Taxi
112  39.09898250 -001.72291000  39.09900150 -001.72290000 51
116  39.09898179 -001.72281033  39.09896231 -001.72275388
120 Centreline for Taxi
112  39.09898121 -001.72280867  39.09896174 -001.72275222 51
116  39.09892500 -001.72274050  39.09890700 -001.72275150
120 Centreline for Taxi
112  39.09891350 -001.72261100  39.09889717 -001.72256233 51
116  39.09886050 -001.72255350  39.09884150 -001.72256383
120 Taxi hold short
111  39.09669493 -001.71491987 54
115  39.09673307 -001.71506213
120 Taxi hold short
111  39.10053643 -001.72672739 54
115  39.10055157 -001.72687661
14  39.09841200 -001.72154200  32.00 0 Aeroclub de Albacete Tower
1300  39.09879800 -001.72301600  22.35 misc props|helos GA Ramp  1
1300  39.09873800 -001.72284300  22.35 misc props|helos GA Ramp  2
1300  39.09869200 -001.72264300  22.58 misc props|helos GA Ramp  3
1300  39.09932200 -001.72416600  23.50 misc props|helos GA Ramp  4
1300  39.09946200 -001.72460700  23.32 misc props|helos GA Ramp  5
1300  39.09958400 -001.72495600  25.87 misc props|helos GA Ramp  6
1300  39.09793300 -001.72047300  24.11 misc props|helos GA Ramp  7
1300  39.09785200 -001.72024700  23.28 misc props|helos GA Ramp  8
1300  39.09777400 -001.72001700  24.33 misc props|helos GA Ramp  9
1300  39.09749700 -001.71911100  23.64 misc props|helos GA Ramp 12
1300  39.09728400 -001.71843100  23.29 misc props|helos GA Ramp 13
99
