I
1000 Generated by WorldEditor

1    282 0 0 LEF8 Los Garranchos
100 17.00 1 0 0.25 0 0 0 06  37.84552162 -000.88168868    0    0 2 0 0 0 24  37.84785838 -000.87736932    0    0 2 0 0 0
110 1 0.25 55.6300 Taxiway
112  37.84725400 -000.88137800  37.84725100 -000.88142300
111  37.84724600 -000.88152900
111  37.84719200 -000.88152500
112  37.84720000 -000.88138400  37.84720300 -000.88133900
112  37.84719000 -000.88125000  37.84718100 -000.88120600
112  37.84719000 -000.88124500  37.84718100 -000.88120100
112  37.84714800 -000.88112000  37.84712900 -000.88108100
111  37.84705500 -000.88092200
112  37.84690500 -000.88058200  37.84688800 -000.88054200
112  37.84686800 -000.88046100  37.84686100 -000.88042000
112  37.84682600 -000.88045500  37.84680500 -000.88049200
112  37.84607700 -000.88174800  37.84605600 -000.88178500
112  37.84600100 -000.88184200  37.84597200 -000.88186800
112  37.84591800 -000.88191600  37.84588900 -000.88194200
112  37.84582600 -000.88198500  37.84579400 -000.88200500
112  37.84550700 -000.88218100  37.84547500 -000.88220100
112  37.84540600 -000.88222400  37.84537100 -000.88223300
112  37.84537600 -000.88223100  37.84534100 -000.88224000
112  37.84526900 -000.88224400  37.84523300 -000.88224400
112  37.84511800 -000.88224400  37.84508200 -000.88224400
112  37.84501000 -000.88225200  37.84497400 -000.88225700
112  37.84493700 -000.88226200  37.84490100 -000.88226700
112  37.84483500 -000.88230200  37.84480300 -000.88232300
111  37.84468900 -000.88240000
111  37.84466400 -000.88234000
112  37.84481900 -000.88223600  37.84485100 -000.88221500
112  37.84492100 -000.88219600  37.84495700 -000.88219100
112  37.84500600 -000.88218400  37.84504200 -000.88217900
112  37.84511400 -000.88217600  37.84515000 -000.88217600
112  37.84526300 -000.88217600  37.84529900 -000.88217600
112  37.84537000 -000.88216300  37.84540500 -000.88215400
112  37.84538800 -000.88215800  37.84542300 -000.88214900
112  37.84549000 -000.88211500  37.84552300 -000.88209500
112  37.84572500 -000.88197100  37.84575800 -000.88195100
112  37.84572100 -000.88192900  37.84568600 -000.88192100
112  37.84567600 -000.88191800  37.84564100 -000.88191000
112  37.84557300 -000.88188100  37.84554000 -000.88186400
111  37.84524900 -000.88172200
111  37.84480000 -000.88150900
111  37.84408400 -000.88110800
111  37.84410600 -000.88104600
111  37.84482000 -000.88144500
111  37.84526900 -000.88165800
112  37.84558700 -000.88181500  37.84562000 -000.88183200
112  37.84569000 -000.88185200  37.84572500 -000.88186000
112  37.84580100 -000.88187800  37.84583600 -000.88188600
112  37.84589800 -000.88185100  37.84592700 -000.88182500
112  37.84596300 -000.88179200  37.84599200 -000.88176600
112  37.84603900 -000.88169800  37.84606000 -000.88166100
111  37.84685000 -000.88029900
111  37.84771200 -000.87880700
112  37.84800500 -000.87835500  37.84802800 -000.87832000
112  37.84808100 -000.87825900  37.84810900 -000.87823000
112  37.84818700 -000.87815000  37.84821500 -000.87812100
112  37.84827600 -000.87807300  37.84830700 -000.87805000
112  37.84854200 -000.87787500  37.84857300 -000.87785200
112  37.84863000 -000.87779600  37.84865700 -000.87776600
112  37.84873100 -000.87768500  37.84875800 -000.87765500
111  37.84880400 -000.87758500
111  37.84909500 -000.87709000
111  37.84613100 -000.87423600
111  37.84618000 -000.87415400
111  37.85085200 -000.87865200
111  37.85080300 -000.87873400
111  37.84913800 -000.87713200
111  37.84884400 -000.87763100
112  37.84877100 -000.87773100  37.84874400 -000.87776100
112  37.84866200 -000.87785200  37.84863500 -000.87788200
112  37.84857400 -000.87793100  37.84854300 -000.87795400
112  37.84830600 -000.87812900  37.84827500 -000.87815200
112  37.84821700 -000.87820600  37.84818900 -000.87823500
112  37.84811900 -000.87830700  37.84809100 -000.87833600
112  37.84804300 -000.87840300  37.84802000 -000.87843800
111  37.84775400 -000.87884900
112  37.84693300 -000.88027200  37.84691200 -000.88030900
112  37.84691300 -000.88039400  37.84692100 -000.88043900
112  37.84691900 -000.88043100  37.84692700 -000.88047600
112  37.84695700 -000.88055800  37.84697400 -000.88059800
111  37.84710100 -000.88088800
112  37.84719800 -000.88109400  37.84721700 -000.88113300
112  37.84723900 -000.88121900  37.84724800 -000.88126300
114  37.84724500 -000.88124400  37.84725400 -000.88128800
110 1 0.25 55.6300 Taxiway
111  37.84529900 -000.88164400
111  37.84519500 -000.88160100
111  37.84525900 -000.88142300
111  37.84533900 -000.88145600
112  37.84548100 -000.88148200  37.84552200 -000.88147600
111  37.84559100 -000.88138200
111  37.84571400 -000.88149700
112  37.84571400 -000.88149700  37.84565700 -000.88160400
114  37.84551500 -000.88167100  37.84544000 -000.88168000
110 1 0.25 55.6300 Taxiway
112  37.84550900 -000.88119000  37.84542200 -000.88112200
112  37.84526600 -000.88099900  37.84517900 -000.88093100
111  37.84513600 -000.88089700
111  37.84549600 -000.88095100
112  37.84561100 -000.88104200  37.84568800 -000.88110300
111  37.84572600 -000.88113200
111  37.84581000 -000.88131800
113  37.84559100 -000.88138200
110 1 0.25 55.6300 Apron
111  37.84802200 -000.87754100
111  37.84800600 -000.87760400
111  37.84798900 -000.87763500
111  37.84796300 -000.87765900
111  37.84793300 -000.87767100
111  37.84780300 -000.87767900
111  37.84777200 -000.87769700
111  37.84774300 -000.87772700
111  37.84558000 -000.88173200
111  37.84555800 -000.88175300
111  37.84552500 -000.88173700
111  37.84539500 -000.88168200
111  37.84588400 -000.88073100
111  37.84591500 -000.88073700
111  37.84594500 -000.88072300
111  37.84596400 -000.88070000
111  37.84779100 -000.87732100
113  37.84800700 -000.87748200
110 1 0.25 55.6300 Apron
111  37.84564900 -000.88052000
111  37.84589700 -000.88074100
111  37.84539100 -000.88168400
111  37.84501800 -000.88152000
111  37.84494600 -000.88149100
111  37.84493500 -000.88147500
111  37.84500100 -000.88129000
111  37.84494000 -000.88125000
111  37.84498200 -000.88120400
111  37.84517800 -000.88134200
111  37.84529400 -000.88142400
111  37.84531100 -000.88143200
111  37.84537600 -000.88128900
111  37.84544500 -000.88114100
111  37.84512900 -000.88089500
111  37.84510600 -000.88087100
111  37.84521300 -000.88070200
111  37.84525100 -000.88073300
111  37.84551700 -000.88096000
111  37.84564700 -000.88072100
111  37.84535400 -000.88045600
111  37.84539500 -000.88039800
111  37.84542600 -000.88035900
113  37.84547200 -000.88036100
110 2 0.25 55.6300 Apron
111  37.84540500 -000.88110400
111  37.84534200 -000.88124300
111  37.84533500 -000.88123600
111  37.84526600 -000.88140200
111  37.84498400 -000.88120400
113  37.84512800 -000.88089600
110 2 0.25 55.6300 Apron
111  37.84521400 -000.88070300
111  37.84535800 -000.88045600
111  37.84564800 -000.88072000
113  37.84551500 -000.88096000
110 2 0.25 55.6300 Apron
111  37.84534200 -000.88124500
111  37.84540600 -000.88110500
111  37.84545000 -000.88113000
113  37.84538400 -000.88127500
110 2 0.25 55.6300 Apron
111  37.84523700 -000.88135500
111  37.84530400 -000.88121300
111  37.84538500 -000.88127200
113  37.84532200 -000.88140800
14  37.84942800 -000.88427200  45.00 0 Los Garranchos Tower
1300  37.84561400 -000.88100400 326.58 misc props|helos GA Ramp  2
1300  37.84507400 -000.88139800 332.23 misc props|helos GA Ramp  3
1300  37.84516700 -000.88103400  60.91 misc props|helos GA Ramp  4
19  37.84572027 -000.88173408 0 New Windsock 1
99
