I
1000 Generated by WorldEditor

1   1632 0 0 LE97 Almorox
100 20.00 3 0 0.25 0 0 0 15  40.21035851 -004.38561685    0    0 1 0 0 0 33  40.21330325 -004.38788893    0    0 1 0 0 0
100 16.00 3 0 0.25 0 0 0 13  40.21050177 -004.38534397    0    0 1 0 0 0 31  40.21214423 -004.38752203    0    0 1 0 0 0
110 4 0.00 0.0000 New Taxiway 2
111  40.21027454 -004.38586329
111  40.21031335 -004.38572018
111  40.21082101 -004.38611219
113  40.21071726 -004.38632583
14  40.21449300 -004.38697400  39.37 0 Almorox Tower
1300  40.21112800 -004.38652600  59.26 misc props|helos GA Ramp  1
1300  40.21127300 -004.38673600  54.86 misc props|helos GA Ramp  2
19  40.21084100 -004.38619738 0 New Windsock 1
99
