I
1000 Generated by WorldEditor

1   2214 0 0 LEC7 Tiurana
100 24.00 12 0 0.25 0 0 0 12  41.97289628  001.26082547    0    0 0 0 0 0 30  41.97460572  001.25713053    0    0 0 0 0 0
110 1 0.25 121.8500 Taxiway
112  41.97646900  001.25503300  41.97649500  001.25501400
111  41.97660600  001.25493000
111  41.97658400  001.25487700
112  41.97649700  001.25494200  41.97647100  001.25496200
112  41.97644800  001.25492200  41.97644100  001.25488900
111  41.97643800  001.25487100
112  41.97639800  001.25468500  41.97639000  001.25464600
112  41.97634500  001.25460200  41.97631800  001.25458500
112  41.97629000  001.25456900  41.97626300  001.25455200
112  41.97620400  001.25455100  41.97617400  001.25455600
112  41.97605500  001.25457200  41.97602500  001.25457700
112  41.97596600  001.25459200  41.97593700  001.25460100
112  41.97579200  001.25464300  41.97576300  001.25465200
112  41.97571900  001.25470300  41.97570000  001.25473400
111  41.97555400  001.25497400
112  41.97540500  001.25519300  41.97538500  001.25522300
112  41.97533800  001.25527200  41.97531300  001.25529500
112  41.97519400  001.25540000  41.97516900  001.25542300
112  41.97512400  001.25547600  41.97510200  001.25550400
111  41.97495400  001.25569400
112  41.97491000  001.25575400  41.97488900  001.25578300
112  41.97485200  001.25584600  41.97483500  001.25587900
112  41.97481900  001.25590800  41.97480200  001.25594100
112  41.97475000  001.25597700  41.97472100  001.25599000
111  41.97468000  001.25600900
112  41.97460700  001.25604500  41.97457900  001.25605900
112  41.97452100  001.25607700  41.97449200  001.25608400
112  41.97451300  001.25607900  41.97448400  001.25608600
112  41.97443100  001.25612300  41.97440600  001.25614500
112  41.97442900  001.25612600  41.97440400  001.25614800
112  41.97434700  001.25616800  41.97431800  001.25617400
111  41.97417100  001.25620600
112  41.97405600  001.25622500  41.97402600  001.25623000
112  41.97397200  001.25620300  41.97394600  001.25618400
112  41.97384300  001.25610700  41.97381700  001.25608800
112  41.97376200  001.25605600  41.97373400  001.25604100
111  41.97323800  001.25577700
111  41.97322200  001.25583300
112  41.97374200  001.25611000  41.97377000  001.25612500
112  41.97382300  001.25616100  41.97384900  001.25618000
112  41.97396200  001.25626500  41.97398800  001.25628400
112  41.97404600  001.25628700  41.97407600  001.25628200
112  41.97412000  001.25627500  41.97415000  001.25627000
112  41.97419600  001.25631200  41.97421700  001.25634100
111  41.97419600  001.25631200
111  41.97425100  001.25630100
112  41.97425100  001.25630100  41.97423000  001.25627200
112  41.97426400  001.25624800  41.97429300  001.25624200
112  41.97435000  001.25622900  41.97437900  001.25622300
112  41.97443300  001.25625100  41.97445900  001.25627200
112  41.97444900  001.25626400  41.97447500  001.25628500
112  41.97453100  001.25631000  41.97456000  001.25632000
112  41.97455200  001.25631800  41.97458100  001.25632800
112  41.97461700  001.25628000  41.97463200  001.25624500
112  41.97463200  001.25624200  41.97464700  001.25620700
112  41.97463100  001.25614900  41.97461600  001.25612200
112  41.97465000  001.25608800  41.97467800  001.25607400
111  41.97469600  001.25606500
112  41.97477900  001.25602700  41.97480700  001.25601400
112  41.97484700  001.25595800  41.97486400  001.25592500
112  41.97488600  001.25588600  41.97490300  001.25585300
112  41.97494400  001.25579400  41.97496500  001.25576500
111  41.97498600  001.25573800
112  41.97515300  001.25552400  41.97517400  001.25549600
112  41.97522200  001.25544800  41.97524700  001.25542500
112  41.97536800  001.25531800  41.97539300  001.25529500
112  41.97543500  001.25523900  41.97545500  001.25520900
111  41.97558800  001.25501400
112  41.97574400  001.25475700  41.97576300  001.25472600
112  41.97581600  001.25469700  41.97584500  001.25468800
112  41.97597400  001.25465200  41.97600300  001.25464300
112  41.97606300  001.25463200  41.97609300  001.25462700
112  41.97619600  001.25461300  41.97622600  001.25460800
112  41.97628200  001.25463100  41.97630900  001.25464800
112  41.97630700  001.25464600  41.97633400  001.25466300
112  41.97636000  001.25472900  41.97636800  001.25476800
111  41.97639400  001.25488700
114  41.97641800  001.25500400  41.97642600  001.25504300
112  41.97446400  001.25616800  41.97447900  001.25615500
112  41.97452500  001.25613800  41.97455000  001.25613100
112  41.97458100  001.25616100  41.97459400  001.25618300
112  41.97458700  001.25622900  41.97457800  001.25625200
112  41.97453900  001.25625100  41.97451600  001.25624300
114  41.97447400  001.25621300  41.97445300  001.25619600
110 4 0.25 121.8500 Taxiway
112  41.97431400  001.25638900  41.97429300  001.25636000
112  41.97425100  001.25630100  41.97423000  001.25627200
112  41.97426400  001.25624800  41.97429300  001.25624200
111  41.97426400  001.25624800
111  41.97417100  001.25620600
111  41.97412000  001.25627500
112  41.97412000  001.25627500  41.97415000  001.25627000
112  41.97419600  001.25631200  41.97421700  001.25634100
112  41.97427400  001.25642100  41.97429500  001.25645000
112  41.97431900  001.25652200  41.97432800  001.25656000
111  41.97440900  001.25689300
111  41.97445100  001.25687400
114  41.97435900  001.25649100  41.97435000  001.25645200
110 12 0.25 121.8500 Taxiway
111  41.97407800  001.25749300
112  41.97421500  001.25753500  41.97426600  001.25753800
112  41.97417900  001.25778600  41.97410300  001.25795000
111  41.97417900  001.25778600
111  41.97457500  001.25748000
111  41.97459400  001.25743200
111  41.97461300  001.25738500
111  41.97455900  001.25710200
111  41.97442800  001.25727000
111  41.97441900  001.25725800
112  41.97430500  001.25725100  41.97422800  001.25724600
111  41.97408000  001.25717500
111  41.97396900  001.25710700
113  41.97401700  001.25745500
110 12 0.25 121.8500 Apron
111  41.97391243  001.25809233
111  41.97390600  001.25814100
111  41.97391300  001.25826300
111  41.97391600  001.25834500
111  41.97390000  001.25839600
111  41.97288200  001.26062300
111  41.97303500  001.26075400
111  41.97452900  001.25754300
111  41.97458700  001.25745900
111  41.97462200  001.25740600
111  41.97467500  001.25730600
111  41.97471400  001.25721800
111  41.97472800  001.25717400
111  41.97471400  001.25712800
111  41.97468600  001.25709300
111  41.97463200  001.25707800
111  41.97458200  001.25703300
111  41.97452400  001.25702400
111  41.97449000  001.25704200
111  41.97444200  001.25704700
111  41.97436200  001.25698900
111  41.97430800  001.25697800
111  41.97426000  001.25700600
111  41.97423600  001.25704018
111  41.97421784  001.25706377
111  41.97420083  001.25708891
111  41.97417058  001.25710667
111  41.97413341  001.25712357
111  41.97407900  001.25710600
111  41.97401500  001.25707400
111  41.97397700  001.25705600
111  41.97393700  001.25702400
111  41.97390000  001.25696500
111  41.97386200  001.25696500
111  41.97383200  001.25696500
111  41.97381400  001.25697800
111  41.97377200  001.25701500
111  41.97374500  001.25708400
111  41.97375300  001.25717800
111  41.97377800  001.25725800
111  41.97381200  001.25732600
111  41.97387800  001.25743400
111  41.97394480  001.25754122
111  41.97399147  001.25764681
111  41.97400083  001.25776248
111  41.97399155  001.25782859
111  41.97396093  001.25790578
111  41.97393856  001.25797552
113  41.97392352  001.25803263
110 3 0.25 121.8500 Apron
111  41.97467900  001.25729100
111  41.97476100  001.25721700
111  41.97478700  001.25718000
111  41.97481400  001.25712900
111  41.97484100  001.25710200
111  41.97484700  001.25706100
111  41.97482800  001.25700200
111  41.97480800  001.25694700
111  41.97479400  001.25691600
111  41.97476800  001.25691000
111  41.97473600  001.25690800
111  41.97471000  001.25692100
111  41.97451200  001.25705400
111  41.97461200  001.25708400
111  41.97466900  001.25715400
113  41.97466900  001.25721400
110 3 0.25 121.8500 Apron
111  41.97461900  001.25667000
111  41.97454600  001.25669100
111  41.97460200  001.25683800
111  41.97461000  001.25686900
111  41.97460000  001.25688600
111  41.97457900  001.25690200
111  41.97457400  001.25693600
111  41.97459800  001.25699700
111  41.97462400  001.25698400
111  41.97465300  001.25696200
111  41.97467800  001.25694700
111  41.97471100  001.25694800
111  41.97474000  001.25697300
111  41.97480000  001.25693900
111  41.97478900  001.25689700
111  41.97478100  001.25684100
111  41.97475200  001.25676400
111  41.97471900  001.25670800
113  41.97467100  001.25667700
110 1 0.25 121.8500 Apron
111  41.97595600  001.25551500
111  41.97595800  001.25541300
111  41.97590300  001.25542000
111  41.97586200  001.25544500
111  41.97581500  001.25546600
111  41.97566900  001.25549400
111  41.97552800  001.25552100
111  41.97539000  001.25559800
111  41.97520300  001.25574500
111  41.97462000  001.25614000
111  41.97462600  001.25625600
111  41.97492900  001.25606200
111  41.97508900  001.25595600
111  41.97524600  001.25584800
111  41.97531000  001.25579300
111  41.97535600  001.25575500
111  41.97541200  001.25570800
111  41.97550500  001.25565900
111  41.97561100  001.25563500
111  41.97568800  001.25562200
111  41.97577200  001.25561900
111  41.97582000  001.25564100
111  41.97590100  001.25566900
111  41.97595300  001.25568300
113  41.97596100  001.25560300
110 1 0.25 121.8500 Apron
111  41.97554400  001.25582100
111  41.97551800  001.25564100
111  41.97545300  001.25566100
111  41.97547600  001.25578600
111  41.97550000  001.25596200
111  41.97553200  001.25618600
111  41.97553800  001.25625200
111  41.97553800  001.25626800
111  41.97551700  001.25629200
111  41.97548900  001.25628900
111  41.97528400  001.25611400
111  41.97508500  001.25591400
111  41.97495400  001.25601900
111  41.97504900  001.25608600
111  41.97515600  001.25616300
111  41.97522300  001.25621900
111  41.97531400  001.25629900
111  41.97553300  001.25646300
111  41.97575000  001.25663700
111  41.97577500  001.25665800
111  41.97582100  001.25658700
111  41.97582300  001.25653700
111  41.97568000  001.25640400
111  41.97564200  001.25634800
111  41.97561800  001.25628500
111  41.97560100  001.25622500
111  41.97557500  001.25607000
113  41.97555700  001.25591300
110 13 0.25 121.8500 Apron
111  41.97606300  001.25479600
111  41.97604200  001.25481000
111  41.97604500  001.25493900
111  41.97606600  001.25495400
111  41.97624300  001.25495100
111  41.97626600  001.25493200
111  41.97626300  001.25481000
113  41.97624600  001.25479100
110 2 0.25 121.8500 Apron
111  41.97486300  001.25609500
111  41.97472900  001.25620500
111  41.97487700  001.25628600
111  41.97494800  001.25608200
113  41.97496900  001.25602000
110 4 0.25 121.8500 Apron
111  41.97440800  001.25688700
111  41.97438600  001.25693000
111  41.97438400  001.25699400
111  41.97438200  001.25706100
111  41.97454400  001.25703800
111  41.97460300  001.25699100
111  41.97459500  001.25695400
111  41.97458400  001.25690800
111  41.97455700  001.25687600
111  41.97452100  001.25687000
111  41.97449600  001.25686800
113  41.97444900  001.25687600
110 12 0.25 121.8500 Apron
111  41.97410000  001.25780900
111  41.97409800  001.25776200
111  41.97409400  001.25764800
111  41.97407100  001.25760600
111  41.97405300  001.25762700
111  41.97403200  001.25768000
111  41.97402200  001.25772100
111  41.97400300  001.25778300
111  41.97397400  001.25785600
111  41.97394100  001.25795200
111  41.97391800  001.25799800
111  41.97391200  001.25806900
111  41.97396100  001.25804500
111  41.97400700  001.25798800
113  41.97404200  001.25792000
110 3 0.25 121.8500 Apron
111  41.97444600  001.25686800
111  41.97449000  001.25686100
111  41.97448400  001.25682400
111  41.97447300  001.25677000
111  41.97445700  001.25671700
111  41.97443900  001.25668500
111  41.97441700  001.25666100
113  41.97440100  001.25666100
120 Centreline for Taxi
111  41.97325100  001.25581600 51
112  41.97375221  001.25608276  41.97378007  001.25609759 51
112  41.97383331  001.25613430  41.97385952  001.25615383 51
112  41.97396669  001.25623370  41.97399290  001.25625323 51
112  41.97405063  001.25625583  41.97408038  001.25625105 51
112  41.97412937  001.25624317  41.97415912  001.25623839 51
112  41.97421839  001.25622653  41.97424798  001.25622022 51
112  41.97435461  001.25619747  41.97438420  001.25619116 51
112  41.97443755  001.25621908  41.97446325  001.25623980 51
112  41.97445845  001.25623592  41.97448415  001.25625664 51
112  41.97454045  001.25628248  41.97456941  001.25629280 51
112  41.97454055  001.25628252  41.97456952  001.25629284 51
112  41.97460550  001.25624500  41.97461983  001.25620967 51
112  41.97459943  001.25614425  41.97458106  001.25611242 51
112  41.97459857  001.25614275  41.97458019  001.25611092 51
112  41.97452686  001.25610639  41.97449744  001.25611398 51
112  41.97452214  001.25610761  41.97449271  001.25611520 51
112  41.97444030  001.25615192  41.97441517  001.25617387 51
112  41.97443670  001.25615508  41.97441157  001.25617703 51
116  41.97435461  001.25619747  41.97432502  001.25620378
120 Centreline for Taxi
111  41.97657500  001.25491800 51
112  41.97648318  001.25498739  41.97645706  001.25500713 51
112  41.97643217  001.25495867  41.97642428  001.25491979 51
112  41.97642783  001.25493733  41.97641994  001.25489844 51
112  41.97640362  001.25482088  41.97639536  001.25478214 51
112  41.97637938  001.25470712  41.97637113  001.25466837 51
112  41.97632603  001.25462415  41.97629871  001.25460758 51
112  41.97628597  001.25459985  41.97625866  001.25458328 51
112  41.97620032  001.25458158  41.97617054  001.25458596 51
112  41.97605868  001.25460242  41.97602889  001.25460681 51
112  41.97597007  001.25462180  41.97594079  001.25463033 51
112  41.97580393  001.25467020  41.97577464  001.25467873 51
112  41.97573155  001.25472981  41.97571259  001.25476101 51
112  41.97559945  001.25494719  41.97558048  001.25497840 51
112  41.97554072  001.25503867  41.97552053  001.25506845 51
112  41.97542028  001.25521633  41.97540009  001.25524611 51
112  41.97535264  001.25529461  41.97532773  001.25531701 51
112  41.97520836  001.25542439  41.97518345  001.25544680 51
112  41.97513848  001.25549974  41.97511681  001.25552756 51
112  41.97500252  001.25567426  41.97498084  001.25570209 51
112  41.97493824  001.25575877  41.97491706  001.25578729 51
112  41.97492676  001.25577423  41.97490559  001.25580274 51
112  41.97486880  001.25586612  41.97485134  001.25589887 51
112  41.97483320  001.25593288  41.97481573  001.25596563 51
112  41.97476449  001.25600165  41.97473616  001.25601474 51
112  41.97473051  001.25601735  41.97470217  001.25603045 51
112  41.97464583  001.25605791  41.97461771  001.25607184 51
112  41.97461317  001.25607409  41.97458506  001.25608803 51
116  41.97459856  001.25614275  41.97461694  001.25617458
120 Centreline for Taxi
112  41.97412937  001.25624317  41.97415912  001.25623839 51
116  41.97420502  001.25627975  41.97422569  001.25630892
120 Centreline for Taxi
112  41.97421839  001.25622653  41.97418880  001.25623284 51
116  41.97420502  001.25627975  41.97422569  001.25630892
120 Centreline for Taxi
112  41.97443755  001.25621908  41.97441185  001.25619836 51
116  41.97443670  001.25615508  41.97446183  001.25613313
120 Centreline for Taxi
112  41.97452686  001.25610639  41.97455629  001.25609880 51
116  41.97461317  001.25607410  41.97464128  001.25606016
14  41.97324700  001.26333500  35.00 0 Tiurana Tower
1300  41.97443800  001.25715100 109.86 misc props|helos GA Ramp  1
1300  41.97473700  001.25716500 222.82 misc props|helos GA Ramp  3
1300  41.97391800  001.25738300   0.00 misc props|helos GA Ramp  5
99
