I
1000	# Converted by FS2XPlane 3.26


1      137 1 0 LEBB Bilbao-Loiu
100  45.00  1 1 0.25 1 1 1 10   43.30332825   -2.93705101  90.0   0.0 3  1 0 1 28   43.30125975   -2.91252699 555.0   0.0 3  0 0 0
21    43.30328481   -2.93202531 2  96.60 3.6 10 PAPI4
21    43.30253395   -2.93214449 3  96.60 3.6 10 PAPI4
21    43.30178412   -2.92325453 2 276.60 3.4 28 PAPI4
100  45.00  1 1 0.25 1 1 1 12   43.30633286   -2.92497918   0.0   0.0 5  3 0 0 30   43.29585714   -2.89628282 459.9   0.0 5  4 1 0
21    43.30540968   -2.92129245 2 116.60 3.0 12 PAPI4
21    43.30473382   -2.92175671 3 116.60 3.0 12 PAPI4
21    43.29894396   -2.90589645 2 296.60 3.4 30 PAPI4
21    43.29961982   -2.90543219 3 296.60 3.4 30 PAPI4
14    43.29797300   -2.91237500  140 0 Bilbao-Loiu Tower

1300  43.30106800   -2.93078300 276.76 misc props|helos GA Ramp  1

1300  43.30080400   -2.93126500 276.75 misc props|helos GA Ramp  6

1300  43.30113800   -2.93161500 276.75 misc props|helos GA Ramp  7

1300  43.30101900   -2.93203600 276.75 misc props|helos GA Ramp 11

1300  43.30090000   -2.93244100 276.75 misc props|helos GA Ramp 15

1300  43.30479200   -2.90812300  27.36 misc turboprops|props GA Ramp N 1

1300  43.30461600   -2.90743500  27.36 misc props|helos GA Ramp N 2

1300  43.30439800   -2.90688400  27.36 misc props|helos GA Ramp N 3

1300  43.30403100   -2.90579300  27.36 misc props|helos GA Ramp N 5

1300  43.30375700   -2.90508700  27.36 misc turboprops|props GA Ramp N 6

1300  43.30304400   -2.90471400  58.61 misc props|helos GA Ramp N 7

1300  43.30158500   -2.90417500 329.48 misc props|helos GA Ramp N11

1300  43.30179500   -2.90368600 329.48 misc props|helos GA Ramp N12

1300  43.30276500   -2.90243300 237.97 misc props|helos GA Ramp N15

1300  43.30343300   -2.90320000 237.97 misc props|helos GA Ramp N17

1300  43.30468300   -2.90896300 358.23 misc props|helos GA Ramp N21

1300  43.30246800   -2.90425300  58.61 misc turboprops|props GA Ramp N89

1300  43.30126300   -2.93547700 186.10 misc props|helos GA Ramp S10

1300  43.30131600   -2.93599700 186.12 misc props|helos GA Ramp S11

1300  43.30118100   -2.93449800 156.37 misc turboprops|props GA Ramp S89

20    43.30669100   -2.92501300 324.00 0 3 {@L}_C6_
20    43.30677500   -2.92447500   0.00 0 3 {@L}_C6_
20    43.30621200   -2.92556500 266.00 0 3 {@L}_D1_
20    43.30583900   -2.92537600 228.00 0 3 {@L}_D1_
20    43.30619600   -2.92385500 312.00 0 5 {@Y}_{^lu}D1_C6{^ru}_
20    43.30575600   -2.92414100 279.00 0 5 {@Y}_{^lu}D1_C6{^ru}_
20    43.30620400   -2.92387800  91.00 0 5 {@R}_12_
20    43.30576600   -2.92416900 129.00 0 5 {@R}_12_
20    43.30590400   -2.92637900  29.00 0 3 {@Y}_{^lu}C6_{@L}_D1_{@R}_12_
20    43.30559500   -2.92602000  66.00 0 3 {@Y}_{^lu}C6_{@L}_D1_{@R}_12_
20    43.30750200   -2.92524800 213.00 0 3 {@R}_12_{@L}_C6_{@Y}_D1{^ru}_
20    43.30744700   -2.92466100 165.00 0 3 {@R}_12_{@L}_C6_{@Y}_D1{^ru}_
20    43.30768800   -2.92413800 279.00 0 3 {@L}_C6_
20    43.30806600   -2.92390400 302.00 0 3 {@L}_C6_
20    43.30807300   -2.92393300  84.00 0 3 {@L}_T6_
20    43.30769500   -2.92416500 114.00 0 3 {@L}_T6_
20    43.30662600   -2.91999400 311.00 0 3 {@L}_T6_
20    43.30626300   -2.92022300 283.00 0 3 {@L}_T6_
20    43.30663600   -2.92002300 104.00 0 3 {@L}_T6_{@Y}_T5{^u}_
20    43.30627600   -2.92025300 130.00 0 3 {@Y}_{^u}T5_{@L}_T6_
20    43.30596900   -2.91942400 128.00 0 3 {@L}_T5_
20    43.30632800   -2.91918700  98.00 0 3 {@L}_T5_
20    43.30631700   -2.91916000 304.00 0 3 {@Y}_{^u}T6_{@L}_T5_
20    43.30595800   -2.91939500 284.00 0 3 {@L}_T5_{@Y}_T6{^u}_
20    43.30596700   -2.91955400 175.00 0 3 {@L}_C5_
20    43.30614400   -2.92015100 233.00 0 3 {@L}_C5_
20    43.30612300   -2.92016300   9.00 0 3 {@Y}_{^l}T6_{@L}_C5_{@Y}_T5{^r}
20    43.30594600   -2.91958200  29.00 0 3 {@Y}_{^l}T6_{@L}_C5_{@Y}_T5{^r}_
20    43.30459500   -2.91919300 306.00 0 3 {@L}_C5_
20    43.30480300   -2.91870700 337.00 0 3 {@L}_C5_
20    43.30453100   -2.91928800  97.00 0 5 {@Y}_{^ld}C5_
20    43.30396000   -2.91772200 309.00 0 5 {@Y}_C5{^ru}_
20    43.30329900   -2.91095800 310.00 0 3 {@L}_T5_
20    43.30292600   -2.91119400 283.00 0 3 {@L}_T5_
20    43.30330900   -2.91098500 100.00 0 3 {@Y}_{^l}B_{@L}_T5_{@Y}_T4{^u}_
20    43.30293800   -2.91122100 129.00 0 3 {@Y}_{^l}B_{@L}_T5_{@Y}_T4{^u}_
20    43.30292400   -2.90994100  97.00 0 3 {@L}_T4_
20    43.30255400   -2.91018700 131.00 0 3 {@L}_T4_
20    43.30291300   -2.90991700 308.00 0 3 {@Y}_{^u}T5_{@L}_T4_{@Y}_B{^r}_
20    43.30254500   -2.91016100 282.00 0 3 {@Y}_{^u}T5_{@L}_T4_{@Y}_B{^r}_
20    43.30317300   -2.91003400  37.00 0 3 {@L}_B_
20    43.30340300   -2.91062500  16.00 0 3 {@L}_B_
20    43.30319100   -2.91002300 182.00 0 3 {@Y}_{^l}T4_{@L}_B_{@Y}_T5{^r}_
20    43.30342000   -2.91060700 225.00 0 3 {@Y}_{^l}T4_{@L}_B_{@Y}_T5{^r}_
20    43.30389200   -2.91019800 231.00 0 3 {@L}_B_
20    43.30371300   -2.90971200 181.00 0 3 {@L}_B_
20    43.30159100   -2.90634900 316.00 0 3 {@L}_T4_
20    43.30122200   -2.90658200 278.00 0 3 {@L}_T4_
20    43.30160100   -2.90637800 104.00 0 3 {@Y}_{^l}A2_{@L}_T4_{@Y}_{^u}T3_|_C4{^rd}
20    43.30123300   -2.90661100 126.00 0 3 {@Y}_{^l}A2_|_T3{^u}_{@L}_T4_{@Y}_C4{^rd}_
20    43.30171000   -2.90604700 225.00 0 3 {@Y}_{^l}T3_|_C4{^ru}_{@L}_A2_{@Y}_T4{^r}_
20    43.30147800   -2.90548100 181.00 0 3 {@Y}_{^l}T3_{@L}_A2_{@Y}_C4{^ru}_|_T4{^r}_
20    43.30164000   -2.90611100  13.00 0 3 {@L}_A2_
20    43.30141000   -2.90553100  45.00 0 3 {@L}_A2_
20    43.30218100   -2.90565000 226.00 0 3 {@L}_A2_
20    43.30088700   -2.90568200 132.00 0 3 {@L}_T3_
20    43.30122400   -2.90544400  95.00 0 3 {@L}_T3_
20    43.30121600   -2.90542200 312.00 0 3 {@Y}_{^lu}C4_|_T4{^u}_{@L}_T3_{@Y}_A2{^r}_
20    43.30087900   -2.90566000 282.00 0 3 {@Y}_{^lu}C4_{@L}_T3{@Y}_{^u}T4_|_A2{^r}_
20    43.30106700   -2.90499900  98.00 0 3 {@Y}_{^lu}A1_{@L}_T3_{@Y}_T2{^u}_
20    43.30071100   -2.90520300 135.00 0 3 {@Y}_{^lu}A1_{@L}_T3_{@Y}_T2{^u}_
20    43.30095400   -2.90365900 210.00 0 3 {@Y}_{^ld}T2_{@L}_A1_{@Y}_T3{^ru}_
20    43.30050700   -2.90343300  98.00 0 3 {@L}_T2_
20    43.30014700   -2.90367400 132.00 0 3 {@L}_T2_
20    43.30049900   -2.90341300 312.00 0 3 {@Y}_{^u}T3_{@L}_T2_{@Y}_A1{^ru}_
20    43.30013900   -2.90365300 281.00 0 3 {@Y}_{^u}T3_{@L}_T2_{@Y}_A1{^ru}_
20    43.30042200   -2.90441500 277.00 0 3 {@L}_T3_
20    43.30021500   -2.90264000 312.00 0 3 {@L}_T2_
20    43.29985200   -2.90288000 274.00 0 3 {@L}_T2_
20    43.30022300   -2.90266100 100.00 0 3 {@L}_T2_{@Y}_T1{^u}_
20    43.29985900   -2.90290000 131.00 0 3 {@Y}_{^u}T1_{@L}_T2_
20    43.29950800   -2.90194500 129.00 0 3 {@L}_T1_
20    43.29987000   -2.90170100  98.00 0 3 {@L}_T1_
20    43.29986100   -2.90167700 304.00 0 3 {@Y}_{^u}T2_{@L}_T1_
20    43.29949700   -2.90192000 280.00 0 3 {@L}_T1_{@Y}_T2{^u}
20    43.30109400   -2.90647900 225.00 0 3 {@L}_C4_
20    43.30080800   -2.90596200 195.00 0 3 {@L}_C4_
20    43.30078900   -2.90598200  61.00 0 3 {@Y}_{^l}T4_|_A2{^u}_{@L}_C4_{@Y}_T3{^r}_
20    43.30107500   -2.90649500  28.00 0 3 {@Y}_{^l}T4_{@L}_C4_{@Y}_{^u}A2_|_T3{^r}_
20    43.30098800   -2.90677700 274.00 0 3 {@R}_28_{@L}_C4_
20    43.30058300   -2.90666300 244.00 0 3 {@L}_C4_{@R}_28_
20    43.30074400   -2.90875200 114.00 0 3 {@L}_C4_
20    43.30119400   -2.90933200  70.00 0 3 {@L}_C4_
20    43.30119300   -2.90931000 290.00 0 3 {@R}_{^u}28_|_30-12_
20    43.30074200   -2.90873000 259.00 0 3 {@R}_30-12_|_28{^u}_
20    43.30153400   -2.91277400 297.00 0 5 {@R}_28_
20    43.30102900   -2.91282600 254.00 0 3 {@R}_28_
20    43.29972400   -2.90273100 244.00 0 3 {@L}_C3_
20    43.29951000   -2.90216100 183.00 0 3 {@L}_C3_
20    43.29949600   -2.90217500  61.00 0 3 {@Y}_{^l}T2_{@L}_C3_{@Y}_T1{^r}_
20    43.29970900   -2.90274500  31.00 0 3 {@Y}_{^l}T2_{@L}_C3_{@Y}_T1{^r}_
20    43.29910400   -2.90417000  98.00 0 3 {@L}_C3_
20    43.29948600   -2.90464800  51.00 0 3 {@L}_C3_
20    43.29755000   -2.89655100 274.00 0 3 {@L}_T1_
20    43.29790400   -2.89631800 311.00 0 3 {@L}_T1_
20    43.29791200   -2.89633900  98.00 0 3 {@L}_T1_{@Y}_{^u}C1_|_C2{^ru}_
20    43.29755700   -2.89657300 135.00 0 3 {@Y}_{^u}C1_|_C2{^ru}_{@L}_T1_
20    43.29726400   -2.89565300 144.00 0 3 {@L}_C1_
20    43.29757600   -2.89531400 110.00 0 3 {@L}_C1_
20    43.29723000   -2.89578600 154.00 0 3 {@L}_C2_
20    43.29730600   -2.89627000 205.00 0 3 {@L}_C2_
20    43.29701100   -2.89655700 247.00 0 3 {@R}_30_{@L}_C2_
20    43.29675300   -2.89620900 201.00 0 3 {@L}_C2_{@R}_30_
20    43.29677000   -2.89578200 264.00 0 3 {@R}_30_{@L}_C1_
20    43.29644600   -2.89557500 222.00 0 3 {@L}_C1_{@R}_30_
20    43.29629100   -2.89602500  92.00 0 3 {@L}_C1_
20    43.29654700   -2.89643200  30.00 0 3 {@L}_C1_
20    43.29676800   -2.89692500  23.00 0 3 {@L}_C2_
20    43.29658100   -2.89648700  80.00 0 3 {@L}_C2_
20    43.29902900   -2.90422700 317.00 0 5 {@Y}_C3{^rd}
20    43.29954900   -2.90564300  96.00 0 5 {@Y}_{^lu}C3_
20    43.30069600   -2.90878900 316.00 0 5 {@Y}_C4{^rd}_
20    43.30069100   -2.91027500 276.00 0 5 {@R}_{^lu}28_
20    43.30146100   -2.91087500  98.00 0 5 {@Y}_{^lu}C4_
20    43.30160400   -2.91279400 135.00 0 5 {@R}_28{^rd}_
20    43.30153500   -2.91280000  71.00 0 5 {@R}_12-30_{@Y}_C4{^u}_
20    43.30103000   -2.91285100 110.00 0 5 {@Y}_{^u}C4_{@R}_12-30_
20    43.29670200   -2.89784600 315.00 0 5 {@R}_30_
20    43.29626300   -2.89814400 279.00 0 5 {@R}_30_
20    43.29671000   -2.89786700  99.00 0 5 {@Y}_{^l}C2_|_{^lu}C1_
20    43.30309800   -2.92981300  19.00 0 3 {@L}_D1_
20    43.30317100   -2.93048300 347.00 0 3 {@L}_D1_
20    43.30347500   -2.93022100 248.01 0 3 {@R}_28-10_{@L}_D1_{@Y}_D3{^u}_
20    43.30319400   -2.92975600 201.00 0 3 {@Y}_{^u}D3_{@L}_D1_{@R}_28-10_
20    43.30294700   -2.92957600 289.00 0 5 {@Y}_D1{^r}_
20    43.30245600   -2.92965500 261.00 0 5 {@Y}_{^l}D3_
20    43.30255700   -2.93086400 107.00 0 5 {@Y}_D3{^r}_
20    43.30304900   -2.93079000  79.00 0 5 {@Y}_{^l}D1_
20    43.30238300   -2.93056700 199.00 0 3 {@L}_D3_
20    43.30235100   -2.92999600 164.00 0 3 {@L}_D3_
20    43.30214500   -2.93002800  16.00 0 3 {@R}_10-28_{@L}_D3_{@Y}_D1{^u}_
20    43.30218700   -2.93059300 349.00 0 3 {@Y}_{^u}D1_{@L}_D3_{@R}_10-28_
20    43.30168000   -2.93009900  27.00 0 3 {@L}_D3_
20    43.30173000   -2.93066900 350.00 0 3 {@L}_D3_
20    43.30294200   -2.93719300 204.00 0 3 {@L}_D2_{@Y}_
20    43.30288200   -2.93664200 169.00 0 3 {@L}_D2_
20    43.30268600   -2.93668500  25.00 0 3 {@R}_10_{@L}_D2_
20    43.30271800   -2.93723400 341.00 0 3 {@L}_D2_{@R}_10_
20    43.30216700   -2.93653300 299.00 0 3 {@L}_D2_
20    43.30177600   -2.93665500 270.00 0 3 {@L}_D2_
20    43.30349100   -2.93602700  77.00 0 5 {@R}_10_
20    43.30300100   -2.93610400 111.00 0 3 {@R}_10_
20    43.30299900   -2.93608000 255.00 0 5 {@Y}_{^l}D2_
20    43.29861800   -2.89949100 135.00 0 3 {@L}_K1_
20    43.29897500   -2.89924700  92.00 0 3 {@L}_K1_
20    43.30178600   -2.91561700  72.00 0 5 {@R}_12-30_{@L}_P4_
20    43.30125800   -2.91567200 114.00 0 5 {@L}_P4_{@R}_12-30_
53   12170 GND
54   11850 TWR
55   12070 APP

1000 Default Flow
1001 LEBB 000 359 999
1002 LEBB 0
1003 LEBB 0
1004 0000 2400
1101 10 left
1100 10 12070 arrivals|departures heavy|jets|turboprops|props 000359 000359 Runway 10
1100 28 12070 arrivals|departures heavy|jets|turboprops|props 000359 000359 Runway 28
1100 12 12070 arrivals|departures heavy|jets|turboprops|props 000359 000359 Runway 12
1100 30 12070 arrivals|departures heavy|jets|turboprops|props 000359 000359 Runway 30

1200 
1201  43.30618200   -2.92456900 both   18 
1201  43.30328300   -2.93649900 both  139 
1201  43.30759200   -2.92492900 both    8 12/30 hold short
1201  43.30770700   -2.92487700 both    7 
1201  43.30796600   -2.92422700 both    6 
1201  43.30629400   -2.91969300 both    5 
1201  43.30293600   -2.91057900 both    4 
1201  43.30123100   -2.90600200 both    3 
1201  43.30079200   -2.90481400 both   98 
1201  43.29986100   -2.90229100 both   13 
1201  43.29739600   -2.89551900 both   30 
1201  43.29679800   -2.89517900 both    2 
1201  43.29669300   -2.89547300 both    1 12/30 hold short
1201  43.29616100   -2.89711800 both   10 
1201  43.29635000   -2.89653000 both    9 
1201  43.29951700   -2.90250900 both   12 
1201  43.29945300   -2.90270900 both   11 
1201  43.29923300   -2.90553200 both   15 
1201  43.29938500   -2.90289100 both   14 
1201  43.30083500   -2.90643400 both   93 12/30 hold short
1201  43.30110200   -2.91064800 both   16 
1201  43.30384800   -2.91817800 both   17 
1201  43.30568700   -2.91984600 both   21 
1201  43.30582800   -2.91989700 both   20 
1201  43.30596600   -2.91993100 both   19 
1201  43.30607500   -2.92526800 both   22 
1201  43.30565000   -2.92636000 both  107 12/30 hold short
1201  43.30347800   -2.92977200 both   25 10/28 hold short
1201  43.30275300   -2.93022400 both   26 
1201  43.30199400   -2.93681000 both   51 
1201  43.30227500   -2.93700100 both  140 
1201  43.30257300   -2.93697300 both  141 10/28 hold short
1201  43.30323900   -2.93014900 both   24 
1201  43.30201900   -2.93033200 both   27 10/28 hold short
1201  43.29721700   -2.89512100 both   29 
1201  43.29700000   -2.89503000 both   31 
1201  43.29959800   -2.91156100 both  149 
1201  43.29455200   -2.89768900 both   33 
1201  43.29430200   -2.89628600 both   34 
1201  43.29468600   -2.89482200 both   35 
1201  43.29537600   -2.89383900 both   36 
1201  43.29659000   -2.89313700 both   37 
1201  43.29747000   -2.89313500 both   38 
1201  43.29817800   -2.89354000 both   39 
1201  43.29874700   -2.89439100 both   40 
1201  43.29957600   -2.89674600 both   41 
1201  43.29983300   -2.89786500 both   42 
1201  43.29988400   -2.89882500 both   43 
1201  43.30212300   -2.92280800 both   44 
1201  43.30111400   -2.92293500 both   46 
1201  43.30145500   -2.92289100 both   45 10/28 hold short
1201  43.30052100   -2.92308700 both   47 
1201  43.30161000   -2.93039600 both   49 
1201  43.30195900   -2.93649000 both   50 
1201  43.29766100   -2.90609200 both   52 
1201  43.29888500   -2.90527000 both   53 
1201  43.30303900   -2.90137100 both   55 
1201  43.30396100   -2.90220200 both   54 
1201  43.30406400   -2.90233700 both   56 
1201  43.30435500   -2.90377700 both   79 
1201  43.30428400   -2.90345800 both   78 
1201  43.30424300   -2.90317700 both   77 
1201  43.30423300   -2.90288700 both   76 
1201  43.30426800   -2.90269200 both   75 
1201  43.30451600   -2.90210700 both   74 
1201  43.30452800   -2.90193600 both   73 
1201  43.30447000   -2.90177300 both   72 
1201  43.30295600   -2.90040400 both   71 
1201  43.30282100   -2.90038300 both   70 
1201  43.30271700   -2.90049900 both   69 
1201  43.30248200   -2.90100600 both   68 
1201  43.30237400   -2.90110900 both   67 
1201  43.30223000   -2.90115600 both   66 
1201  43.30209200   -2.90108900 both   65 
1201  43.30084400   -2.89996400 both   64 
1201  43.30074100   -2.89995300 both   63 
1201  43.30066400   -2.90003100 both   62 
1201  43.30055600   -2.90028500 both   61 
1201  43.30045500   -2.90038200 both   60 
1201  43.30032200   -2.90037300 both   59 
1201  43.30011600   -2.90020600 both   58 
1201  43.30004100   -2.90000500 both   57 
1201  43.30081800   -2.90211600 both   80 
1201  43.30095900   -2.90246400 both   87 
1201  43.30111800   -2.90277900 both   86 
1201  43.30120700   -2.90283100 both   85 
1201  43.30128500   -2.90276000 both   84 
1201  43.30173500   -2.90171700 both   83 
1201  43.30188300   -2.90142200 both   82 
1201  43.30205700   -2.90125000 both   81 
1201  43.30258100   -2.90109600 both   89 
1201  43.30282800   -2.90119900 both   88 
1201  43.30330000   -2.91031800 both   90 
1201  43.30374400   -2.91000500 both   91 
1201  43.30212100   -2.90537300 both   96 
1201  43.30160700   -2.90573800 both   92 
1201  43.30076500   -2.90662600 both   95 
1201  43.30089100   -2.90624300 both   94 
1201  43.30144700   -2.90327600 both  101 
1201  43.30106300   -2.90417600 both  100 
1201  43.30050400   -2.90403700 both   97 
1201  43.30077400   -2.90423200 both   99 
1201  43.30747300   -2.92497800 both  104 
1201  43.30790000   -2.92466800 both  103 
1201  43.30717300   -2.92488300 both  105 
1201  43.30670300   -2.92473800 both  102 
1201  43.30581700   -2.92609800 both  106 
1201  43.30597400   -2.92571100 both   23 
1201  43.30228800   -2.93029300 both   28 
1201  43.29769900   -2.89635400 both  116 
1201  43.29699100   -2.89620200 both  109 12/30 hold short
1201  43.29649000   -2.89800200 both  108 
1201  43.29665900   -2.89848200 both   32 
1201  43.29636200   -2.89713200 both  111 
1201  43.29719100   -2.89599900 both  112 
1201  43.29741600   -2.89598600 both  113 
1201  43.29761900   -2.89619900 both  114 
1201  43.29687000   -2.89635100 both  110 
1201  43.29993300   -2.89952400 both  117 
1201  43.29951800   -2.91120400 both  147 
1201  43.30291300   -2.93794900 both  119 
1201  43.30394900   -2.93780200 both  120 
1201  43.30105400   -2.93655700 both  121 
1201  43.30154500   -2.93739300 both  123 
1201  43.30217200   -2.93761500 both  124 
1201  43.30767000   -2.92747400 both  125 
1201  43.30698600   -2.92807800 both  126 
1201  43.30613100   -2.92697700 both  128 
1201  43.30501200   -2.92841000 both  130 
1201  43.30527500   -2.93222300 both  131 
1201  43.30469800   -2.93431200 both  132 
1201  43.30488200   -2.93685900 both  133 
1201  43.30464200   -2.93731600 both  134 
1201  43.30729200   -2.92554800 both  136 
1201  43.30745000   -2.92520000 both  137 
1201  43.30777000   -2.92695500 both  135 
1201  43.30680100   -2.92804400 both  127 
1201  43.30736200   -2.92590400 both  138 
1201  43.30597400   -2.92699600 both  129 
1201  43.30330100   -2.93677500 both  142 
1201  43.30304300   -2.93690500 both  143 
1201  43.29652400   -2.89688400 both  115 
1201  43.30140400   -2.93721900 both  122 
1201  43.30146800   -2.93014300 both  144 
1201  43.30135600   -2.92897700 both  145 
1201  43.30040400   -2.92171800 both   48 
1201  43.30092400   -2.92296300 both  146 
1201  43.29957700   -2.91146500 both  148 
1201  43.30084800   -2.91084500 both  150 
1201  43.29965600   -2.91233900 both  151 
1201  43.29801400   -2.91263100 both  153 
1201  43.29785200   -2.91248500 both  154 
1201  43.29786100   -2.91216000 both  155 
1201  43.29868400   -2.91251200 both  156 
1201  43.29898300   -2.91330400 both  157 
1201  43.29885700   -2.91166800 both  159 
1201  43.29917600   -2.91161900 both  158 
1201  43.29924300   -2.91241200 both  152 
1201  43.29930600   -2.91323100 both  160 
1201  43.29842500   -2.91044000 both  162 
1201  43.29908100   -2.91000700 both  118 
1201  43.29862800   -2.91101800 both  161 
1201  43.29825900   -2.89582100 both  163 
1201  43.29837300   -2.89613800 both  164 
1201  43.29876200   -2.89719800 both  165 
1201  43.29844600   -2.89840400 both  167 
1201  43.29865900   -2.89691400 both  166 
1201  43.30153400   -2.91578500 both  168 10/28 hold short
1201  43.30126100   -2.91254000 both  169 
1201  43.30125000   -2.91240600 both  170 
1202   16   15 twoway runway 12/30
1204 departure 12,30
1204 arrival   12,30
1202   17   16 twoway runway 12/30
1204 departure 12,30
1204 arrival   12,30
1202   17   18 twoway runway 12/30
1204 departure 12,30
1204 arrival   12,30
1202   15   32 twoway runway 12/30
1204 departure 12,30
1204 arrival   12,30
1202   44   26 twoway runway 10/28
1204 departure 10,28
1204 arrival   10,28
1202   32   10 twoway runway 12/30
1204 departure 12,30
1204 arrival   12,30
1202   32  108 twoway runway 12/30
1204 departure 12,30
1204 arrival   12,30
1202   26  139 twoway runway 10/28
1204 departure 10,28
1204 arrival   10,28
1202  139  142 twoway runway 10/28
1204 departure 10,28
1204 arrival   10,28
1202  168   44 twoway runway 10/28
1204 departure 10,28
1204 arrival   10,28
1202  169  168 twoway runway 10/28
1204 departure 10,28
1204 arrival   10,28
1202    1    2 twoway taxiway C2
1202    3    4 twoway taxiway T4
1202    5    6 twoway taxiway T6
1202    7    8 twoway taxiway C6
1202    9   10 twoway taxiway C2
1204 departure 12,30
1204 arrival   12,30
1202    9    1 twoway taxiway C1
1204 departure 12,30
1204 arrival   12,30
1202   11   12 twoway taxiway C3
1202   12   13 twoway taxiway C3
1202   14   15 twoway taxiway C3
1202   14   11 twoway taxiway C3
1202   19    5 twoway taxiway C5
1202   19   20 twoway taxiway C5
1202   20   21 twoway taxiway C5
1202   22   23 twoway taxiway D1
1202   24   25 twoway taxiway D1
1204 departure 10,28
1204 arrival   10,28
1202   26   24 twoway taxiway D1
1204 departure 10,28
1204 arrival   10,28
1202   27   28 twoway taxiway D3
1204 departure 10,28
1204 arrival   10,28
1202   29   30 twoway taxiway C1
1202   31   29 twoway taxiway C1
1202   31    2 twoway taxiway C2
1202   22   18 twoway taxiway B
1202   33   34 twoway taxiway 
1202   34   35 twoway taxiway 
1202   35   36 twoway taxiway 
1202   36   37 twoway taxiway 
1202   37   38 twoway taxiway 
1202   38   39 twoway taxiway 
1202   39   40 twoway taxiway 
1202   40   41 twoway taxiway 
1202   42   43 twoway taxiway 
1202   45   44 twoway taxiway 
1204 departure 10,28
1204 arrival   10,28
1202   45   46 twoway taxiway 
1202   47   48 twoway taxiway 
1202   49   27 twoway taxiway D3
1202   50   51 twoway taxiway D2
1202   52   53 twoway taxiway 
1202   54   55 twoway taxiway 
1202   54   56 twoway taxiway 
1202   57   58 twoway taxiway 
1202   58   59 twoway taxiway 
1202   59   60 twoway taxiway 
1202   60   61 twoway taxiway 
1202   61   62 twoway taxiway 
1202   62   63 twoway taxiway 
1202   63   64 twoway taxiway 
1202   64   65 twoway taxiway 
1202   65   66 twoway taxiway 
1202   66   67 twoway taxiway 
1202   67   68 twoway taxiway 
1202   68   69 twoway taxiway 
1202   69   70 twoway taxiway 
1202   70   71 twoway taxiway 
1202   71   72 twoway taxiway 
1202   72   73 twoway taxiway 
1202   73   74 twoway taxiway 
1202   74   75 twoway taxiway 
1202   75   76 twoway taxiway 
1202   76   77 twoway taxiway 
1202   77   78 twoway taxiway 
1202   78   79 twoway taxiway 
1202   58   80 twoway taxiway 
1202   66   81 twoway taxiway 
1202   81   82 twoway taxiway 
1202   82   83 twoway taxiway 
1202   83   84 twoway taxiway 
1202   84   85 twoway taxiway 
1202   85   86 twoway taxiway 
1202   86   87 twoway taxiway 
1202   87   80 twoway taxiway 
1202   55   88 twoway taxiway 
1202   88   89 twoway taxiway 
1202   89   67 twoway taxiway 
1202    5    4 twoway taxiway 
1202   90   91 twoway taxiway 
1202   90    4 twoway taxiway 
1202    3   92 twoway taxiway 
1202   93   94 twoway taxiway 
1202   95   93 twoway taxiway C4
1202   94    3 twoway taxiway 
1202   92   96 twoway taxiway T3
1202   95   16 twoway taxiway 
1202   97   98 twoway taxiway T2
1202   97   13 twoway taxiway 
1202   98    3 twoway taxiway 
1202   97   99 twoway taxiway 
1202   17   21 twoway taxiway 
1202   18  102 twoway taxiway 
1202    6  103 twoway taxiway 
1202  104    8 twoway taxiway 
1202  103    7 twoway taxiway 
1202  105  104 twoway taxiway 
1202  102  105 twoway taxiway 
1202  106  107 twoway taxiway D1
1202   23  106 twoway taxiway D1
1202  107   25 twoway taxiway 
1202   28   26 twoway taxiway D3
1204 departure 10,28
1204 arrival   10,28
1202  109  110 twoway taxiway C3
1202  111  108 twoway taxiway 
1202  109  112 twoway taxiway 
1202  112  113 twoway taxiway 
1202  113  114 twoway taxiway 
1202  110  115 twoway taxiway 
1202   30  116 twoway taxiway 
1202  114  116 twoway taxiway 
1202   43  117 twoway taxiway 
1202  117   57 twoway taxiway 
1202   41   42 twoway taxiway 
1202   33   52 twoway taxiway 
1202   52  118 twoway taxiway 
1202  119  120 twoway taxiway 
1202  121  122 twoway taxiway 
1202  123  124 twoway taxiway 
1202  124  119 twoway taxiway 
1202  125  126 twoway taxiway 
1202  126  127 twoway taxiway 
1202  128  129 twoway taxiway 
1202  130  131 twoway taxiway 
1202  131  132 twoway taxiway 
1202  132  133 twoway taxiway 
1202  133  134 twoway taxiway 
1202  134  120 twoway taxiway 
1202  125  135 twoway taxiway 
1202  136  137 twoway taxiway 
1202  135  138 twoway taxiway 
1202  127  128 twoway taxiway 
1202  138  136 twoway taxiway 
1202  129  130 twoway taxiway 
1202  140  141 twoway taxiway 
1202  141  143 twoway taxiway 
1204 departure 10,28
1204 arrival   10,28
1202  143  142 twoway taxiway 
1204 departure 10,28
1204 arrival   10,28
1202  140   51 twoway taxiway 
1202  115  111 twoway taxiway 
1202  122  123 twoway taxiway 
1202  144  145 twoway taxiway 
1202   46  146 twoway taxiway 
1202  147  148 twoway taxiway 
1202  148  149 twoway taxiway 
1202  148  150 twoway taxiway 
1202  149  151 twoway taxiway 
1202  151   48 twoway taxiway 
1202  151  152 twoway taxiway 
1202  153  154 twoway taxiway 
1202  154  155 twoway taxiway 
1202  156  153 twoway taxiway 
1202  156  157 twoway taxiway 
1202  149  158 twoway taxiway 
1202  158  159 twoway taxiway 
1202  152  156 twoway taxiway 
1202  158  152 twoway taxiway 
1202  152  160 twoway taxiway 
1202  160  157 twoway taxiway 
1202  159  161 twoway taxiway 
1202  118  147 twoway taxiway 
1202  162  118 twoway taxiway 
1202  161  162 twoway taxiway 
1202  155  161 twoway taxiway 
1202  163   30 twoway taxiway 
1202  164  163 twoway taxiway 
1202  165  166 twoway taxiway 
1202  167  116 twoway taxiway 
1202  166  164 twoway taxiway 
1202   13  167 twoway taxiway 
1202  167  165 twoway taxiway 
1202   16  170 twoway taxiway 
1202  170  169 twoway taxiway 
1202   99  100 twoway taxiway 
1202  100  101 twoway taxiway 
1202   98  100 twoway taxiway 

110  01 0.25  96.60 Taxiway
111   43.30112100   -2.92302700 102
111   43.30086400   -2.92306500 
111   43.30085000   -2.92288100 102
111   43.30110700   -2.92284300 53 102
111   43.30144900   -2.92279900 53 102
112   43.30178000   -2.92275800  43.30186900   -2.92274700 53 102
112   43.30186800   -2.92218900  43.30183700   -2.92182100 
111   43.30186800   -2.92218900
111   43.30232400   -2.92277600 
111   43.30197600   -2.92347800
112   43.30197600   -2.92347800  43.30194500   -2.92310900 53 102
112   43.30179500   -2.92294200  43.30170600   -2.92295300 53 102
113   43.30146100   -2.92298300 53 102

110  01 0.25  96.60 Taxiway
112   43.30301900   -2.93673900  43.30306800   -2.93671400 53 102
112   43.30308800   -2.93661500  43.30308500   -2.93655700 
111   43.30308800   -2.93661500
111   43.30349600   -2.93666000
112   43.30349600   -2.93666000  43.30350500   -2.93678500 
112   43.30332500   -2.93694100  43.30320200   -2.93700300 53 102
112   43.30293400   -2.93706300  43.30279700   -2.93708200 53 102
111   43.30258200   -2.93711400 53 102
112   43.30241800   -2.93713000  43.30230900   -2.93714000 53 102
112   43.30207200   -2.93702200  43.30195100   -2.93694000 53 102
112   43.30186100   -2.93662900  43.30184200   -2.93645000 53 102
111   43.30183100   -2.93636000 
111   43.30205400   -2.93631400 102
112   43.30207600   -2.93651800  43.30209100   -2.93665400 53 102
112   43.30219700   -2.93678900  43.30226300   -2.93683400 53 102
112   43.30243000   -2.93684400  43.30251900   -2.93683500 53 102
111   43.30256400   -2.93683200 53 102
114   43.30275500   -2.93680400  43.30288200   -2.93678500 53 102

110  01 0.25  96.60 Taxiway
111   43.29835300   -2.89846800 53 102
112   43.29770200   -2.89668100  43.29764100   -2.89651200 53
112   43.29757700   -2.89636300  43.29755500   -2.89632000 53
112   43.29746400   -2.89621500  43.29741000   -2.89615800 53
112   43.29730500   -2.89613400  43.29725300   -2.89613700 53
112   43.29714100   -2.89622500  43.29708400   -2.89628200 53
111   43.29705600   -2.89631200 53 102
112   43.29699900   -2.89638100  43.29696200   -2.89642800 53 102
112   43.29680600   -2.89666300  43.29671500   -2.89680400 53 102
111   43.29660100   -2.89697900 53
112   43.29655100   -2.89705500  43.29651800   -2.89710600 53
112   43.29653500   -2.89735900  43.29655700   -2.89751100 53
112   43.29670500   -2.89797300  43.29679600   -2.89823000 
111   43.29670500   -2.89797300
111   43.29653400   -2.89844800
112   43.29653400   -2.89844800  43.29645200   -2.89842700 
111   43.29635700   -2.89804700 
111   43.29629700   -2.89764800 
111   43.29617700   -2.89778200 
112   43.29607800   -2.89702400  43.29613300   -2.89685100 
111   43.29625500   -2.89647200 53
111   43.29659900   -2.89541300 53
112   43.29666000   -2.89524400  43.29670000   -2.89513200 53
111   43.29685500   -2.89497700 53
111   43.29694400   -2.89491000 53
111   43.29703800   -2.89489800 53
111   43.29705500   -2.89490500 53
111   43.29700900   -2.89477400 
111   43.29709000   -2.89491900 53
111   43.29713700   -2.89493900 53
112   43.29737400   -2.89519900  43.29743300   -2.89533100 53 102
112   43.29766200   -2.89546600  43.29779500   -2.89551300 53 102
112   43.29826300   -2.89567600  43.29839600   -2.89572300 53 102
112   43.29851000   -2.89587900  43.29854100   -2.89596800 53 102
111   43.29855800   -2.89601100 53 102
111   43.29884400   -2.89678700 53 102
112   43.29888400   -2.89689500  43.29891000   -2.89696800 53 102
112   43.29885300   -2.89727100  43.29880600   -2.89744900 53 102
112   43.29862800   -2.89812800  43.29858100   -2.89830600 53 102
112   43.29865000   -2.89864900  43.29871100   -2.89881800 53 102
111   43.29995300   -2.90222700 53
112   43.30042900   -2.90351800  43.30049100   -2.90368700 53 102
111   43.30065700   -2.90386900 53 102
111   43.30079300   -2.90396700 
111   43.30076600   -2.90435600 53
111   43.30080400   -2.90453200 
111   43.30080400   -2.90453200 
111   43.30091000   -2.90481900 
111   43.30100400   -2.90507200 59
112   43.30115800   -2.90549200  43.30122100   -2.90566100 59
112   43.30139400   -2.90564600  43.30148900   -2.90558000 59
111   43.30153500   -2.90554600 
111   43.30218900   -2.90508200 
111   43.30233300   -2.90546600 
111   43.30167900   -2.90593000 59
112   43.30153700   -2.90603000  43.30144200   -2.90609700 53
112   43.30148900   -2.90638300  43.30155200   -2.90655200 53
112   43.30286200   -2.91006800  43.30292500   -2.91023700 53
112   43.30309700   -2.91023600  43.30319100   -2.91017900 53
111   43.30323700   -2.91015100 
111   43.30379500   -2.90978900 
111   43.30390100   -2.91007500 
111   43.30336300   -2.91048500 53
112   43.30323100   -2.91059500  43.30314300   -2.91066900 53
112   43.30319200   -2.91095900  43.30325400   -2.91112800 53
111   43.30638600   -2.91962900 53
112   43.30799100   -2.92398100  43.30805300   -2.92415000 53
112   43.30804300   -2.92450600  43.30801600   -2.92468700 53
112   43.30788500   -2.92490500  43.30780600   -2.92499000 53
112   43.30769900   -2.92506300  43.30765300   -2.92508400 53
111   43.30763000   -2.92509400 53
112   43.30756300   -2.92512200  43.30751800   -2.92514100 53
112   43.30732200   -2.92509000  43.30720700   -2.92505000 53
111   43.30714900   -2.92503000 53
111   43.30668000   -2.92487600 
112   43.30646200   -2.92480600  43.30632800   -2.92476300 53
112   43.30621800   -2.92502200  43.30618900   -2.92520900 53
111   43.30617500   -2.92530400 53
112   43.30612300   -2.92553600  43.30608800   -2.92569000 53
112   43.30598600   -2.92597400  43.30593000   -2.92611200 53
112   43.30581500   -2.92631700  43.30575700   -2.92640800 53
111   43.30572800   -2.92645400 53
111   43.30356200   -2.92987200 53
112   43.30341100   -2.93011700  43.30331100   -2.93028100 53
112   43.30311700   -2.93038500  43.30302100   -2.93040000 53
112   43.30301900   -2.93096000  43.30305000   -2.93132800 
111   43.30301900   -2.93096000
111   43.30261100   -2.93094700
112   43.30261100   -2.93094700  43.30258000   -2.93057900 53 102
112   43.30243100   -2.93041400  43.30234200   -2.93042700 53 102
111   43.30229900   -2.93043400 53 102
111   43.30203000   -2.93047300 102
111   43.30151900   -2.93055300 
111   43.30149500   -2.93027100 102
111   43.30200800   -2.93019100 53 102
111   43.30227700   -2.93015200 53 102
112   43.30240800   -2.93013300  43.30249500   -2.93012000 53 102
112   43.30249200   -2.92956000  43.30246100   -2.92919100 
111   43.30249200   -2.92956000
111   43.30288900   -2.92942500
112   43.30288900   -2.92942500  43.30292000   -2.92979400 53
112   43.30307700   -2.92995700  43.30317100   -2.92994300 53
112   43.30330500   -2.92980400  43.30336400   -2.92971700 53
111   43.30339400   -2.92967200 53
111   43.30557200   -2.92626600 53
112   43.30565200   -2.92614100  43.30570500   -2.92605800 53
112   43.30580500   -2.92583500  43.30585400   -2.92571400 53
112   43.30592600   -2.92544400  43.30595800   -2.92530300 53
111   43.30597500   -2.92523200 
112   43.30600700   -2.92501800  43.30602900   -2.92487500 
112   43.30585800   -2.92430500  43.30573700   -2.92397300 
111   43.30585800   -2.92430500
111   43.30619700   -2.92398900
112   43.30619700   -2.92398900  43.30631800   -2.92432100 53
112   43.30655200   -2.92454300  43.30666700   -2.92458000 53
111   43.30672600   -2.92460000 53
111   43.30719700   -2.92473600 53
112   43.30732400   -2.92477100  43.30740900   -2.92479400 53
112   43.30750200   -2.92478500  43.30753600   -2.92477100 53
111   43.30755400   -2.92476400 53
112   43.30760000   -2.92474300  43.30763100   -2.92472900 53
112   43.30772100   -2.92464000  43.30777200   -2.92458600 53
112   43.30782300   -2.92439000  43.30784000   -2.92427700 53
112   43.30775500   -2.92396700  43.30769300   -2.92379800 53
112   43.30635700   -2.92017700  43.30629500   -2.92000800 53
112   43.30613300   -2.92001900  43.30604600   -2.92008200 53
112   43.30590200   -2.92008800  43.30583600   -2.92007000 53
111   43.30580200   -2.92006000 53
112   43.30574000   -2.92003400  43.30569900   -2.92001700 53
112   43.30550600   -2.91985200  43.30539100   -2.91974700 53
112   43.30445400   -2.91889700  43.30433900   -2.91879200 53
112   43.30446300   -2.91923800  43.30458400   -2.91957000 
111   43.30446300   -2.91923800
111   43.30366700   -2.91830300 
111   43.30391200   -2.91773300
112   43.30391200   -2.91773300  43.30403300   -2.91806500 53
112   43.30426700   -2.91838700  43.30438200   -2.91849100 53
112   43.30552200   -2.91952700  43.30563700   -2.91963100 53
112   43.30577400   -2.91970900  43.30582700   -2.91972600 53
111   43.30585400   -2.91973400 53
112   43.30589200   -2.91974100  43.30591800   -2.91974500 53
112   43.30603700   -2.91967100  43.30610700   -2.91962000 53
112   43.30604900   -2.91934100  43.30598700   -2.91917200 53
111   43.30284400   -2.91064300 53
112   43.30129500   -2.90648500  43.30123200   -2.90631600 53
112   43.30109300   -2.90630900  43.30102100   -2.90636000 53
112   43.30096600   -2.90644300  43.30095300   -2.90648200 53
111   43.30094600   -2.90650200 53
112   43.30091000   -2.90659400  43.30088600   -2.90665500 53
112   43.30089800   -2.90696700  43.30091400   -2.90715500 53
112   43.30114600   -2.90992900  43.30116200   -2.91011700 53
112   43.30135200   -2.91070900  43.30147300   -2.91104100 
111   43.30135200   -2.91070900
111   43.30161700   -2.91267900
112   43.30161700   -2.91267900  43.30149600   -2.91234700 53
112   43.30144300   -2.91227800  43.30144800   -2.91234300 53
111   43.30145100   -2.91237400 53
111   43.30146200   -2.91250800 
111   43.30106000   -2.91257200 53
111   43.30104900   -2.91243800 53
111   43.30095200   -2.91128300 53
111   43.30086500   -2.91088900 53
111   43.29968900   -2.91146300 
112   43.29962700   -2.91152300  43.29963100   -2.91154200 
112   43.29964000   -2.91164900  43.29964500   -2.91171400 
111   43.29969200   -2.91233400 
111   43.30044000   -2.92171200 
111   43.30056100   -2.92313000 
111   43.30048900   -2.92314200 
111   43.30036800   -2.92172400 
112   43.29963200   -2.91249200  43.29962700   -2.91242700 
112   43.29955300   -2.91240700  43.29950600   -2.91241600 
112   43.29937100   -2.91243900  43.29932400   -2.91244800 
112   43.29931100   -2.91259900  43.29931800   -2.91269700 
112   43.29935200   -2.91312100  43.29935900   -2.91321900 
112   43.29929200   -2.91328400  43.29924500   -2.91329500 
112   43.29903400   -2.91334300  43.29898700   -2.91335400 
112   43.29893000   -2.91327100  43.29890800   -2.91321200 
112   43.29869700   -2.91265300  43.29867500   -2.91259400 
112   43.29859300   -2.91257800  43.29854600   -2.91258700 
112   43.29807600   -2.91266900  43.29802900   -2.91267800 
112   43.29794500   -2.91262800  43.29790500   -2.91259200 
112   43.29787500   -2.91256500  43.29783500   -2.91252900 
112   43.29781800   -2.91241200  43.29782000   -2.91234600 
112   43.29782300   -2.91223900  43.29782500   -2.91217300 
112   43.29787500   -2.91206700  43.29790800   -2.91201800 
112   43.29852300   -2.91110200  43.29855600   -2.91105300 
112   43.29852500   -2.91089600  43.29849400   -2.91080700 
112   43.29839200   -2.91051600  43.29836100   -2.91042700 
112   43.29847500   -2.91029700  43.29856200   -2.91024000 
112   43.29888600   -2.91002600  43.29897300   -2.90996900 
112   43.29898400   -2.90985200  43.29896300   -2.90979300 
111   43.29762900   -2.90611400 
112   43.29455100   -2.89779400  43.29452900   -2.89773500 
112   43.29450100   -2.89761000  43.29449000   -2.89754600 
112   43.29428100   -2.89637900  43.29427000   -2.89631500 
112   43.29428800   -2.89619000  43.29430400   -2.89612800 
112   43.29463100   -2.89488800  43.29464700   -2.89482600 
112   43.29470500   -2.89472400  43.29473800   -2.89467700 
112   43.29530500   -2.89386800  43.29533800   -2.89382100 
112   43.29542100   -2.89375900  43.29546500   -2.89373400 
112   43.29651700   -2.89312600  43.29656100   -2.89310100 
112   43.29665500   -2.89308800  43.29670300   -2.89308800 
112   43.29740500   -2.89308600  43.29745300   -2.89308600 
112   43.29754300   -2.89312400  43.29758700   -2.89314900 
112   43.29813300   -2.89346100  43.29817700   -2.89348600 
112   43.29824800   -2.89357200  43.29828100   -2.89362100 
112   43.29872800   -2.89429000  43.29876100   -2.89433900 
112   43.29880800   -2.89445200  43.29882900   -2.89451100 
112   43.29959200   -2.89667700  43.29961300   -2.89673600 
112   43.29964700   -2.89687200  43.29966300   -2.89694300 
112   43.29984900   -2.89774800  43.29986500   -2.89781900 
112   43.29987900   -2.89796500  43.29988300   -2.89803900 
111   43.29992700   -2.89882000 
112   43.29996800   -2.89938900  43.29997400   -2.89947100 
112   43.30000400   -2.89963000  43.30002200   -2.89970900 
112   43.30004100   -2.89979600  43.30005900   -2.89987500 
112   43.30011200   -2.90003400  43.30014100   -2.90011400 
112   43.30024700   -2.90022700  43.30030800   -2.90027600 
112   43.30038800   -2.90030400  43.30042200   -2.90030600 
112   43.30047700   -2.90027100  43.30050200   -2.90024700 
112   43.30056900   -2.90010700  43.30060500   -2.90002200 
112   43.30067400   -2.89992800  43.30070800   -2.89989400 
112   43.30079300   -2.89988400  43.30083800   -2.89988900 
112   43.30095200   -2.89997300  43.30101200   -2.90002700 
112   43.30202600   -2.90094100  43.30208600   -2.90099500 
112   43.30217400   -2.90105100  43.30221300   -2.90107000 
112   43.30229300   -2.90106000  43.30233200   -2.90104700 
112   43.30239700   -2.90099700  43.30242700   -2.90096800 
112   43.30250000   -2.90082900  43.30253900   -2.90074600 
112   43.30261800   -2.90057400  43.30265700   -2.90049100 
112   43.30274000   -2.90037800  43.30278300   -2.90033100 
112   43.30289000   -2.90031900  43.30294700   -2.90032800 
112   43.30306500   -2.90041300  43.30312500   -2.90046700 
112   43.30442200   -2.90164100  43.30448200   -2.90169500 
112   43.30454700   -2.90182200  43.30457000   -2.90188900 
112   43.30457600   -2.90202600  43.30457100   -2.90209500 
112   43.30451500   -2.90225800  43.30447900   -2.90234300 
112   43.30437300   -2.90259200  43.30433700   -2.90267700 
112   43.30430300   -2.90280700  43.30429200   -2.90286500 
112   43.30429200   -2.90303100  43.30429500   -2.90312200 
112   43.30431600   -2.90330400  43.30432900   -2.90339500 
111   43.30433600   -2.90344000 
111   43.30442200   -2.90382600 
111   43.30431900   -2.90386900 
111   43.30423200   -2.90347600 
112   43.30421000   -2.90333100  43.30419600   -2.90323400 
112   43.30418400   -2.90303800  43.30418100   -2.90293900 
112   43.30418400   -2.90302800  43.30418100   -2.90292900 
112   43.30419800   -2.90277200  43.30421100   -2.90270000 
112   43.30427100   -2.90253600  43.30430700   -2.90245100 
112   43.30440900   -2.90221200  43.30444500   -2.90212700 
112   43.30446800   -2.90201700  43.30447100   -2.90197200 
112   43.30445100   -2.90188700  43.30443600   -2.90184500 
112   43.30433800   -2.90174300  43.30427800   -2.90168900 
112   43.30302700   -2.90055700  43.30296700   -2.90050300 
112   43.30288700   -2.90046800  43.30285400   -2.90046300 
112   43.30279700   -2.90050400  43.30277000   -2.90053300 
111   43.30270000   -2.90067400 
111   43.30254000   -2.90102000 
111   43.30255900   -2.90102300 
112   43.30257400   -2.90102200  43.30258300   -2.90102100 
112   43.30269100   -2.90106400  43.30276000   -2.90109300 
112   43.30274700   -2.90108800  43.30281600   -2.90111700 
112   43.30294300   -2.90120600  43.30300500   -2.90125600 
111   43.30306800   -2.90130800 
112   43.30390500   -2.90206300  43.30396500   -2.90211700 
112   43.30406800   -2.90223900  43.30411700   -2.90230200 
111   43.30414000   -2.90233500 
111   43.30406600   -2.90244200 
112   43.30399600   -2.90235100  43.30395000   -2.90229000 
112   43.30383700   -2.90217900  43.30377700   -2.90212500 
111   43.30301000   -2.90143400 
112   43.30289900   -2.90134300  43.30283700   -2.90129200 
112   43.30270300   -2.90122400  43.30263400   -2.90119500 
112   43.30267700   -2.90121400  43.30260800   -2.90118500 
112   43.30247800   -2.90117700  43.30241400   -2.90118100 
112   43.30231400   -2.90120500  43.30226900   -2.90122000 
112   43.30216500   -2.90127100  43.30211100   -2.90130000 
112   43.30200300   -2.90139500  43.30194900   -2.90144800 
112   43.30186100   -2.90159700  43.30182000   -2.90167800 
111   43.30178000   -2.90175700 
112   43.30138000   -2.90268400  43.30134300   -2.90276900 
112   43.30126900   -2.90286400  43.30123200   -2.90289900 
112   43.30114800   -2.90287700  43.30110500   -2.90285200 
112   43.30102100   -2.90271700  43.30098000   -2.90263600 
111   43.30091300   -2.90250300 
111   43.30077000   -2.90215100 
111   43.30006800   -2.90024000 
112   43.30004100   -2.90016800  43.30002300   -2.90012000 
112   43.29998800   -2.89997800  43.29997100   -2.89989900 
112   43.29991500   -2.89965400  43.29989800   -2.89957500 
112   43.29988100   -2.89941300  43.29987600   -2.89933100 
111   43.29984100   -2.89883000 
112   43.29979900   -2.89798700  43.29979500   -2.89791300 
112   43.29976900   -2.89777000  43.29975300   -2.89769900 
112   43.29955300   -2.89683200  43.29953700   -2.89676100 
112   43.29949800   -2.89663700  43.29947700   -2.89657800 
112   43.29874800   -2.89450800  43.29872700   -2.89444900 
112   43.29866800   -2.89434600  43.29863500   -2.89429700 
112   43.29820600   -2.89365400  43.29817300   -2.89360500 
112   43.29809100   -2.89354300  43.29804700   -2.89351800 
112   43.29752900   -2.89322200  43.29748500   -2.89319700 
112   43.29739100   -2.89318400  43.29734300   -2.89318400 
112   43.29666900   -2.89318600  43.29662100   -2.89318600 
112   43.29653100   -2.89322400  43.29648700   -2.89324900 
112   43.29546300   -2.89384300  43.29541900   -2.89386800 
112   43.29534700   -2.89395200  43.29531400   -2.89399900 
112   43.29476700   -2.89477800  43.29473400   -2.89482500 
112   43.29469300   -2.89494200  43.29467700   -2.89500400 
112   43.29436400   -2.89619600  43.29434800   -2.89625800 
112   43.29435700   -2.89638500  43.29436800   -2.89644900 
112   43.29456900   -2.89757600  43.29458000   -2.89764000 
112   43.29461900   -2.89776000  43.29464100   -2.89781900 
112   43.29764400   -2.90593800  43.29766600   -2.90599700 
112   43.29774200   -2.90598300  43.29778500   -2.90595400 
111   43.29890200   -2.90520400 
111   43.29893300   -2.90529300 
112   43.29777400   -2.90607200  43.29773100   -2.90610100 
112   43.29774100   -2.90620300  43.29776200   -2.90626200 
111   43.29911300   -2.90998500 
112   43.29951900   -2.91109700  43.29954000   -2.91115600 
112   43.29957200   -2.91127900  43.29958600   -2.91134200 
112   43.29957900   -2.91130700  43.29959300   -2.91137000 
111   43.29966800   -2.91136800 
111   43.30084500   -2.91079400 53
111   43.30072300   -2.91023300 
111   43.30071700   -2.90897500
112   43.30071700   -2.90897500  43.30083800   -2.90930700 53
112   43.30087500   -2.90919100  43.30085900   -2.90900300 53
112   43.30068000   -2.90684900  43.30066400   -2.90666100 53
112   43.30069000   -2.90646600  43.30071300   -2.90639900 53
111   43.30072400   -2.90636600 53
112   43.30076100   -2.90623300  43.30078500   -2.90614500 53
112   43.30093800   -2.90600200  43.30103200   -2.90593600 53
112   43.30098400   -2.90564900  43.30092100   -2.90548000 53
111   43.30070000   -2.90487800 53
111   43.30041200   -2.90410100 53
112   43.29992100   -2.90276900  43.29985900   -2.90260000 53
112   43.29971800   -2.90258600  43.29964500   -2.90263300 53
112   43.29958500   -2.90271800  43.29957000   -2.90275900 53
111   43.29956300   -2.90278100 53
112   43.29952300   -2.90288000  43.29949700   -2.90294500 53
112   43.29946800   -2.90326100  43.29945700   -2.90345000 53
112   43.29937000   -2.90495800  43.29935900   -2.90514700 53
112   43.29953600   -2.90573900  43.29965700   -2.90607100 
111   43.29953600   -2.90573900
111   43.29905200   -2.90565700 
111   43.29899200   -2.90425200
112   43.29899200   -2.90425200  43.29911300   -2.90458400 53
112   43.29919000   -2.90446700  43.29920100   -2.90427800 53
112   43.29927000   -2.90308700  43.29928100   -2.90289800 53
112   43.29931500   -2.90272100  43.29933400   -2.90266600 53
111   43.29934300   -2.90263700 53
112   43.29938500   -2.90250000  43.29941200   -2.90240800 53
112   43.29956600   -2.90227300  43.29966000   -2.90221400 53
114   43.29961400   -2.90193100  43.29955200   -2.90176200 53 102
112   43.29665900   -2.89646300  43.29675100   -2.89632200 59
112   43.29686100   -2.89617100  43.29690400   -2.89611800 59
111   43.29692600   -2.89609200 59
112   43.29704000   -2.89597600  43.29711700   -2.89589800 59
111   43.29730200   -2.89585000 59
111   43.29739100   -2.89584500 59
111   43.29727800   -2.89552700 59
111   43.29722700   -2.89541500 59
112   43.29708000   -2.89521200  43.29703400   -2.89519300 59
112   43.29694300   -2.89523200  43.29689800   -2.89526500 59
112   43.29683100   -2.89540800  43.29680100   -2.89549200 59
111   43.29678700   -2.89553300 59
111   43.29644500   -2.89658800 
111   43.29638600   -2.89677000 
111   43.29639300   -2.89687000 
113   43.29644700   -2.89678900 59
112   43.30194300   -2.90127100  43.30200200   -2.90121400 
112   43.30205300   -2.90117200  43.30206800   -2.90116400 
111   43.30207600   -2.90116000 
112   43.30207200   -2.90115800  43.30206900   -2.90115700 
112   43.30197800   -2.90107500  43.30191800   -2.90102100 
112   43.30091600   -2.90011700  43.30085600   -2.90006300 
112   43.30079200   -2.90003300  43.30076900   -2.90003100 
112   43.30073100   -2.90005500  43.30071400   -2.90007200 
112   43.30065100   -2.90020900  43.30061500   -2.90029400 
112   43.30053400   -2.90039600  43.30049200   -2.90043600 
112   43.30038800   -2.90045100  43.30033300   -2.90044800 
112   43.30027600   -2.90042200  43.30025700   -2.90040600 
112   43.30029600   -2.90053000  43.30032900   -2.90061800 
111   43.30086600   -2.90208100 
111   43.30100500   -2.90242500 
112   43.30109200   -2.90259700  43.30113300   -2.90267800 
112   43.30117700   -2.90273300  43.30119300   -2.90274200 
112   43.30122300   -2.90272800  43.30123800   -2.90271500 
112   43.30130000   -2.90258100  43.30133700   -2.90249600 
111   43.30169000   -2.90167700 
112   43.30178300   -2.90149100  43.30182400   -2.90141000 
114   43.30193200   -2.90128300  43.30199100   -2.90122600 
112   43.29936300   -2.91234100  43.29941000   -2.91233200 
112   43.29954600   -2.91230900  43.29959300   -2.91230000 
112   43.29961000   -2.91219800  43.29960500   -2.91213300 
112   43.29957500   -2.91173800  43.29957000   -2.91167300 
112   43.29946100   -2.91165500  43.29939000   -2.91166500 
112   43.29934300   -2.91167000  43.29927200   -2.91168000 
112   43.29924800   -2.91183200  43.29925600   -2.91193000 
114   43.29928000   -2.91220700  43.29928800   -2.91230500 
112   43.29911300   -2.91020500  43.29909200   -2.91014600 
112   43.29895100   -2.91020300  43.29886400   -2.91026000 
112   43.29863500   -2.91041100  43.29854800   -2.91046800 
112   43.29855200   -2.91063000  43.29858300   -2.91071900 
111   43.29867700   -2.91098600 
112   43.29884200   -2.91145600  43.29887300   -2.91154500 
112   43.29899600   -2.91157200  43.29906700   -2.91156100 
111   43.29917000   -2.91154500 
112   43.29943900   -2.91150900  43.29951000   -2.91149900 
111   43.29954600   -2.91149400 
111   43.29954300   -2.91147900 
112   43.29950600   -2.91131700  43.29949200   -2.91125400 
114   43.29945300   -2.91113500  43.29943200   -2.91107600 
112   43.29833800   -2.89779000  43.29839900   -2.89795900 53 102
112   43.29850000   -2.89777700  43.29854700   -2.89759900 53 102
112   43.29853100   -2.89765900  43.29857800   -2.89748100 53 102
112   43.29853700   -2.89721600  43.29849400   -2.89709900 53 102
111   43.29847400   -2.89704100 53 102
111   43.29818800   -2.89626500 53 102
112   43.29812200   -2.89608100  43.29807700   -2.89595800 53 102
112   43.29785500   -2.89582600  43.29772200   -2.89577900 53 102
112   43.29778900   -2.89580300  43.29765600   -2.89575600 53 102
112   43.29768100   -2.89598700  43.29774200   -2.89615600 53
113   43.29779200   -2.89629100 53
112   43.29917800   -2.91321000  43.29922500   -2.91319900 
112   43.29923800   -2.91304700  43.29923100   -2.91294900 
112   43.29920400   -2.91261800  43.29919700   -2.91252000 
112   43.29912200   -2.91248400  43.29907500   -2.91249300 
112   43.29881100   -2.91253900  43.29876400   -2.91254800 
112   43.29877300   -2.91264000  43.29879500   -2.91269900 
112   43.29897000   -2.91316100  43.29899200   -2.91322000 
114   43.29907400   -2.91323300  43.29912100   -2.91322200 
112   43.29911400   -2.91238600  43.29916100   -2.91237700 
112   43.29917300   -2.91222600  43.29916500   -2.91212800 
112   43.29914100   -2.91184800  43.29913300   -2.91175000 
112   43.29902200   -2.91171700  43.29895100   -2.91172800 
112   43.29893200   -2.91173100  43.29886100   -2.91174200 
112   43.29877800   -2.91161400  43.29874700   -2.91152500 
112   43.29865300   -2.91125700  43.29862200   -2.91116800 
112   43.29855700   -2.91119700  43.29852400   -2.91124600 
112   43.29794500   -2.91210700  43.29791200   -2.91215600 
112   43.29789400   -2.91227900  43.29789300   -2.91234500 
112   43.29789100   -2.91236000  43.29789000   -2.91242600 
112   43.29794900   -2.91251300  43.29798900   -2.91254900 
112   43.29796300   -2.91252600  43.29800300   -2.91256200 
112   43.29809400   -2.91256700  43.29814100   -2.91255800 
113   43.29867900   -2.91246300 

110  01 0.25  96.60 Taxiway
111   43.30149800   -2.93017500 
111   43.30144500   -2.93018500 
111   43.30132600   -2.92894500 
113   43.30137900   -2.92893500 

110  01 0.25  96.60 Taxiway
112   43.30130500   -2.93713700  43.30127000   -2.93707000 
111   43.30099100   -2.93654300 
111   43.30106400   -2.93647100 
112   43.30139700   -2.93710100  43.30143200   -2.93716800 
112   43.30151100   -2.93727700  43.30155200   -2.93732800 
112   43.30164200   -2.93737700  43.30168900   -2.93739400 
111   43.30218200   -2.93756800 
112   43.30284900   -2.93786800  43.30289400   -2.93788900 
112   43.30298900   -2.93788900  43.30303700   -2.93788200 
112   43.30386700   -2.93776400  43.30391500   -2.93775700 
112   43.30400300   -2.93770900  43.30404600   -2.93767900 
112   43.30455400   -2.93732200  43.30459700   -2.93729200 
112   43.30466000   -2.93719700  43.30468800   -2.93714400 
112   43.30480300   -2.93692500  43.30483100   -2.93687200 
112   43.30483800   -2.93674700  43.30483300   -2.93668200 
112   43.30466800   -2.93440300  43.30466300   -2.93433800 
112   43.30468700   -2.93421300  43.30470400   -2.93415200 
112   43.30521200   -2.93230800  43.30522900   -2.93224700 
112   43.30523100   -2.93211800  43.30522600   -2.93205300 
112   43.30498200   -2.92849100  43.30497700   -2.92842600 
112   43.30502400   -2.92832100  43.30505700   -2.92827300 
112   43.30590800   -2.92702000  43.30594100   -2.92697200 
112   43.30602900   -2.92694000  43.30607700   -2.92693500 
112   43.30607400   -2.92693400  43.30612200   -2.92692900 
112   43.30619300   -2.92700100  43.30622400   -2.92705100 
112   43.30677200   -2.92792300  43.30680300   -2.92797300 
112   43.30689000   -2.92801100  43.30693700   -2.92802000 
112   43.30690700   -2.92801400  43.30695400   -2.92802300 
112   43.30703800   -2.92797400  43.30707800   -2.92793900 
112   43.30757900   -2.92749600  43.30761900   -2.92746100 
112   43.30765700   -2.92734700  43.30766900   -2.92728300 
112   43.30771400   -2.92705700  43.30772600   -2.92699300 
112   43.30769800   -2.92687400  43.30767500   -2.92681600 
112   43.30736200   -2.92600900  43.30733900   -2.92595100 
112   43.30730900   -2.92582700  43.30729600   -2.92576400 
112   43.30727200   -2.92563500  43.30725900   -2.92557200 
112   43.30729100   -2.92545600  43.30731600   -2.92540000 
111   43.30743900   -2.92513200 
111   43.30750000   -2.92518400 
112   43.30736900   -2.92547200  43.30734400   -2.92552800 
112   43.30735000   -2.92565100  43.30736300   -2.92571400 
112   43.30737700   -2.92579100  43.30739000   -2.92585400 
112   43.30743000   -2.92597300  43.30745300   -2.92603100 
112   43.30777400   -2.92686200  43.30779700   -2.92692000 
112   43.30779000   -2.92704500  43.30777800   -2.92710900 
112   43.30771900   -2.92740900  43.30770700   -2.92747300 
112   43.30764000   -2.92755800  43.30759900   -2.92759300 
112   43.30705500   -2.92807600  43.30701400   -2.92811100 
112   43.30692300   -2.92811600  43.30687600   -2.92810700 
112   43.30685400   -2.92810300  43.30680700   -2.92809400 
112   43.30673600   -2.92801500  43.30670500   -2.92796500 
112   43.30616300   -2.92710300  43.30613200   -2.92705300 
112   43.30605400   -2.92703600  43.30601200   -2.92704100 
112   43.30594200   -2.92711600  43.30590900   -2.92716400 
112   43.30509800   -2.92835500  43.30506500   -2.92840300 
112   43.30505600   -2.92852500  43.30506100   -2.92859000 
112   43.30530500   -2.93213200  43.30531000   -2.93219700 
112   43.30528600   -2.93232200  43.30526900   -2.93238300 
112   43.30476100   -2.93422700  43.30474400   -2.93428800 
112   43.30474200   -2.93441700  43.30474700   -2.93448200 
112   43.30491200   -2.93677500  43.30491700   -2.93684000 
112   43.30487700   -2.93695300  43.30484900   -2.93700600 
112   43.30470800   -2.93727500  43.30468000   -2.93732800 
112   43.30460200   -2.93740000  43.30455900   -2.93743000 
112   43.30402300   -2.93780500  43.30398000   -2.93783500 
112   43.30388700   -2.93786000  43.30383900   -2.93786700 
112   43.30298100   -2.93798900  43.30293300   -2.93799600 
112   43.30284100   -2.93796800  43.30279600   -2.93794700 
111   43.30216200   -2.93766200 
112   43.30158800   -2.93745900  43.30154100   -2.93744200 
112   43.30145800   -2.93736000  43.30141800   -2.93731100 
114   43.30141800   -2.93731100  43.30137800   -2.93726200 

110  15 0.25  96.60 Apron path
112   43.30080400   -2.90450200  43.30080900   -2.90449200 
112   43.30078300   -2.90449200  43.30076400   -2.90449500 
112   43.30087600   -2.90395100  43.30093100   -2.90394000 
112   43.30114000   -2.90350900  43.30126100   -2.90322500 
111   43.30118500   -2.90427400 59
112   43.30102800   -2.90458600  43.30094900   -2.90474100 59
112   43.30100400   -2.90507200  43.30106700   -2.90524100 
111   43.30100400   -2.90507200
111   43.30079200   -2.90481400 
113   43.30079800   -2.90451800 

120  Centrelights for Taxi D3
111   43.30161000   -2.93039600 101
116   43.30181358   -2.93036414  43.30195053   -2.93034271

120  Centrelights for Taxi D2
111   43.30195900   -2.93649000 101
116   43.30196060   -2.93650463  43.30198287   -2.93670821

120  Centrelights for Taxi
111   43.30374400   -2.91000500 101
116   43.30350795   -2.91017141  43.30336932   -2.91026914

120  Centrelights for Taxi T3
111   43.30212100   -2.90537300 101
116   43.30188650   -2.90553952  43.30170017   -2.90567184

120  Centreline for Path
111   43.30144700   -2.90327600 51 101
112   43.30124485   -2.90374978  43.30112362   -2.90403393 51 101
112   43.30091850   -2.90420400  43.30082217   -2.90422267 51 101
116   43.30063900   -2.90413450  43.30054900   -2.90406950

120  Centreline for Taxi
111   43.30146800   -2.93014300 51
115   43.30135600   -2.92897700

120  Centreline for Taxi
111   43.30092400   -2.92296300 51
112   43.30097993   -2.92295476  43.30106931   -2.92294159 51
112   43.30124824   -2.92291768  43.30133774   -2.92290613 51
112   43.30132076   -2.92290832  43.30141025   -2.92289677 51
112   43.30158929   -2.92287431  43.30167881   -2.92286319 51
112   43.30198871   -2.92282469  43.30207824   -2.92281356 51
116   43.30217002   -2.92336143  43.30220136   -2.92373039

120  Centreline for Taxi C2
112   43.29660881   -2.89573245  43.29666494   -2.89555948 51 101
112   43.29674550   -2.89532600  43.29678050   -2.89522800 51 101
112   43.29689900   -2.89510450  43.29696633   -2.89505483 51 101
116   43.29710850   -2.89507550  43.29718083   -2.89510583

120  Centreline for Taxi T4
112   43.30141900   -2.90587000  43.30129367   -2.90595800 51 101
112   43.30132520   -2.90625489  43.30138801   -2.90642348 51 101
112   43.30284180   -2.91032611  43.30290460   -2.91049470 51 101
116   43.30302939   -2.91083247  43.30309165   -2.91100145

120  Centreline for Taxi T6
112   43.30613000   -2.91981200  43.30623933   -2.91973267 51 101
112   43.30638746   -2.91994643  43.30644976   -2.92011538 51 101
112   43.30787254   -2.92397357  43.30793485   -2.92414252 51 101
116   43.30793300   -2.92444750  43.30791100   -2.92459450

120  Centreline for Taxi C6
112   43.30780350   -2.92477250  43.30773917   -2.92484217 51 101
112   43.30764950   -2.92490300  43.30761117   -2.92492033 51 101
116   43.30753250   -2.92495350  43.30749283   -2.92496983

120  Centreline for Taxi C2
112   43.29643419   -2.89627055  43.29637806   -2.89644352 51 101
112   43.29626648   -2.89678985  43.29621079   -2.89696308 51 101
112   43.29624452   -2.89685815  43.29618884   -2.89703138 51 101
116   43.29634282   -2.89761599  43.29646403   -2.89794798

120  Centreline for Taxi C1
112   43.29643419   -2.89627055  43.29649032   -2.89609759 51 101
116   43.29660881   -2.89573245  43.29666494   -2.89555948

120  Centreline for Taxi C3
112   43.29995435   -2.90254448  43.29989212   -2.90237549 51 101
112   43.29968900   -2.90240000  43.29957433   -2.90247267 51 101
112   43.29948500   -2.90260900  43.29946367   -2.90267567 51 101
112   43.29941900   -2.90280000  43.29939633   -2.90286067 51 101
112   43.29936870   -2.90317419  43.29935784   -2.90336299 51 101
112   43.29924930   -2.90524881  43.29923843   -2.90543760 51 101
116   43.29941492   -2.90602995  43.29953619   -2.90636192

120  Centreline for Taxi C5
112   43.30620061   -2.91943953  43.30626287   -2.91960851 51 101
112   43.30613000   -2.91981200  43.30602067   -2.91989133 51 101
112   43.30589700   -2.91991400  43.30585100   -2.91990267 51 101
112   43.30575750   -2.91987150  43.30571050   -2.91985450 51 101
116   43.30551445   -2.91968950  43.30539942   -2.91958516

120  Centreline for Taxi D1
112   43.30611756   -2.92498997  43.30608919   -2.92517532 51 101
112   43.30602450   -2.92548950  43.30599083   -2.92563717 51 101
112   43.30589550   -2.92590450  43.30584317   -2.92603350 51 101
112   43.30573350   -2.92622900  43.30567783   -2.92631633 51 101
116   43.30551388   -2.92657383  43.30542313   -2.92671639

120  Centreline for Taxi D1
112   43.30361412   -2.92955817  43.30352337   -2.92970072 51 101
112   43.30335850   -2.92996050  43.30327883   -2.93008617 51 101
112   43.30299600   -2.93018650  43.30283400   -2.93021150 51 101
116   43.30270598   -2.92967057  43.30267464   -2.92930161

120  Centreline for Taxi D3
112   43.30181358   -2.93036414  43.30195053   -2.93034271 51 101
112   43.30215350   -2.93031250  43.30224317   -2.93029950 51 101
112   43.30249355   -2.93026250  43.30263059   -2.93024216 51 101
112   43.30254745   -2.93025450  43.30268448   -2.93023417 51 101
116   43.30299600   -2.93018650  43.30315800   -2.93016150

120  Centreline for Taxi C1
112   43.29748825   -2.89577322  43.29742675   -2.89560374 51 101
112   43.29730650   -2.89532000  43.29724683   -2.89518733 51 101
116   43.29710850   -2.89507550  43.29703617   -2.89504517

120  Centreline for Taxi B
112   43.30611756   -2.92498997  43.30614593   -2.92480462 51 101
112   43.30613944   -2.92484703  43.30616781   -2.92466168 51 101
116   43.30600012   -2.92407098  43.30587887   -2.92373897

120  Centreline for Taxi
112   43.30638746   -2.91994643  43.30632515   -2.91977748 51 101
112   43.30620061   -2.91943953  43.30613835   -2.91927055 51 101
112   43.30302939   -2.91083247  43.30296713   -2.91066349 51 101
112   43.30311800   -2.91044850  43.30323933   -2.91036150 51 101
116   43.30357993   -2.91012066  43.30376654   -2.90998911

120  Centreline for Taxi
112   43.30188650   -2.90553952  43.30170017   -2.90567184 51 101
112   43.30141900   -2.90587000  43.30129367   -2.90595800 51 101
112   43.30106100   -2.90612250  43.30094767   -2.90620283 51 101
112   43.30086300   -2.90633850  43.30084433   -2.90640217 51 101
116   43.30080000   -2.90653000  43.30077667   -2.90659400

120  Centreline for Taxi C4
112   43.30078865   -2.90690822  43.30077288   -2.90672007 51 101
116   43.30080000   -2.90653000  43.30082333   -2.90646600

120  Centreline for Taxi
112   43.30078865   -2.90690822  43.30080441   -2.90709637 51 101
112   43.30107835   -2.91036578  43.30109412   -2.91055393 51 101
112   43.30114848   -2.91120014  43.30117947   -2.91156823 51 101
112   43.30120352   -2.91185386  43.30123451   -2.91222195 51 101
112   43.30125550   -2.91247300  43.30125917   -2.91251767 51 101
116   43.30130745   -2.91309215  43.30133842   -2.91346024

120  Centreline for Taxi T2
112   43.30041065   -2.90378352  43.30047288   -2.90395251 51 101
112   43.30059783   -2.90429014  43.30066038   -2.90445891 51 101
112   43.30069817   -2.90456086  43.30076072   -2.90472962 51 101
116   43.30088560   -2.90506730  43.30094800   -2.90523617

120  Centreline for Taxi
112   43.29976851   -2.90203693  43.29983017   -2.90220631 51 101
112   43.29995435   -2.90254448  43.30001658   -2.90271346 51 101
112   43.30041065   -2.90378352  43.30047288   -2.90395251 51 101
116   43.30063900   -2.90413450  43.30072900   -2.90419950

120  Centreline for Taxi
112   43.30089622   -2.90456865  43.30082674   -2.90473222 51 101
112   43.30088560   -2.90506730  43.30094800   -2.90523617 51 101
112   43.30113740   -2.90574870  43.30119980   -2.90591757 51 101
116   43.30132520   -2.90625489  43.30138801   -2.90642348

120  Centreline for Path
112   43.30069817   -2.90456086  43.30076072   -2.90472962 51 101
112   43.30089622   -2.90456865  43.30096570   -2.90440508 51 101
112   43.30095878   -2.90442135  43.30102826   -2.90425778 51 101
116   43.30091850   -2.90420400  43.30082217   -2.90422267

120  Centreline for Taxi
112   43.30366634   -2.91767985  43.30378745   -2.91801195 51 101
112   43.30402055   -2.91833450  43.30413558   -2.91843884 51 101
116   43.30551445   -2.91968950  43.30562948   -2.91979383

120  Centreline for Taxi
112   43.30600012   -2.92407098  43.30612137   -2.92440299 51 101
112   43.30638322   -2.92463427  43.30651736   -2.92467778 51 101
112   43.30650178   -2.92467273  43.30663593   -2.92471624 51 101
112   43.30690473   -2.92480023  43.30703921   -2.92484172 51 101
112   43.30697127   -2.92482077  43.30710576   -2.92486226 51 101
112   43.30732300   -2.92493050  43.30742300   -2.92496217 51 101
116   43.30753250   -2.92495350  43.30757217   -2.92493717

120  Centreline for Taxi
112   43.30793300   -2.92444750  43.30791100   -2.92459450 51 101
116   43.30780350   -2.92477250  43.30773917   -2.92484217

120  Centreline for Taxi
112   43.30551388   -2.92657383  43.30542313   -2.92671639 51 101
116   43.30361412   -2.92955817  43.30352337   -2.92970072

120  Centreline for Taxi C3
112   43.29709100   -2.89610050  43.29702433   -2.89616817 51 101
112   43.29693050   -2.89627650  43.29689017   -2.89632617 51 101
116   43.29673238   -2.89656299  43.29664064   -2.89670432

120  Centreline for Taxi
112   43.29657450   -2.89824200  43.29651817   -2.89808200 51 101
112   43.29643568   -2.89763277  43.29639946   -2.89738662 51 101
112   43.29641632   -2.89750123  43.29638011   -2.89725508 51 101
112   43.29644300   -2.89700800  43.29649700   -2.89692533 51 101
112   43.29666162   -2.89667201  43.29675336   -2.89653068 51 101
116   43.29673238   -2.89656299  43.29682413   -2.89642166

120  Centreline for Taxi
112   43.29709100   -2.89610050  43.29715767   -2.89603283 51 101
112   43.29730350   -2.89599250  43.29737850   -2.89598817 51 101
112   43.29751750   -2.89609250  43.29758517   -2.89616350 51 101
112   43.29765900   -2.89627650  43.29768567   -2.89632817 51 101
112   43.29760675   -2.89609978  43.29754525   -2.89593029 51 101
112   43.29748825   -2.89577322  43.29742675   -2.89560374 51 101
116   43.29759635   -2.89558911  43.29772992   -2.89563585

120  Centreline for Taxi
112   43.30329200   -2.93663700  43.30329800   -2.93672900 51 101
112   43.30317200   -2.93684000  43.30308600   -2.93688333 51 101
112   43.30283739   -2.93693475  43.30270032   -2.93695458 51 101
112   43.30277861   -2.93694325  43.30264154   -2.93696308 51 101
112   43.30242400   -2.93698700  43.30232467   -2.93699633 51 101
112   43.30213450   -2.93690550  43.30204083   -2.93684183 51 101
116   43.30196327   -2.93652906  43.30194279   -2.93634177

120  Centreline for Taxi
112   43.29759635   -2.89558911  43.29772992   -2.89563585 51
112   43.29805865   -2.89575089  43.29819222   -2.89579763 51
112   43.29831600   -2.89597950  43.29835400   -2.89608517 51
112   43.29851600   -2.89652600  43.29861133   -2.89678467 51
112   43.29871050   -2.89705600  43.29874483   -2.89715067 51
112   43.29869197   -2.89746528  43.29864528   -2.89764347 51
112   43.29851603   -2.89813672  43.29846934   -2.89831491 51
112   43.29853849   -2.89865807  43.29860015   -2.89882744 51
116   43.29976851   -2.90203693  43.29983017   -2.90220631

120  Centreline for Taxi
112   43.29853849   -2.89865807  43.29847683   -2.89848869 51 101
112   43.29835344   -2.89814999  43.29829173   -2.89798064 51 101
112   43.29779156   -2.89660801  43.29772985   -2.89643867 51 101
116   43.29760675   -2.89609978  43.29754525   -2.89593029

120  Centreline for Taxi join
112   43.30613944   -2.92484703  43.30616781   -2.92466168 51 101
116   43.30638322   -2.92463427  43.30651736   -2.92467778

120  Centreline for Taxi join
112   43.30284180   -2.91032611  43.30290460   -2.91049470 51 101
116   43.30311800   -2.91044850  43.30323933   -2.91036150

120  Centreline for Taxi join
112   43.30132520   -2.90625489  43.30126240   -2.90608630 51 101
116   43.30106100   -2.90612250  43.30094767   -2.90620283

120  Centreline for Taxi
112   43.30141900   -2.90587000  43.30129367   -2.90595800 51 101
116   43.30113740   -2.90574870  43.30107500   -2.90557983

120  Centreline for Taxi
112   43.30106100   -2.90612250  43.30117433   -2.90604217 51 101
116   43.30113740   -2.90574870  43.30107500   -2.90557983

120  Centreline for Taxi join
112   43.29968900   -2.90240000  43.29980367   -2.90232733 51 101
116   43.29976851   -2.90203693  43.29970685   -2.90186756

120  Centreline for Taxi join
112   43.29730650   -2.89532000  43.29736617   -2.89545267 51 101
116   43.29759635   -2.89558911  43.29772992   -2.89563585

120  Centreline for Taxi C3
112   43.29924930   -2.90524881  43.29923843   -2.90543760 51 101
116   43.29905118   -2.90503400  43.29892996   -2.90470200

120  Centreline for Taxi
112   43.30092008   -2.91015005  43.30104136   -2.91048202 51 101
116   43.30107835   -2.91036578  43.30106259   -2.91017763

120  Centreline for Taxi
112   43.30092008   -2.91015005  43.30104136   -2.91048202 51 101
116   43.30114848   -2.91120014  43.30117947   -2.91156823

120  Centreline for Taxi
112   43.30128366   -2.91114615  43.30116255   -2.91081405 51 101
116   43.30107835   -2.91036578  43.30106259   -2.91017763

120  Centreline for Taxi
112   43.30128366   -2.91114615  43.30116255   -2.91081405 51 101
116   43.30114848   -2.91120014  43.30117947   -2.91156823

120  Centreline for Taxi
112   43.30402988   -2.91867602  43.30390863   -2.91834401 51 101
116   43.30402055   -2.91833450  43.30413558   -2.91843884

120  Centreline for Taxi D1
112   43.30299600   -2.93018650  43.30283400   -2.93021150 51 101
116   43.30279963   -2.93077613  43.30283072   -2.93114422

120  Centreline for Taxi D3
112   43.30270598   -2.92967057  43.30273733   -2.93003952 51 101
116   43.30254745   -2.93025450  43.30241041   -2.93027484

120  Centreline for Taxi D3
112   43.30254745   -2.93025450  43.30268448   -2.93023417 51 101
116   43.30279963   -2.93077613  43.30283072   -2.93114422

120  Centreline for Taxi
112   43.30198871   -2.92282469  43.30207824   -2.92281356 51
116   43.30207669   -2.92225583  43.30204582   -2.92188771

120  Centreline for Path
112   43.30124485   -2.90374978  43.30112362   -2.90403393 51 101
116   43.30095878   -2.90442135  43.30088930   -2.90458492

120  Centreline for Taxi join
112   43.30059783   -2.90429014  43.30053528   -2.90412138 51 101
116   43.30063900   -2.90413450  43.30072900   -2.90419950

120  Centreline for Taxi
112   43.29765900   -2.89627650  43.29768567   -2.89632817 51 101
116   43.29779156   -2.89660801  43.29785327   -2.89677736

120  Centreline for Taxi
112   43.29835344   -2.89814999  43.29841515   -2.89831933 51 101
116   43.29851603   -2.89813672  43.29856272   -2.89795853

120  Taxi C6 hold short
111   43.30755403   -2.92477069 54
115   43.30762997   -2.92508731

120  Taxi C2 hold short
111   43.29678186   -2.89553281 54
115   43.29660414   -2.89541319

120  Taxi hold short
111   43.30094768   -2.90649627 54
115   43.30072232   -2.90637173

120  Taxi hold short
111   43.30557550   -2.92627060 54
115   43.30572450   -2.92644940

120  Taxi D1 hold short
111   43.30339149   -2.92966862 54
115   43.30356451   -2.92987538

120  Taxi hold short
111   43.30256264   -2.93683796 54
115   43.30258336   -2.93710804

120  Taxi D3 hold short
111   43.30202939   -2.93046703 54
115   43.30200861   -2.93019697

120  Taxi hold short
111   43.30144933   -2.92280495 54
115   43.30146067   -2.92297705

120  Taxi C3 hold short
111   43.29692494   -2.89610089 54
115   43.29705706   -2.89630311

120  Runway 10/28 hold short
111   43.30133734   -2.91581610 54
115   43.30173066   -2.91575390

110  01 0.25  96.60 Apron
111   43.30032300   -2.93589100
111   43.30018300   -2.93536200
111   43.29980000   -2.93078500
111   43.30020900   -2.93017800
111   43.30046500   -2.92969700
111   43.30082500   -2.92814000
111   43.30048300   -2.92304800
111   43.30054600   -2.92294000
111   43.30134800   -2.92478400
111   43.30147900   -2.92614900
111   43.30096500   -2.92834500
111   43.30115700   -2.92831100
111   43.30114800   -2.92821400
111   43.30141900   -2.92817000
111   43.30149000   -2.92892800
111   43.30121900   -2.92897300
111   43.30131600   -2.93005900
111   43.30116300   -2.93008000
111   43.30117100   -2.93017600
111   43.30162200   -2.93011600
111   43.30170600   -2.93066700
111   43.30166200   -2.93070900
111   43.30164900   -2.93078500
111   43.30214300   -2.93648100
111   43.30176900   -2.93664200
111   43.30173000   -2.93659300
111   43.30138300   -2.93643300
111   43.30110800   -2.93646300
111   43.30098600   -2.93652400
111   43.30068600   -2.93568400
111   43.30055900   -2.93415500
111   43.30048900   -2.93416500
111   43.30052100   -2.93454300
111   43.30036900   -2.93456600
111   43.30050500   -2.93474900
111   43.30060100   -2.93585700
111   43.30103700   -2.93725500
111   43.30123600   -2.93769800
111   43.30124900   -2.93809200
111   43.30072400   -2.93795900
113   43.30079300   -2.93739500

110  03 0.25  96.60 Apron
111   43.30775900   -2.89771500
111   43.30657600   -2.90165800
111   43.30572400   -2.90220100
111   43.30517600   -2.90233100
111   43.30281700   -2.90017800
111   43.30243500   -2.90094700
111   43.30217200   -2.90102500
111   43.30076200   -2.89974600
111   43.30142700   -2.89836900
113   43.30444800   -2.89833100

110  03 0.25  96.60 Apron
111   43.30578100   -2.90665400
111   43.30466500   -2.90386200
111   43.30466400   -2.90335400
111   43.30478900   -2.90289500
111   43.30500900   -2.90252000
111   43.30532900   -2.90230000
111   43.30579300   -2.90223600
111   43.30632500   -2.90255100
111   43.30655600   -2.90294100
111   43.30675800   -2.90347200
111   43.30698400   -2.90354100
111   43.30770200   -2.90544200
111   43.30761000   -2.90574300
111   43.30790100   -2.90680900
111   43.30786300   -2.90727400
111   43.30771200   -2.90773000
111   43.30746000   -2.90806500
111   43.30713300   -2.90827300
111   43.30677800   -2.90831400
111   43.30644900   -2.90818300
111   43.30615300   -2.90789100
113   43.30592200   -2.90739100

110  01 0.25  96.60 Apron
111   43.30415400   -2.90348900
111   43.30409100   -2.90309700
111   43.30407100   -2.90293700
111   43.30398400   -2.90271300
111   43.30386000   -2.90250000
111   43.30373100   -2.90235200
111   43.30284900   -2.90155700
111   43.30273500   -2.90147600
111   43.30260600   -2.90142500
111   43.30246900   -2.90141100
111   43.30233900   -2.90143400
111   43.30222400   -2.90149000
111   43.30210600   -2.90158400
111   43.30200500   -2.90171200
111   43.30193400   -2.90184300
111   43.30129100   -2.90335600
111   43.30122100   -2.90350900
111   43.30100000   -2.90387400
111   43.30093100   -2.90394200
111   43.30088200   -2.90377500
111   43.30101100   -2.90358800
111   43.30111500   -2.90340800
111   43.30117800   -2.90327100
111   43.30183200   -2.90175100
111   43.30191000   -2.90159400
111   43.30202700   -2.90143900
111   43.30217600   -2.90132400
111   43.30231500   -2.90126100
111   43.30246700   -2.90122900
111   43.30263000   -2.90124700
111   43.30278300   -2.90131600
111   43.30290300   -2.90139900
111   43.30403200   -2.90241500
111   43.30410200   -2.90226100
111   43.30423400   -2.90237500
111   43.30419700   -2.90246000
111   43.30419300   -2.90248900
111   43.30419900   -2.90251700
111   43.30424200   -2.90262000
111   43.30431900   -2.90386100
111   43.30442200   -2.90382700
111   43.30400200   -2.90483500
111   43.30397900   -2.90479700
111   43.30395800   -2.90477000
111   43.30390500   -2.90473700
111   43.30383700   -2.90470300
111   43.30362000   -2.90466000
111   43.30349100   -2.90460200
111   43.30258700   -2.90380700
111   43.30255100   -2.90378400
111   43.30251400   -2.90376600
111   43.30247600   -2.90376000
111   43.30244500   -2.90376200
111   43.30240000   -2.90377600
111   43.30236100   -2.90379600
111   43.30223500   -2.90388500
111   43.30219500   -2.90391900
111   43.30215000   -2.90396800
111   43.30210400   -2.90402800
111   43.30207300   -2.90407500
111   43.30203800   -2.90413800
111   43.30200800   -2.90419800
111   43.30198100   -2.90426600
111   43.30193300   -2.90413000
111   43.30196500   -2.90406600
111   43.30200100   -2.90399800
111   43.30204800   -2.90393000
111   43.30209100   -2.90387200
111   43.30214500   -2.90381600
111   43.30230500   -2.90369600
111   43.30221200   -2.90342800
111   43.30236600   -2.90306800
111   43.30247400   -2.90301100
111   43.30251300   -2.90299400
111   43.30256800   -2.90298600
111   43.30261900   -2.90299100
111   43.30267300   -2.90301200
111   43.30271600   -2.90304200
111   43.30349100   -2.90372600
111   43.30410400   -2.90428900
111   43.30417400   -2.90420600
111   43.30422600   -2.90410500
111   43.30424500   -2.90398700
113   43.30423400   -2.90387100

110  02 0.25  96.60 Apron
111   43.30410400   -2.90226200
111   43.30426000   -2.90189500
111   43.30446800   -2.90207700
113   43.30431600   -2.90244700

110  01 0.25  96.60 Apron
111   43.30392900   -2.90958300
111   43.30390500   -2.90967700
111   43.30385300   -2.90975300
111   43.30378600   -2.90981000
111   43.30361300   -2.90992900
111   43.30357500   -2.90981800
111   43.30375400   -2.90968700
111   43.30388100   -2.90936300
111   43.30392300   -2.90814300
111   43.30324100   -2.90629600
111   43.30247700   -2.90561200
111   43.30224700   -2.90559200
111   43.30206200   -2.90572900
111   43.30172200   -2.90603000
111   43.30167700   -2.90592100
111   43.30203200   -2.90559800
111   43.30221200   -2.90547000
111   43.30227500   -2.90543800
111   43.30235000   -2.90543000
111   43.30242500   -2.90546700
111   43.30250100   -2.90552000
111   43.30256700   -2.90558100
111   43.30327300   -2.90621600
111   43.30328900   -2.90623300
111   43.30330700   -2.90627500
111   43.30398200   -2.90811800
111   43.30398800   -2.90814100
111   43.30399000   -2.90817500
113   43.30394200   -2.90947300

110  01 0.25  96.60 Apron
111   43.30514900   -2.90917500
111   43.30515800   -2.90913700
111   43.30517900   -2.90860300
111   43.30517400   -2.90856800
111   43.30515600   -2.90853400
111   43.30513500   -2.90851500
111   43.30508600   -2.90854000
111   43.30500500   -2.90859800
111   43.30500300   -2.90844000
111   43.30516600   -2.90831700
111   43.30518900   -2.90829200
111   43.30520500   -2.90825600
111   43.30521100   -2.90821600
111   43.30521200   -2.90817200
111   43.30520600   -2.90812300
111   43.30519400   -2.90806400
111   43.30517400   -2.90800000
111   43.30400200   -2.90483500
111   43.30442200   -2.90382700
111   43.30506700   -2.90500800
111   43.30571300   -2.90674800
111   43.30572300   -2.90848700
111   43.30542900   -2.90843500
111   43.30539600   -2.90847300
111   43.30531200   -2.90882500
111   43.30526400   -2.91023700
111   43.30473700   -2.91032800
111   43.30473700   -2.91020200
111   43.30396800   -2.91016800
111   43.30390800   -2.91018100
111   43.30376500   -2.91027800
111   43.30372300   -2.91018200
111   43.30388600   -2.91006700
111   43.30397000   -2.91004900
111   43.30512700   -2.91012300
111   43.30514600   -2.90956300
111   43.30514400   -2.90951100
111   43.30513000   -2.90946500
111   43.30510000   -2.90942300
111   43.30508100   -2.90940600
111   43.30505900   -2.90939600
111   43.30503400   -2.90939200
111   43.30497400   -2.90938700
111   43.30497900   -2.90926400
111   43.30504000   -2.90926800
111   43.30506000   -2.90926700
111   43.30508700   -2.90925600
111   43.30511300   -2.90923700
113   43.30513400   -2.90920800

110  01 0.25  96.60 Apron
111   43.30778800   -2.92514300
111   43.30758800   -2.92524000
111   43.30738100   -2.92523500
111   43.30659600   -2.92497100
111   43.30629500   -2.92414700
111   43.30644300   -2.92430700
111   43.30658400   -2.92441100
111   43.30672900   -2.92447100
111   43.30738300   -2.92465900
111   43.30746600   -2.92467400
111   43.30755600   -2.92463400
111   43.30763700   -2.92457500
111   43.30770500   -2.92448600
111   43.30773300   -2.92435600
111   43.30770300   -2.92416400
111   43.30762900   -2.92390300
111   43.30624300   -2.92015100
111   43.30621700   -2.92011900
111   43.30617700   -2.92012500
111   43.30605500   -2.92018800
111   43.30591500   -2.92021600
111   43.30574300   -2.92016300
111   43.30559000   -2.92006800
111   43.30464700   -2.91922200
111   43.30459100   -2.91917800
111   43.30452200   -2.91915500
111   43.30449100   -2.91920500
111   43.30401400   -2.91789800
111   43.30414700   -2.91809100
111   43.30430900   -2.91827600
111   43.30573800   -2.91955500
111   43.30582000   -2.91959900
111   43.30590100   -2.91961800
111   43.30597600   -2.91957600
111   43.30600200   -2.91953400
111   43.30599700   -2.91948400
111   43.30120600   -2.90652000
111   43.30114400   -2.90645700
111   43.30106100   -2.90647900
111   43.30100900   -2.90659500
111   43.30098200   -2.90675000
111   43.30099300   -2.90700000
111   43.30124200   -2.90999900
111   43.30128300   -2.91028400
111   43.30134000   -2.91057200
111   43.30074500   -2.90894300
111   43.30076400   -2.90892300
111   43.30060900   -2.90711300
111   43.30059000   -2.90680800
111   43.30059200   -2.90649400
111   43.30064400   -2.90625900
111   43.30073700   -2.90605300
111   43.30086600   -2.90591000
111   43.30091700   -2.90584600
111   43.30091900   -2.90574300
111   43.29981300   -2.90275500
111   43.29977100   -2.90271300
111   43.29970600   -2.90272700
111   43.29963800   -2.90280000
111   43.29959500   -2.90293200
111   43.29957500   -2.90308900
111   43.29945900   -2.90497500
111   43.29946400   -2.90525900
111   43.29949800   -2.90552500
111   43.29904000   -2.90427200
111   43.29907900   -2.90426000
111   43.29910300   -2.90420000
111   43.29912500   -2.90406100
111   43.29919400   -2.90287800
111   43.29922900   -2.90264500
111   43.29928500   -2.90246300
111   43.29939000   -2.90229100
111   43.29950600   -2.90218100
111   43.29954900   -2.90211200
111   43.29954500   -2.90203200
111   43.29930400   -2.90135400
111   43.29751300   -2.89643500
111   43.29741200   -2.89629100
111   43.29731100   -2.89625800
111   43.29720500   -2.89631200
111   43.29705900   -2.89647400
111   43.29679200   -2.89686400
111   43.29666000   -2.89714800
111   43.29662000   -2.89745100
111   43.29666700   -2.89777300
111   43.29607700   -2.89616300
111   43.29620500   -2.89614800
111   43.29629200   -2.89602800
111   43.29636500   -2.89582800
111   43.29657400   -2.89520400
111   43.29667000   -2.89501400
111   43.29680600   -2.89487100
111   43.29697900   -2.89479500
111   43.29720500   -2.89483800
111   43.29739700   -2.89502400
111   43.29752500   -2.89529300
111   43.29965700   -2.90113500
111   43.30051800   -2.90348100
111   43.30065600   -2.90368900
111   43.30077700   -2.90379200
111   43.30088100   -2.90377400
111   43.30172300   -2.90603000
111   43.30157600   -2.90615800
111   43.30155600   -2.90623200
111   43.30156900   -2.90631000
111   43.30292600   -2.90996400
111   43.30296700   -2.91003500
111   43.30301100   -2.91008900
111   43.30307400   -2.91008500
111   43.30320000   -2.91002600
111   43.30357600   -2.90981900
111   43.30376500   -2.91027700
111   43.30340200   -2.91061600
111   43.30329800   -2.91071700
111   43.30326200   -2.91077200
111   43.30326300   -2.91084600
111   43.30328300   -2.91093000
111   43.30805500   -2.92389000
111   43.30812800   -2.92418500
111   43.30814000   -2.92448000
111   43.30808100   -2.92474900
113   43.30796500   -2.92497500

110  01 0.25  96.60 Apron
111   43.30659700   -2.92497100
111   43.30628600   -2.92520000
111   43.30623600   -2.92544200
111   43.29562200   -2.89638500
113   43.29605600   -2.89609600

110  01 0.25  96.60 Apron
111   43.30102700   -2.91265500
111   43.30089600   -2.91109700
111   43.30084100   -2.91076400
111   43.30075600   -2.91042700
111   43.30152200   -2.91253100
111   43.30150300   -2.91254100
111   43.30357300   -2.93707400
113   43.30309600   -2.93715100

110  01 0.25  96.60 Apron
111   43.30602600   -2.92612600
111   43.30588900   -2.92638900
111   43.30349100   -2.93018900
111   43.30333000   -2.93038400
111   43.30310900   -2.93051000
111   43.30306400   -2.93056300
111   43.30303300   -2.93069900
111   43.30295200   -2.92971100
111   43.30299400   -2.92981100
111   43.30305600   -2.92983500
111   43.30315500   -2.92980500
111   43.30323300   -2.92973000
111   43.30558700   -2.92605700
111   43.30573500   -2.92575600
111   43.30584300   -2.92538800
111   43.30591500   -2.92501800
111   43.30594000   -2.92475700
111   43.30591700   -2.92456000
111   43.30623600   -2.92544200
113   43.30614900   -2.92579700

110  01 0.25  96.60 Apron
111   43.30310900   -2.93715000
111   43.30287000   -2.93720500
111   43.30255300   -2.93725900
111   43.30232300   -2.93726700
111   43.30211500   -2.93719600
111   43.30193300   -2.93703200
111   43.30180900   -2.93681100
111   43.30176100   -2.93656600
111   43.30214300   -2.93647900
111   43.30219900   -2.93663500
111   43.30231900   -2.93671800
111   43.30244100   -2.93671900
111   43.30265900   -2.93669700
111   43.30284900   -2.93666500
111   43.30294400   -2.93659900
111   43.30300700   -2.93647700
113   43.30302900   -2.93632500

110  01 0.25  96.60 Apron
111   43.30255900   -2.93075900
111   43.30252900   -2.93064700
111   43.30248100   -2.93057600
111   43.30241200   -2.93055300
111   43.30203300   -2.93061100
111   43.30164700   -2.93067800
111   43.30159600   -2.93012000
111   43.30198900   -2.93005600
111   43.30237200   -2.93000100
111   43.30243400   -2.92996200
111   43.30246700   -2.92987900
113   43.30247600   -2.92976900

110  02 0.25  96.60 Apron
111   43.30398100   -2.90244800
111   43.30527000   -2.90801200
111   43.30517800   -2.91018700
111   43.30366200   -2.91006000
111   43.30387000   -2.90961900
111   43.30398000   -2.90815800
111   43.30326100   -2.90626600
111   43.30252300   -2.90557100
111   43.30154000   -2.90558600
111   43.30089400   -2.90395800
111   43.30202500   -2.90160600
113   43.30252200   -2.90127200

110  01 0.25  96.60 Apron
111   43.30064800   -2.92317200
111   43.30058100   -2.92243800
111   43.30106400   -2.92236400
113   43.30113300   -2.92309900

110  01 0.25  96.60 Apron
111   43.30062300   -2.92288300
111   43.30054000   -2.92289800
111   43.30052800   -2.92274000
113   43.30060900   -2.92273100

110  03 0.25  96.60 Apron
111   43.30034000   -2.93037400
111   43.30019200   -2.93039600
113   43.30032200   -2.93015100

110  03 0.25  96.60 Apron
111   43.30012800   -2.93080900
111   43.30037500   -2.93077200
111   43.30038500   -2.93087700
113   43.30013700   -2.93091300

110  03 0.25  96.60 Apron
111   43.30036100   -2.93063900
111   43.30021600   -2.93065800
111   43.30021000   -2.93058100
113   43.30035400   -2.93056000

110  01 0.25  96.60 Apron
111   43.29909500   -2.91332800
111   43.29897500   -2.91327000
111   43.29894200   -2.91287800
111   43.29902800   -2.91286000
111   43.29897400   -2.91230100
111   43.29928500   -2.91225300
113   43.29936600   -2.91327700

110  01 0.25  96.60 Apron
111   43.29943300   -2.91151700
111   43.29896500   -2.91157700
111   43.29907900   -2.91151200
111   43.29911000   -2.91145700
111   43.29911900   -2.91138000
111   43.29874200   -2.91033300
111   43.29899400   -2.91017700
111   43.29896000   -2.91022300
113   43.29896000   -2.91028800

110  01 0.25  96.60 Apron
111   43.29959300   -2.91150700
111   43.29941800   -2.91152900
111   43.29915600   -2.91080900
111   43.29918600   -2.91082800
111   43.29921700   -2.91082800
111   43.29927200   -2.91079000
111   43.29929400   -2.91075600
113   43.29929900   -2.91070600

110  01 0.25  96.60 Apron
111   43.30191600   -2.92316400
111   43.30187500   -2.92306400
111   43.30181400   -2.92299900
111   43.30173900   -2.92298600
111   43.30112000   -2.92306400
111   43.30110000   -2.92281400
111   43.30172100   -2.92273200
111   43.30178500   -2.92270000
111   43.30183600   -2.92261700
113   43.30186100   -2.92251600

110  01 0.25  96.60 Apron
111   43.29851900   -2.89569600
111   43.29854400   -2.89573800
111   43.29897100   -2.89690200
111   43.29898300   -2.89699800
111   43.29897200   -2.89709600
111   43.29870500   -2.89816300
111   43.29868800   -2.89829900
111   43.29868400   -2.89843300
111   43.29871200   -2.89854600
111   43.29840500   -2.89770700
111   43.29842100   -2.89772100
111   43.29843700   -2.89771600
111   43.29846600   -2.89762200
111   43.29848500   -2.89749800
111   43.29848400   -2.89737900
111   43.29846000   -2.89723400
111   43.29803800   -2.89610000
111   43.29796300   -2.89601000
111   43.29785000   -2.89593800
111   43.29780200   -2.89592400
111   43.29777900   -2.89593300
111   43.29777100   -2.89596700
111   43.29747000   -2.89518100
111   43.29753200   -2.89526800
111   43.29758000   -2.89531300
111   43.29763200   -2.89534800
111   43.29841700   -2.89562700
113   43.29848000   -2.89566100


99
