I
1000 Generated by WorldEditor

1   2580 0 0 LE74 Alarcon-La Cabana
100 50.00 4 0 0.25 0 0 0 14  39.68219541 -002.25022926    0    0 0 0 0 0 32  39.68462459 -002.25244474    0    0 0 0 0 0
110 12 0.25 144.8900 Taxiway
111  39.68361200 -002.25198900
112  39.68237300 -002.25089800  39.68234800 -002.25087600
112  39.68235000 -002.25080900  39.68235900 -002.25077200
112  39.68227100 -002.25066900  39.68220900 -002.25061300
111  39.68227100 -002.25066900
111  39.68258300 -002.25024000
111  39.68277200 -002.25112100
112  39.68277200 -002.25112100  39.68252600 -002.25089900
112  39.68239600 -002.25081400  39.68239200 -002.25083200
112  39.68242700 -002.25087400  39.68245200 -002.25089600
111  39.68369600 -002.25199200
112  39.68379900 -002.25208300  39.68382400 -002.25210500
112  39.68384300 -002.25210400  39.68384800 -002.25209600
112  39.68348100 -002.25175900  39.68323500 -002.25153700
111  39.68348100 -002.25175900
111  39.68413500 -002.25163800
111  39.68411700 -002.25233200
112  39.68411700 -002.25233200  39.68396400 -002.25219500
112  39.68387300 -002.25215000  39.68386400 -002.25216600
111  39.68385900 -002.25217400
111  39.68380800 -002.25216300
111  39.68377100 -002.25213000
111  39.68372400 -002.25208800
111  39.68368700 -002.25205500
113  39.68364900 -002.25202200
14  39.68412100 -002.25370200 119.00 0 Alarcon-La Cabana Tower
1300  39.68375200 -002.25230400  42.62 misc props|helos GA Ramp  1
1300  39.68358300 -002.25216300  49.64 misc props|helos GA Ramp  2
99
