I
1000 Generated by WorldEditor

1   3244 0 0 LE76 Orce
100 20.00 1 0 0.25 0 0 0 08  37.73636970 -002.35686642    0    0 2 0 0 0 26  37.73467230 -002.37078758    0    0 2 0 0 0
110 1 0.25 81.2500 Taxiway
112  37.73512000 -002.36391800  37.73517900 -002.36384200
112  37.73538600 -002.36357100  37.73544500 -002.36349500
112  37.73550100 -002.36323200  37.73551900 -002.36308200
111  37.73550100 -002.36323200
111  37.73565500 -002.36346900
111  37.73541300 -002.36395300
112  37.73541300 -002.36395300  37.73543200 -002.36380300
112  37.73535300 -002.36384200  37.73529400 -002.36391800
112  37.73524000 -002.36399000  37.73518100 -002.36406600
112  37.73515000 -002.36412900  37.73514900 -002.36414600
111  37.73515000 -002.36412900
111  37.73502700 -002.36408800
114  37.73502700 -002.36408800  37.73503000 -002.36405100
110 1 0.25 81.2500 Taxiway
112  37.73521700 -002.36499500  37.73518300 -002.36489800
112  37.73505400 -002.36453600  37.73502000 -002.36443900
112  37.73500700 -002.36433700  37.73501000 -002.36430100
111  37.73500700 -002.36433700
111  37.73513400 -002.36433300
112  37.73513400 -002.36433300  37.73513200 -002.36435400
112  37.73518200 -002.36451000  37.73521600 -002.36460700
112  37.73525200 -002.36470600  37.73528600 -002.36480300
112  37.73533100 -002.36462600  37.73535000 -002.36447600
111  37.73533100 -002.36462600
111  37.73544200 -002.36520300
111  37.73524100 -002.36536500
114  37.73524100 -002.36536500  37.73525900 -002.36521500
110 5 0.25 81.2500 Taxiway
112  37.73502700 -002.36408800  37.73503000 -002.36405100
112  37.73512000 -002.36391800  37.73517900 -002.36384200
111  37.73512000 -002.36391800
111  37.73524000 -002.36399000
112  37.73524000 -002.36399000  37.73518100 -002.36406600
112  37.73515000 -002.36412900  37.73514900 -002.36414600
111  37.73514800 -002.36415500
113  37.73502200 -002.36414300
110 5 0.25 81.2500 Taxiway
112  37.73500700 -002.36433700  37.73501000 -002.36430100
111  37.73501200 -002.36428200
111  37.73513600 -002.36430200
112  37.73513400 -002.36433300  37.73513200 -002.36435400
112  37.73518200 -002.36451000  37.73521600 -002.36460700
111  37.73518200 -002.36451000
111  37.73505400 -002.36453600
114  37.73505400 -002.36453600  37.73502000 -002.36443900
110 5 0.25 81.2500 Apron
111  37.73513900 -002.36436800
111  37.73500200 -002.36438100
111  37.73503900 -002.36403700
113  37.73515900 -002.36411800
110 1 0.25 81.2500 Apron
111  37.73473400 -002.36431400
111  37.73471300 -002.36426300
111  37.73471600 -002.36420000
111  37.73474200 -002.36415400
111  37.73478900 -002.36413600
111  37.73483600 -002.36414900
111  37.73487000 -002.36420300
111  37.73487000 -002.36426300
111  37.73485100 -002.36431200
111  37.73481300 -002.36433800
113  37.73476900 -002.36434000
110 5 0.25 81.2500 Apron
111  37.73626300 -002.35681200
111  37.73649600 -002.35686500
111  37.73478700 -002.37088100
113  37.73453700 -002.37082800
120 Centreline for Path
112  37.73508850 -002.36410850  37.73508617 -002.36413550 51
112  37.73508400 -002.36418150  37.73508333 -002.36420317 51
112  37.73507850 -002.36425300  37.73507550 -002.36427900 51
116  37.73507050 -002.36433500  37.73506817 -002.36436367
120 GA Ramp  1
111  37.73511447 -002.36421555 51
115  37.73505153 -002.36421245
120 GA Ramp  1
111  37.73505184 -002.36420826 51
115  37.73511416 -002.36421974
14  37.73885000 -002.35891300  36.00 0 Orce Tower
1300  37.73508300 -002.36421400 357.68 misc props|helos GA Ramp  1
99
