I
1000 Generated by WorldEditor

1   3359 0 0 LE25 Numancia-Garray
100 24.00 1 1 0.25 0 0 0 09  41.82120408 -002.47137353   50    0 2 0 0 0 27  41.82127192 -002.48764647    0    0 2 0 0 0
100 18.00 1 1 0.25 0 0 0 02  41.82272391 -002.47025128   70    0 2 0 0 0 20  41.81843609 -002.47276072    0    0 2 0 0 0
110 1 0.25 90.3200 Taxiway
112  41.82134700 -002.48764700  41.82123900 -002.48764500 53
111  41.82132700 -002.48764600
111  41.82116500 -002.48764300
111  41.82137900 -002.48743100
111  41.82140600 -002.48743200
112  41.82144700 -002.48741000  41.82145600 -002.48739500
112  41.82146100 -002.48730000  41.82146200 -002.48724200
112  41.82133900 -002.48707200  41.82125800 -002.48697700
112  41.82128300 -002.48700700  41.82120200 -002.48691200
112  41.82116000 -002.48657600  41.82115900 -002.48638300
111  41.82116000 -002.48657600
111  41.82137600 -002.48654000
112  41.82137600 -002.48654000  41.82137700 -002.48673300 53
112  41.82150000 -002.48697300  41.82158200 -002.48706900 53
112  41.82162300 -002.48729000  41.82162200 -002.48740700 53
114  41.82156500 -002.48755700  41.82152700 -002.48761800 53
110 1 0.25 90.3200 Taxiway
112  41.82109600 -002.47147700  41.82109500 -002.47137900 53
112  41.82093900 -002.47142200  41.82083500 -002.47148300
111  41.82093900 -002.47142200
111  41.82116800 -002.47104100
111  41.82145700 -002.47111100
112  41.82145700 -002.47111100  41.82135800 -002.47116900 53
112  41.82131100 -002.47141100  41.82131200 -002.47155300 53
111  41.82131300 -002.47162300
111  41.82131600 -002.47227500
111  41.82110000 -002.47227600
113  41.82109700 -002.47162500 53
110 1 0.25 90.3200 Taxiway
111  41.82096900 -002.47336300 53
112  41.82103600 -002.47336200  41.82108100 -002.47336200 53
112  41.82110300 -002.47320200  41.82110200 -002.47309500
111  41.82110300 -002.47320200
111  41.82132100 -002.47346900
111  41.82110600 -002.47376800
112  41.82110600 -002.47376800  41.82110500 -002.47364200 53
112  41.82103700 -002.47357900  41.82099200 -002.47357900 53
111  41.82096900 -002.47357900 53
111  41.82080400 -002.47357900
113  41.82080400 -002.47336300 53
110 1 0.25 90.3200 Taxiway
112  41.82008300 -002.47202900  41.82006400 -002.47196600 53
112  41.81994700 -002.47199700  41.81987600 -002.47203800
111  41.81994700 -002.47199700
111  41.82006400 -002.47168900
111  41.82036000 -002.47176100
112  41.82036000 -002.47176100  41.82025600 -002.47182200 53
112  41.82023300 -002.47194700  41.82025200 -002.47201000 53
111  41.82026200 -002.47204100 53
111  41.82032200 -002.47223800
111  41.82017200 -002.47232200 53
113  41.82011200 -002.47212300 53
110 1 0.25 90.3200 Taxiway
112  41.81881600 -002.47223900  41.81891600 -002.47229400 53
112  41.81882600 -002.47224400  41.81892600 -002.47229900 53
112  41.81912400 -002.47224100  41.81922300 -002.47218400
111  41.81912400 -002.47224100
111  41.81912600 -002.47247600
112  41.81912600 -002.47247600  41.81902700 -002.47253400
112  41.81882800 -002.47248000  41.81872800 -002.47242500
112  41.81881600 -002.47247300  41.81871600 -002.47241800
112  41.81860700 -002.47242300  41.81856800 -002.47244500
112  41.81853800 -002.47248500  41.81853200 -002.47250400
111  41.81853400 -002.47252900
111  41.81853900 -002.47254400
111  41.81847900 -002.47288800
111  41.81841500 -002.47270200
112  41.81841500 -002.47270200  41.81837200 -002.47257800 53
112  41.81838800 -002.47240300  41.81841300 -002.47232800 53
114  41.81854500 -002.47222400  41.81862600 -002.47217900 53
110 1 0.25 90.3200 Taxiway
112  41.82217000 -002.47025900  41.82221600 -002.47012800 53
112  41.82236100 -002.46999300  41.82244200 -002.46994600 53
112  41.82256300 -002.46997100  41.82261700 -002.47000400 53
111  41.82270800 -002.47020400
111  41.82277300 -002.47038600
111  41.82253100 -002.47020800
111  41.82252700 -002.47019700
112  41.82250200 -002.47017200  41.82248800 -002.47016300
112  41.82241900 -002.47019400  41.82237800 -002.47021700
112  41.82229000 -002.47042600  41.82224400 -002.47055700
112  41.82227500 -002.47047100  41.82222900 -002.47060200
112  41.82205700 -002.47075800  41.82195800 -002.47081800
111  41.82205700 -002.47075800
111  41.82196300 -002.47057700
112  41.82196300 -002.47057700  41.82204400 -002.47052800 53
114  41.82215300 -002.47030800  41.82219900 -002.47017700 53
110 15 0.25 90.3200 Apron path
112  41.82025600 -002.47258500  41.82021400 -002.47245200
111  41.82017200 -002.47232200
111  41.82032200 -002.47223800 53
111  41.82049500 -002.47278500 53
111  41.82058400 -002.47306600 53
112  41.82063100 -002.47321500  41.82066200 -002.47331400 53
112  41.82074100 -002.47336300  41.82078300 -002.47336300 53
111  41.82080400 -002.47336300
111  41.82080400 -002.47357900
112  41.82072200 -002.47357900  41.82066700 -002.47357900
112  41.82048900 -002.47365900  41.82038900 -002.47371200
112  41.82036600 -002.47349100  41.82046700 -002.47343800
112  41.82048800 -002.47332100  41.82046900 -002.47326100
112  41.82033500 -002.47330000  41.82025200 -002.47334500
112  41.82028200 -002.47313300  41.82036500 -002.47308800
112  41.82038900 -002.47300800  41.82037700 -002.47297000
112  41.82024600 -002.47302000  41.82016300 -002.47306600
114  41.82019400 -002.47285400  41.82027700 -002.47280800
110 1 0.25 90.3200 Apron
111  41.81977400 -002.47356000
111  41.81948600 -002.47372300
111  41.81950000 -002.47376800
111  41.81942600 -002.47380800
111  41.81938600 -002.47367600
111  41.81935800 -002.47367400
111  41.81837000 -002.47424200
111  41.81834500 -002.47415500
111  41.81933300 -002.47358400
111  41.81935100 -002.47355800
111  41.81932600 -002.47347100
111  41.81957100 -002.47333300
111  41.81940400 -002.47274600
111  41.81993600 -002.47199900
111  41.82032300 -002.47177000
111  41.82111100 -002.47314800
111  41.82111100 -002.47379600
111  41.82060600 -002.47372500
111  41.82019200 -002.47395900
111  41.82016700 -002.47388300
111  41.82001500 -002.47396100
111  41.81996600 -002.47380800
111  41.81986800 -002.47386300
111  41.81989100 -002.47394200
111  41.81960600 -002.47410400
111  41.81958100 -002.47402300
111  41.81950600 -002.47406700
111  41.81942600 -002.47380900
111  41.81950000 -002.47376800
111  41.81951500 -002.47381700
113  41.81980200 -002.47365600
110 4 0.25 90.3200 Apron
111  41.82185700 -002.47132400
111  41.82191100 -002.48874100
111  41.82063500 -002.48874300
111  41.82063000 -002.48715600
111  41.82134573 -002.48715698
111  41.82062900 -002.48715500
111  41.82059300 -002.47366000
111  41.82067100 -002.47362200
111  41.82080900 -002.47358000
111  41.82095600 -002.47358000
111  41.82100400 -002.47359000
111  41.82104300 -002.47361900
111  41.82107100 -002.47366300
111  41.82108700 -002.47371900
111  41.82110100 -002.47378300
111  41.82109900 -002.47315600
111  41.82108900 -002.47322100
111  41.82107200 -002.47327600
111  41.82104400 -002.47331900
111  41.82100100 -002.47335300
111  41.82095200 -002.47336200
111  41.82081800 -002.47336100
111  41.82077900 -002.47335600
111  41.82073600 -002.47334000
111  41.82070300 -002.47331200
111  41.82066800 -002.47327100
111  41.82064200 -002.47322200
111  41.82061800 -002.47316200
111  41.82025900 -002.47202400
111  41.82025000 -002.47197700
111  41.82024700 -002.47193100
111  41.82025300 -002.47188800
111  41.82026800 -002.47184600
111  41.82028800 -002.47181400
111  41.82031900 -002.47178300
111  41.81994200 -002.47200500
111  41.81997900 -002.47199500
111  41.82001400 -002.47199800
111  41.82004300 -002.47201100
111  41.82007000 -002.47203300
111  41.82009100 -002.47206600
111  41.82010800 -002.47210700
111  41.82016800 -002.47230600
111  41.81811300 -002.47349200
111  41.81780700 -002.47253800
111  41.81851800 -002.47212300
111  41.81859700 -002.47238300
111  41.81843700 -002.47247500
111  41.81849100 -002.47264100
111  41.81880000 -002.47245900
111  41.81875000 -002.47230300
111  41.81859800 -002.47238300
111  41.81851900 -002.47212300
111  41.82092900 -002.47071100
111  41.82104300 -002.47064400
111  41.82111300 -002.47060200
111  41.82119800 -002.47055200
111  41.82127500 -002.47050800
111  41.82134400 -002.47046600
111  41.82232400 -002.46989200
111  41.82232404 -002.46989283
111  41.82301100 -002.46948800
113  41.82332100 -002.47048400
111  41.82149600 -002.48749400
111  41.82149500 -002.48706400
111  41.82134700 -002.48706300
111  41.82134641 -002.48715696
111  41.82134800 -002.48715700
113  41.82134900 -002.48749400
111  41.82236594 -002.47002500
111  41.82240800 -002.47015800
111  41.82223600 -002.47025500
111  41.82228900 -002.47042100
111  41.82261100 -002.47023800
111  41.82256200 -002.47007400
113  41.82240800 -002.47015700
110 1 0.25 90.3200 Apron
111  41.82146900 -002.48744100
111  41.82137800 -002.48744100
111  41.82137800 -002.48711500
113  41.82146900 -002.48711500
110 1 0.25 90.3200 Apron
111  41.82260200 -002.47023100
111  41.82229500 -002.47040500
111  41.82224900 -002.47026000
113  41.82255900 -002.47008800
110 1 0.25 90.3200 Apron
111  41.81877000 -002.47245100
111  41.81849600 -002.47261100
111  41.81845900 -002.47248800
113  41.81873500 -002.47234000
110 3 0.25 90.3200 Apron
111  41.81926500 -002.47362400
111  41.81919300 -002.47338700
111  41.81943900 -002.47324900
111  41.81930700 -002.47280400
111  41.81940300 -002.47274600
111  41.81957100 -002.47333500
111  41.81932400 -002.47347300
111  41.81934900 -002.47356000
113  41.81933100 -002.47358700
110 3 0.25 90.3200 Apron
111  41.81996600 -002.47380800
111  41.82001600 -002.47396100
111  41.82016700 -002.47388400
111  41.82018300 -002.47393300
111  41.81947600 -002.47432000
111  41.81929200 -002.47371200
111  41.81935800 -002.47367400
111  41.81938500 -002.47367600
111  41.81950500 -002.47407000
111  41.81958000 -002.47402500
111  41.81960500 -002.47410400
111  41.81989100 -002.47394300
113  41.81986800 -002.47386300
110 3 0.25 90.3200 Apron
111  41.81951500 -002.47381700
111  41.81948700 -002.47372400
111  41.81977300 -002.47356400
113  41.81980200 -002.47365700
120 Centreline for Path
112  41.82127100 -002.48734100  41.82127167 -002.48747167 51
116  41.82137150 -002.48753900  41.82143783 -002.48754033
120 Centreline for Path
112  41.81864600 -002.47264300  41.81855467 -002.47269167 51
116  41.81847450 -002.47261550  41.81845150 -002.47254850
120 Centreline for Path
111  41.82213000 -002.47060200 51
112  41.82233251 -002.47048252  41.82246417 -002.47040484 51
112  41.82259100 -002.47033150  41.82263167 -002.47030850 51
116  41.82261750 -002.47020000  41.82259450 -002.47013533
120 Centreline for Taxi
111  41.82120700 -002.47213100 51
112  41.82120614 -002.47191348  41.82120538 -002.47172049 51
112  41.82120300 -002.47138350  41.82120167 -002.47122317 51
116  41.82104452 -002.47123484  41.82094021 -002.47129607
120 Centreline for Path
111  41.82031900 -002.47363300 51
112  41.82047356 -002.47355091  41.82057385 -002.47349764 51
112  41.82071400 -002.47347100  41.82077400 -002.47347100 51
116  41.82088650 -002.47347100  41.82094150 -002.47347100
120 Centreline for Path
111  41.82006400 -002.47302300 51
112  41.82029526 -002.47289568  41.82037842 -002.47284989 51
112  41.82046450 -002.47296750  41.82049417 -002.47306117 51
112  41.82056650 -002.47328950  41.82060483 -002.47341050 51
116  41.82071400 -002.47347100  41.82077400 -002.47347100
120 Centreline for Path
111  41.82015000 -002.47330200 51
112  41.82038393 -002.47317559  41.82046731 -002.47313053 51
116  41.82046450 -002.47296750  41.82043483 -002.47287383
120 Centreline for Taxi
112  41.82126779 -002.48655752  41.82126860 -002.48675051 51
112  41.82139119 -002.48698933  41.82147264 -002.48708421 51
112  41.82141981 -002.48702267  41.82150127 -002.48711756 51
112  41.82154150 -002.48729550  41.82154117 -002.48738250 51
112  41.82150600 -002.48748350  41.82148267 -002.48752183 51
116  41.82137150 -002.48753900  41.82130517 -002.48753767
120 Centreline for Taxi
112  41.81847450 -002.47261550  41.81845150 -002.47254850 51
112  41.81846300 -002.47244450  41.81847833 -002.47239750 51
112  41.81857600 -002.47232350  41.81863600 -002.47228983 51
112  41.81881559 -002.47235573  41.81891532 -002.47241089 51
112  41.81882741 -002.47236227  41.81892714 -002.47241742 51
116  41.81912537 -002.47235840  41.81922429 -002.47230067
120 Centreline for Taxi
112  41.82261750 -002.47020000  41.82259450 -002.47013533 51
112  41.82253200 -002.47007200  41.82249800 -002.47005133 51
112  41.82239000 -002.47009350  41.82232933 -002.47012850 51
112  41.82223022 -002.47034252  41.82218436 -002.47047354 51
112  41.82221378 -002.47038948  41.82216793 -002.47052049 51
116  41.82201050 -002.47066750  41.82192083 -002.47072183
120 Centreline for Taxi
112  41.82088650 -002.47347100  41.82094150 -002.47347100 51
112  41.82109100 -002.47347050  41.82117233 -002.47347017 51
116  41.82121400 -002.47371300  41.82121467 -002.47387500
120 Centreline for Taxi
112  41.82031021 -002.47247986  41.82026807 -002.47234662 51
112  41.82021700 -002.47218100  41.82019700 -002.47211500 51
112  41.82014200 -002.47193650  41.82011200 -002.47183950 51
116  41.82025348 -002.47169916  41.82035779 -002.47163793
120 Centreline for Path
112  41.82027031 -002.47290941  41.82037010 -002.47285447 51
112  41.82035679 -002.47262714  41.82031465 -002.47249390 51
116  41.82031021 -002.47247986  41.82026807 -002.47234662
120 Centreline for Taxi
112  41.82134937 -002.47105639  41.82125046 -002.47111413 51
116  41.82120300 -002.47138350  41.82120433 -002.47154383
120 Centreline for Taxi
112  41.81995250 -002.47187550  41.82004883 -002.47181917 51
116  41.82014200 -002.47193650  41.82017200 -002.47203350
120 Centreline for Path
112  41.82047356 -002.47355091  41.82057385 -002.47349764 51
116  41.82056650 -002.47328950  41.82052817 -002.47316850
120 Centreline for Path
112  41.82046450 -002.47296750  41.82043483 -002.47287383 51
116  41.82035679 -002.47262714  41.82031465 -002.47249390
120 Centreline for Path
112  41.82056650 -002.47328950  41.82052817 -002.47316850 51
116  41.82038393 -002.47317559  41.82030054 -002.47322065
120 Taxi hold short
111  41.82096900 -002.47336854 54
115  41.82096900 -002.47357346
120 Taxi hold short
111  41.82011615 -002.47212059 54
115  41.82025785 -002.47204341
120 GA Ramp  1
111  41.82033390 -002.47368344 51
115  41.82030410 -002.47358256
120 GA Ramp  2
111  41.82016261 -002.47334393 51
115  41.82013739 -002.47326007
120 GA Ramp  3
111  41.82007681 -002.47306482 51
115  41.82005119 -002.47298118
20  41.82102100 -002.47361000 343.0000 0 3 {@R}_9-27_
20  41.82102400 -002.47333300 13.0000 0 3 {@R}_9-27_
20  41.82061400 -002.47309200 21.0000 0 3 {@R}_{^lu}_9_
20  41.82055100 -002.47287000 21.0000 0 3 {@R}_2-20-27_{^r}_
20  41.82025000 -002.47196400 97.0000 0 3 {@R}_20-2_
20  41.82007800 -002.47205500 127.0000 0 3 {@R}_20-2_
20  41.82092000 -002.47145000 6.0000 0 3 {@R}_{^l}_27_
20  41.82084500 -002.47120600 36.0000 0 3 {@R}_{^l}_27_
20  41.82136900 -002.47090000 186.0000 0 3 {@R}_27_{^r}_
20  41.82144300 -002.47114300 216.0000 0 3 {@R}_27_{^r}_
20  41.82133300 -002.47154100 74.0000 0 3 {@R}_20-2_
20  41.82107700 -002.47154100 104.0000 0 3 {@R}_20-2_
14  41.81998600 -002.47361300  22.00 0 Numancia-Garray Tower
1300  41.82031900 -002.47363300 202.09 misc turboprops|props GA Ramp  1
1300  41.82015000 -002.47330200 202.09 misc props|helos GA Ramp  2
1300  41.82006400 -002.47302300 202.09 misc props|helos GA Ramp  3
19  41.82075700 -002.47241400 1 Windsock
52 12350 CLNC DEL
99
