I
1000 Generated by WorldEditor

1      3 0 0 LEC6 Estartit
100 12.00 4 0 0.25 0 0 0 02  42.02979430  003.17867576    0    0 0 0 0 0 20  42.03209370  003.17973024    0    0 0 0 0 0
110 3 0.25 18.8400 Taxiway
112  42.03103500  003.17953800  42.03110300  003.17956900
111  42.03112500  003.17964100
111  42.03111300  003.17969800
111  42.03120900  003.17981000
111  42.03131100  003.17985700
111  42.03151500  003.17994900
111  42.03161700  003.17999600
111  42.03172700  003.17995900
111  42.03173800  003.17991400
112  42.03180100  003.17989300  42.03183500  003.17991000
112  42.03195200  003.17992600  42.03201900  003.17993100
112  42.03208100  003.17979800  42.03210000  003.17970700
112  42.03200800  003.17961500  42.03194000  003.17958400
111  42.03200800  003.17961500
111  42.03187600  003.17970700
112  42.03187600  003.17970700  42.03194400  003.17973800
112  42.03197500  003.17976800  42.03197300  003.17977700
112  42.03192300  003.17977800  42.03189000  003.17977500
112  42.03180400  003.17974100  42.03175700  003.17971900
111  42.03173400  003.17970800
111  42.03122100  003.17947000
112  42.02998900  003.17889800  42.02992100  003.17886700
112  42.02989400  003.17882400  42.02989900  003.17880600
112  42.03000400  003.17884300  42.03007200  003.17887400
111  42.03000400  003.17884300
111  42.02993800  003.17865900
112  42.02993800  003.17865900  42.02987000  003.17862800
112  42.02980000  003.17874900  42.02977600  003.17884000
112  42.02978500  003.17880400  42.02976100  003.17889500
114  42.02985100  003.17898800  42.02991900  003.17901900
112  42.03123600  003.17965000  42.03123800  003.17963900
112  42.03134100  003.17968000  42.03140900  003.17971100
112  42.03154500  003.17977500  42.03161300  003.17980600
112  42.03164300  003.17983800  42.03164000  003.17984900
112  42.03153700  003.17980600  42.03146900  003.17977500
114  42.03133400  003.17971400  42.03126600  003.17968300
14  42.03227700  003.17855200  29.00 0 Estartit Tower
1300  42.03113700  003.17994300 287.30 misc props|helos GA Ramp  2
1300  42.03166700  003.18012700 234.07 misc props|helos GA Ramp  3
19  42.03145260  003.17974926 0 New Windsock 1
99
