I
1000 Generated by WorldEditor

1   1243 0 0 LE73 Puerto Lumbreras
100 16.00 4 0 0.25 0 0 0 12  37.59670873 -001.76519862    0    0 0 0 0 0 30  37.59786727 -001.76788938    0    0 0 0 0 0
110 1 0.25 118.4800 Apron
111  37.59735700 -001.76784100
111  37.59722300 -001.76786800
111  37.59719200 -001.76762400
113  37.59732400 -001.76759300
14  37.59763300 -001.76628200   6.56 0 Puerto Lumbreras Tower
1300  37.59742300 -001.76759300  30.92 misc props|helos GA Ramp  1
1300  37.59758200 -001.76783400  87.91 misc props|helos GA Ramp  2
19  37.59751845 -001.76670036 0 New Windsock 17
99
