I
1000 Generated by WorldEditor

1   1345 0 0 LEE3 La Cervera - Valdesalor
100 50.00 3 0 0.25 0 0 0 10  39.32964466 -006.34806369    0    0 2 0 0 0 28  39.32817934 -006.33719431    0    0 2 0 0 0
110 3 0.25 99.8700 Taxiway
112  39.32809500 -006.33851500  39.32812400 -006.33850800
111  39.32835300 -006.33845200
112  39.32859500 -006.33841100  39.32862500 -006.33840600
112  39.32864900 -006.33846100  39.32865500 -006.33849900
111  39.32864900 -006.33846100
111  39.32861300 -006.33852500
112  39.32861300 -006.33852500  39.32860700 -006.33848700
111  39.32860400 -006.33846800
112  39.32859400 -006.33847000  39.32858700 -006.33847100
112  39.32866100 -006.33904400  39.32871200 -006.33942500
111  39.32866100 -006.33904400
111  39.32821700 -006.33913600
112  39.32821700 -006.33913600  39.32816600 -006.33875500
112  39.32810800 -006.33857200  39.32808700 -006.33857700
112  39.32805100 -006.33861700  39.32803500 -006.33864200
111  39.32805100 -006.33861700
111  39.32802200 -006.33857000
114  39.32802200 -006.33857000  39.32804100 -006.33854100
110 3 0.25 99.8700 Taxiway
112  39.32951900 -006.34644500  39.32954800 -006.34643600
112  39.32957500 -006.34637600  39.32958300 -006.34633900
111  39.32957500 -006.34637600
111  39.32961100 -006.34642400
112  39.32961100 -006.34642400  39.32960300 -006.34646100
112  39.32955500 -006.34649400  39.32952600 -006.34650300
111  39.32940500 -006.34654000
113  39.32939500 -006.34648300
110 3 0.25 99.8700 Taxiway
111  39.32932500 -006.34387200
111  39.32932400 -006.34398200
111  39.32879200 -006.34342500
111  39.32922700 -006.34325600
112  39.32922700 -006.34325600  39.32924100 -006.34336300
112  39.32932700 -006.34351100  39.32937900 -006.34357400
113  39.32955000 -006.34365100
110 3 0.25 99.8700 Taxiway
111  39.32879400 -006.34290600
111  39.32920500 -006.34309500
111  39.32877300 -006.34328400
112  39.32877300 -006.34328400  39.32876100 -006.34319100
112  39.32870600 -006.34311700  39.32867300 -006.34309900
111  39.32865800 -006.34309100
111  39.32870900 -006.34290500
111  39.32862300 -006.34285800
111  39.32868600 -006.34264000
111  39.32869500 -006.34264400
111  39.32886300 -006.34272100
111  39.32912700 -006.34251300
112  39.32917500 -006.34267400  39.32919200 -006.34266700
112  39.32923900 -006.34263600  39.32926500 -006.34261700
111  39.32923900 -006.34263600
111  39.32925700 -006.34269000
112  39.32925700 -006.34269000  39.32923100 -006.34270900
112  39.32918800 -006.34272900  39.32916800 -006.34273600
111  39.32916600 -006.34280200
111  39.32905800 -006.34281100
113  39.32917400 -006.34286400
110 3 0.25 99.8700 Taxiway
112  39.32859500 -006.34221800  39.32856900 -006.34219900
111  39.32830900 -006.34201000
111  39.32827700 -006.34192000
112  39.32827700 -006.34192000  39.32830300 -006.34193900
112  39.32833600 -006.34192400  39.32834900 -006.34190700
111  39.32833600 -006.34192400
111  39.32838000 -006.34194800
112  39.32838000 -006.34194800  39.32836500 -006.34196900
112  39.32839600 -006.34200700  39.32842200 -006.34202600
112  39.32858500 -006.34214500  39.32861100 -006.34216400
112  39.32854700 -006.34160100  39.32849600 -006.34122000
111  39.32854700 -006.34160100
111  39.32910400 -006.34234300
111  39.32867400 -006.34254300
114  39.32867400 -006.34254300  39.32864700 -006.34234600
110 4 0.25 99.8700 Taxiway
111  39.32973700 -006.34217600
111  39.32974900 -006.34213800
111  39.32976600 -006.34208400
111  39.32977500 -006.34202000
111  39.32977900 -006.34196200
112  39.32978400 -006.34186600  39.32978700 -006.34182700
112  39.32983300 -006.34181300  39.32986300 -006.34181600
112  39.32984600 -006.34181400  39.32987600 -006.34181700
112  39.32990100 -006.34187600  39.32990800 -006.34191400
111  39.32998800 -006.34239200
111  39.33007800 -006.34285700
111  39.33009300 -006.34294200
111  39.33011500 -006.34310800
112  39.33014800 -006.34354100  39.33015400 -006.34361800
111  39.33015600 -006.34371500
111  39.33015500 -006.34377600
111  39.33026200 -006.34379500
111  39.33015300 -006.34387500
111  39.33014200 -006.34428300
112  39.33012800 -006.34439700  39.33011900 -006.34443400
112  39.33001000 -006.34489100  39.33000100 -006.34492800
112  39.32997800 -006.34500000  39.32996500 -006.34503500
112  39.32982100 -006.34544800  39.32980800 -006.34548300
112  39.32979100 -006.34555700  39.32978400 -006.34559400
111  39.32977600 -006.34563300
111  39.32967900 -006.34610800
112  39.32961100 -006.34642400  39.32960300 -006.34646100
112  39.32955500 -006.34649400  39.32952600 -006.34650300
111  39.32955500 -006.34649400
111  39.32951900 -006.34644500
112  39.32951900 -006.34644500  39.32954800 -006.34643600
112  39.32957500 -006.34637600  39.32958300 -006.34633900
111  39.32963500 -006.34609200
112  39.32972000 -006.34567900  39.32972700 -006.34564200
112  39.32973000 -006.34556500  39.32972900 -006.34552600
112  39.32971700 -006.34505700  39.32971600 -006.34501800
112  39.32971000 -006.34494200  39.32970600 -006.34490400
112  39.32962300 -006.34418000  39.32961900 -006.34414200
112  39.32962200 -006.34407900  39.32962500 -006.34405000
112  39.32945100 -006.34397900  39.32933300 -006.34394200
111  39.32927300 -006.34392300
111  39.32932700 -006.34351100
112  39.32932700 -006.34351100  39.32937900 -006.34357400
112  39.32955000 -006.34365100  39.32964700 -006.34368200
111  39.32996200 -006.34374300
111  39.33007400 -006.34376200
111  39.33003800 -006.34328100
112  39.32997700 -006.34318200  39.32994200 -006.34319300
112  39.32993000 -006.34319700  39.32989500 -006.34320800
112  39.32982600 -006.34319500  39.32979100 -006.34318200
112  39.32971000 -006.34315100  39.32967500 -006.34313800
112  39.32961000 -006.34310000  39.32957800 -006.34307900
112  39.32950900 -006.34303000  39.32947700 -006.34300900
112  39.32943800 -006.34294800  39.32942300 -006.34291500
112  39.32939300 -006.34284500  39.32937800 -006.34281200
111  39.32936100 -006.34273800
111  39.32934400 -006.34262700
111  39.32925700 -006.34269000
112  39.32918800 -006.34272900  39.32916800 -006.34273600
111  39.32918800 -006.34272900
111  39.32917500 -006.34267400
112  39.32917500 -006.34267400  39.32919200 -006.34266700
111  39.32923900 -006.34263600
111  39.32933500 -006.34256700
111  39.32927500 -006.34217900
112  39.32925000 -006.34206800  39.32923900 -006.34203200
112  39.32910900 -006.34159500  39.32909800 -006.34155900
112  39.32908400 -006.34148400  39.32907800 -006.34144600
112  39.32861300 -006.33852500  39.32860700 -006.33848700
111  39.32860400 -006.33846800
111  39.32859500 -006.33841100
112  39.32859500 -006.33841100  39.32862500 -006.33840600
112  39.32864900 -006.33846100  39.32865500 -006.33849900
112  39.32912800 -006.34146800  39.32913400 -006.34150600
112  39.32915300 -006.34157900  39.32916400 -006.34161500
112  39.32929400 -006.34205200  39.32930500 -006.34208800
111  39.32931900 -006.34216300
111  39.32937600 -006.34253700
111  39.32945000 -006.34248300
112  39.32953100 -006.34243300  39.32955900 -006.34241800
112  39.32964000 -006.34237400  39.32966800 -006.34235900
111  39.32969300 -006.34231800
111  39.32970300 -006.34228400
113  39.32972000 -006.34223000
112  39.33010400 -006.34400900  39.33010500 -006.34397000
112  39.33001700 -006.34397200  39.32995800 -006.34398600
112  39.32979000 -006.34402800  39.32973100 -006.34404200
112  39.32968700 -006.34404700  39.32967700 -006.34404500
112  39.32966700 -006.34408300  39.32966400 -006.34411000
112  39.32966900 -006.34418100  39.32967300 -006.34422000
112  39.32975400 -006.34493500  39.32975800 -006.34497400
112  39.32976100 -006.34505100  39.32976200 -006.34509000
111  39.32977100 -006.34542300
111  39.32977400 -006.34544200
111  39.32993600 -006.34498000
112  39.32996800 -006.34487100  39.32997700 -006.34483400
112  39.33008400 -006.34438700  39.33009300 -006.34435000
114  39.33009800 -006.34427300  39.33009900 -006.34423400
112  39.32996300 -006.34284000  39.32997600 -006.34283900
112  39.32996400 -006.34272400  39.32995100 -006.34264800
112  39.32993500 -006.34255600  39.32992200 -006.34248000
111  39.32991600 -006.34244200
112  39.32991100 -006.34244300  39.32990800 -006.34244400
112  39.32986100 -006.34244700  39.32983100 -006.34244800
112  39.32979700 -006.34245100  39.32976700 -006.34245200
112  39.32970800 -006.34246300  39.32967900 -006.34247000
112  39.32955100 -006.34249900  39.32952200 -006.34250600
111  39.32946800 -006.34253700
111  39.32938500 -006.34259700
111  39.32940300 -006.34271800
112  39.32943500 -006.34282500  39.32945000 -006.34285800
112  39.32946200 -006.34288500  39.32947700 -006.34291800
112  39.32952900 -006.34292600  39.32955800 -006.34292000
114  39.32990000 -006.34285000  39.32992900 -006.34284400
111  39.32975400 -006.34227700
112  39.32973300 -006.34234200  39.32972200 -006.34237800
111  39.32971600 -006.34239600
112  39.32970700 -006.34240100  39.32970000 -006.34240500
112  39.32972300 -006.34240100  39.32974000 -006.34239700
112  39.32979300 -006.34239300  39.32982300 -006.34239200
112  39.32985500 -006.34238900  39.32988500 -006.34238800
112  39.32991500 -006.34238300  39.32992400 -006.34238000
112  39.32992000 -006.34232200  39.32991400 -006.34228400
112  39.32986200 -006.34193000  39.32985600 -006.34189200
112  39.32984200 -006.34187100  39.32983400 -006.34187000
112  39.32982600 -006.34192800  39.32982300 -006.34196700
112  39.32982000 -006.34202300  39.32981700 -006.34206200
114  39.32979900 -006.34213500  39.32978800 -006.34217100
112  39.32963000 -006.34303500  39.32966200 -006.34305700
112  39.32973000 -006.34308700  39.32976500 -006.34310000
112  39.32982600 -006.34312300  39.32986100 -006.34313600
112  39.32993000 -006.34312500  39.32996500 -006.34311400
112  39.32997000 -006.34311300  39.33000500 -006.34310200
112  39.33001300 -006.34303000  39.33000700 -006.34298600
111  39.33000500 -006.34296400
112  39.33000000 -006.34293600  39.32999700 -006.34291700
112  39.32994100 -006.34291000  39.32990500 -006.34291200
112  39.32992200 -006.34291200  39.32988600 -006.34291400
112  39.32982400 -006.34292400  39.32979500 -006.34293000
112  39.32959500 -006.34297100  39.32956600 -006.34297700
114  39.32959900 -006.34301300  39.32963100 -006.34303500
110 4 0.25 99.8700 Taxiway
112  39.32797400 -006.34246000  39.32795900 -006.34239700
111  39.32795300 -006.34236700
112  39.32784400 -006.34179600  39.32781500 -006.34164500
112  39.32784000 -006.34159900  39.32786600 -006.34161800
112  39.32827700 -006.34192000  39.32830300 -006.34193900
112  39.32833600 -006.34192400  39.32834900 -006.34190700
112  39.32834900 -006.34184100  39.32834400 -006.34180300
112  39.32798600 -006.33869300  39.32798100 -006.33865500
112  39.32800800 -006.33859200  39.32802700 -006.33856300
112  39.32802200 -006.33857000  39.32804100 -006.33854100
112  39.32809500 -006.33851500  39.32812400 -006.33850800
111  39.32809500 -006.33851500
111  39.32810800 -006.33857200
112  39.32810800 -006.33857200  39.32808600 -006.33857700
112  39.32805100 -006.33861700  39.32803500 -006.33864200
112  39.32803400 -006.33871100  39.32803900 -006.33874900
112  39.32839700 -006.34186100  39.32840200 -006.34189900
112  39.32838000 -006.34194800  39.32836400 -006.34196800
112  39.32839600 -006.34200700  39.32842200 -006.34202600
111  39.32839600 -006.34200700
111  39.32830900 -006.34201000
112  39.32807000 -006.34183500  39.32804400 -006.34181600
112  39.32807100 -006.34201600  39.32809800 -006.34215600
112  39.32821800 -006.34223200  39.32828900 -006.34223700
112  39.32841800 -006.34239100  39.32848000 -006.34249200
112  39.32860300 -006.34259300  39.32866400 -006.34262600
111  39.32869500 -006.34264400
111  39.32863500 -006.34282400
111  39.32873000 -006.34287700
111  39.32865800 -006.34309100
112  39.32823100 -006.34285100  39.32812100 -006.34278900
114  39.32803100 -006.34265600  39.32800800 -006.34258800
112  39.32816400 -006.34246700  39.32816500 -006.34247200
111  39.32818400 -006.34252800
111  39.32835800 -006.34266700
111  39.32831700 -006.34260000
112  39.32819900 -006.34246400  39.32817500 -006.34246200
113  39.32816300 -006.34246100
110 1 0.25 99.8700 Apron
111  39.32795200 -006.34273800
111  39.32786800 -006.34276300
111  39.32770200 -006.34153700
113  39.32778900 -006.34151600
110 1 0.25 99.8700 Apron
111  39.32994800 -006.34187400
111  39.32993000 -006.34176000
111  39.33016100 -006.34168600
113  39.33018200 -006.34180300
110 1 0.25 99.8700 Apron
111  39.32999500 -006.34209800
111  39.32997500 -006.34201700
111  39.33006500 -006.34198400
113  39.33008000 -006.34206900
110 1 0.25 99.8700 Apron
111  39.33011000 -006.34272300
111  39.33009500 -006.34265600
111  39.33024800 -006.34260400
113  39.33025800 -006.34267400
110 1 0.25 99.8700 Apron
111  39.33029400 -006.34398100
111  39.33028400 -006.34387900
111  39.33038200 -006.34385700
113  39.33040300 -006.34396300
110 1 0.25 99.8700 Apron
111  39.32969400 -006.34047700
111  39.32967800 -006.34041400
111  39.32979300 -006.34037600
113  39.32980300 -006.34044000
110 4 0.25 99.8700 Apron
111  39.33023600 -006.34422400
111  39.33018900 -006.34427800
111  39.33018900 -006.34429800
111  39.33018900 -006.34442600
111  39.33014200 -006.34453300
111  39.33013100 -006.34464800
111  39.33013100 -006.34477600
111  39.33008400 -006.34486300
111  39.33003200 -006.34488300
111  39.33000600 -006.34478900
111  39.32999100 -006.34472800
111  39.33000600 -006.34456700
111  39.32998500 -006.34436500
111  39.32998500 -006.34424400
111  39.32996200 -006.34406900
111  39.32991200 -006.34372000
111  39.32990200 -006.34370600
111  39.32980800 -006.34365900
111  39.32966800 -006.34363200
111  39.32963100 -006.34367900
111  39.32948000 -006.34365200
111  39.32922400 -006.34344400
111  39.32912600 -006.34283200
111  39.32917700 -006.34263000
111  39.32933400 -006.34258300
111  39.32939600 -006.34276400
111  39.32945900 -006.34296700
111  39.32953200 -006.34302700
111  39.32963100 -006.34304700
111  39.32964100 -006.34309400
111  39.32964700 -006.34316800
111  39.32965200 -006.34326200
111  39.32966200 -006.34341700
111  39.32969300 -006.34347100
111  39.32979300 -006.34345700
111  39.32986000 -006.34343700
111  39.32986500 -006.34341000
111  39.32986500 -006.34334300
111  39.32986000 -006.34326200
111  39.32983400 -006.34321500
111  39.32979800 -006.34320200
111  39.32973500 -006.34316100
111  39.32975100 -006.34310800
111  39.32981300 -006.34312800
111  39.32983900 -006.34312800
111  39.32986500 -006.34308100
111  39.32985500 -006.34305400
111  39.32982900 -006.34296700
111  39.32978700 -006.34295300
111  39.32977200 -006.34291900
111  39.32993600 -006.34287600
111  39.32997500 -006.34278500
111  39.32994400 -006.34265000
111  39.32992800 -006.34254300
111  39.32989200 -006.34254300
111  39.32980300 -006.34250200
111  39.32976700 -006.34250200
111  39.32968300 -006.34246200
111  39.32953700 -006.34248900
111  39.32956800 -006.34238800
111  39.32962600 -006.34224000
111  39.32972000 -006.34181000
111  39.32968800 -006.34162800
111  39.32967300 -006.34151400
111  39.32963600 -006.34138600
111  39.32964100 -006.34106300
111  39.32964700 -006.34083400
111  39.32960000 -006.34069300
111  39.32960500 -006.34053800
111  39.32962900 -006.34035400
111  39.32966900 -006.34030300
111  39.33013600 -006.34285900
111  39.33023400 -006.34333800
111  39.33027100 -006.34355400
111  39.33023800 -006.34355400
113  39.33031700 -006.34416700
110 4 0.25 99.8700 Apron
111  39.32965500 -006.34471500
111  39.32956100 -006.34471500
111  39.32950500 -006.34469600
111  39.32940700 -006.34470100
111  39.32933900 -006.34423100
111  39.32929400 -006.34397400
111  39.32929400 -006.34388200
111  39.32935800 -006.34391100
111  39.32942600 -006.34395900
111  39.32962100 -006.34397900
111  39.32968500 -006.34403700
111  39.32967400 -006.34414900
111  39.32966300 -006.34430800
111  39.32968500 -006.34454100
113  39.32968100 -006.34467200
110 4 0.25 99.8700 Apron
111  39.32825400 -006.34283800
111  39.32825000 -006.34285200
111  39.32816100 -006.34286600
111  39.32814700 -006.34288800
111  39.32808600 -006.34287900
111  39.32802900 -006.34285200
111  39.32797200 -006.34280600
111  39.32794400 -006.34276400
111  39.32794400 -006.34272300
111  39.32779100 -006.34151900
111  39.32771200 -006.34152800
111  39.32773000 -006.34148200
111  39.32778300 -006.34145400
111  39.32783700 -006.34146300
111  39.32786900 -006.34144000
111  39.32787300 -006.34153700
111  39.32789700 -006.34159700
111  39.32791200 -006.34163800
111  39.32792600 -006.34165200
111  39.32795400 -006.34231900
113  39.32808600 -006.34271800
110 4 0.25 99.8700 Apron
111  39.32880200 -006.34341600
111  39.32876900 -006.34336400
111  39.32870100 -006.34330100
111  39.32860900 -006.34328700
111  39.32853700 -006.34327200
111  39.32850000 -006.34325800
111  39.32844100 -006.34320500
111  39.32836200 -006.34319000
111  39.32828800 -006.34317100
111  39.32826200 -006.34303600
111  39.32828800 -006.34302200
111  39.32835100 -006.34295400
111  39.32841800 -006.34295400
111  39.32864900 -006.34306400
111  39.32869400 -006.34313200
111  39.32875700 -006.34319000
113  39.32878000 -006.34324300
110 3 0.25 99.8700 Apron
111  39.32912800 -006.34270400
111  39.32857000 -006.33843500
111  39.32863800 -006.33842000
111  39.32909300 -006.34154400
111  39.32929800 -006.34209400
111  39.32933100 -006.34249000
111  39.32936000 -006.34257800
111  39.32930900 -006.34262200
113  39.32922700 -006.34266200
110 3 0.25 99.8700 Apron
111  39.32862700 -006.34220400
111  39.32836600 -006.34199100
111  39.32837200 -006.34192500
111  39.32802900 -006.33870000
111  39.32805500 -006.33857700
111  39.32815000 -006.33857700
113  39.32863300 -006.34213000
110 3 0.25 99.8700 Apron
111  39.32801500 -006.34179100
111  39.32862100 -006.34223700
111  39.32870300 -006.34265500
111  39.32868400 -006.34267200
111  39.32848100 -006.34254900
111  39.32830900 -006.34227800
111  39.32809900 -006.34222900
113  39.32803600 -006.34200700
110 3 0.25 99.8700 Apron
111  39.32883300 -006.34393500
111  39.32944000 -006.34832200
111  39.32982900 -006.34820800
111  39.32936400 -006.34467000
111  39.32968400 -006.34465600
111  39.32971600 -006.34503800
111  39.32984000 -006.34527000
111  39.32994900 -006.34534100
111  39.33007500 -006.34539000
111  39.33030000 -006.34570100
111  39.33027200 -006.34592000
111  39.33023400 -006.34630900
111  39.33017900 -006.34681700
111  39.33011400 -006.34730500
111  39.33007000 -006.34771400
111  39.32991600 -006.34806000
111  39.32981200 -006.34830700
111  39.32968600 -006.34859000
111  39.32949000 -006.34861100
111  39.32930400 -006.34864700
111  39.32914500 -006.34863900
111  39.32901400 -006.34848400
111  39.32903500 -006.34807400
111  39.32909600 -006.34781300
111  39.32915000 -006.34766400
111  39.32921600 -006.34738200
111  39.32919400 -006.34716300
111  39.32915600 -006.34698000
111  39.32911200 -006.34667600
111  39.32905200 -006.34658400
111  39.32901400 -006.34632200
111  39.32896400 -006.34603300
111  39.32893700 -006.34583500
111  39.32888700 -006.34553200
111  39.32889900 -006.34527700
111  39.32887100 -006.34496700
111  39.32876200 -006.34485300
111  39.32868000 -006.34483200
111  39.32855400 -006.34471900
111  39.32853700 -006.34464200
111  39.32857600 -006.34456400
111  39.32872400 -006.34434500
111  39.32878400 -006.34420400
111  39.32882200 -006.34392800
111  39.32877800 -006.34385000
111  39.32864700 -006.34379400
111  39.32855400 -006.34374400
111  39.32848200 -006.34362500
111  39.32838400 -006.34353300
111  39.32830700 -006.34344100
111  39.32826400 -006.34326400
111  39.32829600 -006.34317900
111  39.32835000 -006.34317600
111  39.32840800 -006.34317200
111  39.32852800 -006.34322000
113  39.32876400 -006.34332300
110 3 0.25 99.8700 Apron
111  39.32799900 -006.33702900
111  39.32813200 -006.33700600
111  39.32825100 -006.33703400
111  39.32835300 -006.33705700
111  39.32845000 -006.33712000
111  39.32848600 -006.33725700
111  39.32855200 -006.33740000
111  39.32856100 -006.33753700
111  39.32857400 -006.33771400
111  39.32857900 -006.33786200
111  39.32859600 -006.33807900
111  39.32860500 -006.33823900
111  39.32863200 -006.33841000
111  39.32856600 -006.33842800
111  39.32841900 -006.33741700
111  39.32799900 -006.33749700
111  39.32812700 -006.33852500
111  39.32805700 -006.33858200
111  39.32801700 -006.33864500
111  39.32836200 -006.34191600
111  39.32831300 -006.34196800
111  39.32802000 -006.34173000
111  39.32811900 -006.34175100
111  39.32820200 -006.34176200
111  39.32825600 -006.34172200
111  39.32829100 -006.34155700
111  39.32826900 -006.34142000
111  39.32824700 -006.34115700
111  39.32816800 -006.34087800
111  39.32815800 -006.34064300
111  39.32816300 -006.34042100
111  39.32815400 -006.34022100
111  39.32813600 -006.34004900
111  39.32810500 -006.33987800
111  39.32809200 -006.33962700
111  39.32800400 -006.33926700
111  39.32793300 -006.33873000
111  39.32799000 -006.33850700
111  39.32798200 -006.33827400
111  39.32792000 -006.33798200
111  39.32789300 -006.33774300
111  39.32788800 -006.33755400
111  39.32791500 -006.33717700
113  39.32794200 -006.33708600
110 3 0.25 99.8700 Apron
111  39.32957700 -006.34057600
111  39.32963000 -006.34036200
111  39.32960900 -006.34065400
111  39.32961600 -006.34071400
111  39.32964500 -006.34082100
111  39.32964800 -006.34094900
111  39.32964300 -006.34114400
111  39.32964000 -006.34135300
111  39.32966400 -006.34146300
111  39.32967900 -006.34153800
111  39.32969800 -006.34164500
111  39.32972000 -006.34181100
111  39.32967600 -006.34201400
111  39.32964000 -006.34222400
111  39.32961800 -006.34230900
111  39.32957900 -006.34241200
111  39.32940000 -006.34253000
111  39.32937300 -006.34253700
111  39.32931000 -006.34212100
111  39.32913500 -006.34152600
111  39.32905300 -006.34106200
111  39.32911600 -006.34115300
111  39.32916200 -006.34121200
111  39.32926600 -006.34125000
111  39.32940500 -006.34125300
111  39.32948000 -006.34117800
111  39.32950400 -006.34104900
111  39.32951400 -006.34095200
111  39.32954300 -006.34084300
111  39.32955800 -006.34073600
113  39.32955800 -006.34065400
110 3 0.25 99.8700 Apron
111  39.32943800 -006.34286000
111  39.32937900 -006.34258800
111  39.32949300 -006.34251500
111  39.32967700 -006.34245400
111  39.32975800 -006.34248200
111  39.32982300 -006.34249800
111  39.32989900 -006.34253300
111  39.32992600 -006.34254500
111  39.32994500 -006.34260000
111  39.32995700 -006.34268700
111  39.32997200 -006.34280100
111  39.32995700 -006.34283700
113  39.32949900 -006.34295100
110 3 0.25 99.8700 Apron
111  39.32965500 -006.34344000
111  39.32963600 -006.34327500
111  39.32962100 -006.34309700
111  39.32973700 -006.34315200
111  39.32983800 -006.34321200
111  39.32985900 -006.34326700
111  39.32985300 -006.34344400
111  39.32984400 -006.34345600
113  39.32968800 -006.34350700
110 3 0.25 99.8700 Apron
111  39.32963300 -006.34368900
111  39.32963300 -006.34364900
111  39.32965800 -006.34363000
111  39.32969400 -006.34363500
111  39.32981600 -006.34365200
111  39.32987500 -006.34367700
111  39.32992300 -006.34369300
111  39.32992300 -006.34371600
111  39.32993300 -006.34373600
113  39.32988700 -006.34375200
110 3 0.25 99.8700 Apron
111  39.32954800 -006.34298500
111  39.32977500 -006.34291600
111  39.32978900 -006.34294200
111  39.32981200 -006.34295300
111  39.32983400 -006.34296000
111  39.32985700 -006.34302600
111  39.32987700 -006.34309800
111  39.32983700 -006.34313100
113  39.32973000 -006.34309800
110 3 0.25 99.8700 Apron
111  39.32983400 -006.34527500
111  39.32976200 -006.34516100
111  39.32973500 -006.34502100
111  39.32967500 -006.34440200
111  39.32966300 -006.34404400
111  39.32967500 -006.34402900
111  39.32996700 -006.34406300
111  39.32998500 -006.34410100
111  39.33000500 -006.34420300
111  39.33000300 -006.34427800
111  39.32999800 -006.34438900
111  39.33000300 -006.34449200
111  39.33001000 -006.34457000
111  39.33000500 -006.34466600
111  39.33000700 -006.34471300
113  39.32996400 -006.34493700
110 3 0.25 99.8700 Apron
111  39.32866100 -006.34307500
111  39.32872200 -006.34308900
111  39.32874500 -006.34314100
111  39.32874500 -006.34318000
111  39.32871200 -006.34319100
111  39.32868000 -006.34316500
113  39.32864800 -006.34311600
110 3 0.25 99.8700 Apron
111  39.32814600 -006.34246000
111  39.32814900 -006.34241800
111  39.32825200 -006.34248300
111  39.32836100 -006.34262700
111  39.32837900 -006.34269600
111  39.32827300 -006.34266600
113  39.32818400 -006.34256600
110 4 0.25 99.8700 Apron
111  39.33001300 -006.34071700
111  39.32998900 -006.34079700
111  39.32993400 -006.34086800
111  39.32989600 -006.34094300
111  39.32979000 -006.34105900
111  39.32977300 -006.34100500
111  39.32989300 -006.34087700
111  39.32996200 -006.34074800
113  39.33000600 -006.34062400
110 4 0.25 99.8700 Apron
111  39.33049900 -006.34315200
111  39.33048600 -006.34330400
111  39.33027600 -006.34327700
111  39.33021200 -006.34329900
111  39.33014000 -006.34297700
111  39.33028400 -006.34302600
111  39.33038500 -006.34303800
111  39.33048200 -006.34301000
113  39.33049500 -006.34305900
110 3 0.25 99.8700 Apron
111  39.32943600 -006.34831600
111  39.32939400 -006.34813300
111  39.32796600 -006.33754400
111  39.32801400 -006.33747200
111  39.32838100 -006.33739000
111  39.32842000 -006.33740300
111  39.32844700 -006.33746800
111  39.32987600 -006.34814800
111  39.32982400 -006.34822900
113  39.32949400 -006.34831600
14  39.32872700 -006.34360900  65.62 0 La Cervera Tower
1300  39.32990600 -006.34337000   0.00 misc props|helos GA Ramp  1
1300  39.32972000 -006.34200500 340.16 misc props|helos GA Ramp  3
1300  39.32965000 -006.34223300 342.38 misc props|helos GA Ramp  4
1300  39.32798400 -006.34232200   0.00 misc props|helos GA Ramp  5
99
