I
1000 Generated by WorldEditor

1    223 0 0 LE67 Almonte
100 20.00 4 0 0.25 0 0 0 18  37.25546566 -006.56287188    0    0 0 0 0 0 36  37.25906434 -006.56296012    0    0 0 0 0 0
100 20.00 4 0 0.25 0 0 0 04  37.25525858 -006.56368044    0    0 0 0 0 0 22  37.25711542 -006.56208756    0    0 0 0 0 0
14  37.25694800 -006.56142500  32.00 0 Almonte Tower
1300  37.25543700 -006.56200400  87.98 misc props|helos GA Ramp  1
1300  37.25565100 -006.56218000 265.47 misc props|helos GA Ramp  2
1300  37.25625500 -006.56223100 326.95 misc props|helos GA Ramp  3
1300  37.25625300 -006.56199700  16.20 misc props|helos GA Ramp  4
99
