I
1000	# Converted by FS2XPlane 3.26


1     1526 0 0 LESC El casar de Escalona
100  20.00  1 1 0.25 0 0 0 09   40.02090598   -4.56109225   0.0   0.0 2  0 0 0 27   40.02084002   -4.55522775   0.0   0.0 2  0 0 0
14    40.02216300   -4.56046100   44 0 El casar de Escalona Tower

1300  40.02039900   -4.55963600   0.00 misc props|helos GA Ramp  1

1300  40.01787400   -4.55759300 266.86 misc props|helos GA Ramp  2

51   12997 UNICOM

110  01 0.25  90.84 Taxiway
112   40.02075600   -4.56085400  40.02080400   -4.56085300 
112   40.02082500   -4.56064100  40.02082300   -4.56050000 
111   40.02082500   -4.56064100
111   40.02098900   -4.56084900
112   40.02098900   -4.56084900  40.02099100   -4.56099000 
112   40.02083000   -4.56106400  40.02072200   -4.56106700 
112   40.02076000   -4.56106500  40.02065200   -4.56106800 
112   40.02059600   -4.56095200  40.02059500   -4.56087400 
111   40.02059600   -4.56095200
111   40.02068200   -4.56073800
114   40.02068200   -4.56073800  40.02068300   -4.56081600 

110  01 0.25  90.84 Taxiway
112   40.02069400   -4.55568800  40.02080200   -4.55569100 
112   40.02076200   -4.55568900  40.02087000   -4.55569200 
112   40.02092700   -4.55590400  40.02092900   -4.55604500 
111   40.02092700   -4.55590400
111   40.02076700   -4.55611200
112   40.02076700   -4.55611200  40.02076500   -4.55597100 
112   40.02069400   -4.55590000  40.02064700   -4.55589900 
112   40.02062500   -4.55601500  40.02062600   -4.55609300 
111   40.02062500   -4.55601500
111   40.02053300   -4.55580100
114   40.02053300   -4.55580100  40.02053200   -4.55572300 

110  01 0.25  90.84 Taxiway
112   40.01725900   -4.55671600  40.01737400   -4.55678300 
111   40.01853900   -4.55746500 
111   40.01846200   -4.55769000 
112   40.01737900   -4.55705600  40.01726400   -4.55698900 
112   40.01719600   -4.55700400  40.01718900   -4.55703700 
112   40.01720800   -4.55723000  40.01722300   -4.55734900 
112   40.01740400   -4.55750800  40.01751900   -4.55757500 
111   40.01762900   -4.55764100 
111   40.01780100   -4.55774200 
111   40.01801400   -4.55786800 
111   40.01818600   -4.55796900 
112   40.01992900   -4.55899400  40.02004400   -4.55906100 
112   40.02026300   -4.55915600  40.02037100   -4.55919700 
111   40.02026300   -4.55915600
111   40.02017000   -4.55937800
112   40.02017000   -4.55937800  40.02008000   -4.55934400 
112   40.01986300   -4.55922600  40.01974800   -4.55915900 
111   40.01789200   -4.55806600 
112   40.01723400   -4.55767800  40.01711900   -4.55761100 
112   40.01703000   -4.55733400  40.01700900   -4.55717200 
112   40.01702300   -4.55727900  40.01700200   -4.55711700 
114   40.01703900   -4.55682600  40.01707100   -4.55668600 

110  02 0.25  90.84 Taxiway
111   40.02017000   -4.55937800 
112   40.01986300   -4.55922600  40.01974800   -4.55915900 
111   40.01986300   -4.55922600
111   40.01992900   -4.55899400
112   40.01992900   -4.55899400  40.02004400   -4.55906100 
112   40.02026300   -4.55915600  40.02037100   -4.55919700 
111   40.02042400   -4.55921700 
112   40.02049700   -4.55923800  40.02054600   -4.55925100 
112   40.02057000   -4.55914100  40.02056900   -4.55906300 
112   40.02053300   -4.55580100  40.02053200   -4.55572300 
112   40.02069400   -4.55568800  40.02080200   -4.55569100 
111   40.02069400   -4.55568800
111   40.02069400   -4.55590000
112   40.02069400   -4.55590000  40.02064700   -4.55589900 
112   40.02062500   -4.55601500  40.02062600   -4.55609300 
111   40.02066300   -4.55939600 
112   40.02068200   -4.56073800  40.02068300   -4.56081600 
112   40.02075600   -4.56085400  40.02080400   -4.56085300 
111   40.02075600   -4.56085400
111   40.02076000   -4.56106500
112   40.02076000   -4.56106500  40.02065200   -4.56106800 
112   40.02059600   -4.56095200  40.02059500   -4.56087400 
112   40.02057700   -4.55962800  40.02057600   -4.55955000 
111   40.02053400   -4.55949900 
111   40.02049400   -4.55948800 
113   40.02030600   -4.55942900 

120  Centreline for Taxi
111   40.01841400   -4.55752700 51
112   40.01731924   -4.55688587  40.01720441   -4.55681862 51
112   40.01711750   -4.55691450  40.01709783   -4.55700083 51
112   40.01711750   -4.55726800  40.01713717   -4.55741733 51
112   40.01731906   -4.55759339  40.01743376   -4.55766099 51
112   40.01775894   -4.55785261  40.01787365   -4.55792020 51
112   40.01810311   -4.55805524  40.01821785   -4.55812273 51
112   40.01989589   -4.55910976  40.02001063   -4.55917725 51
112   40.02023450   -4.55927350  40.02034550   -4.55931517 51
112   40.02050950   -4.55936650  40.02058183   -4.55938683 51
116   40.02061972   -4.55951436  40.02062087   -4.55959259

120  Centreline for Path
111   40.02039900   -4.55963600 51
112   40.02039936   -4.55958248  40.02040045   -4.55941816 51
116   40.02050950   -4.55936650  40.02058183   -4.55938683

120  Centreline for Taxi
112   40.02061670   -4.55927963  40.02061757   -4.55935788 51
116   40.02050950   -4.55936650  40.02043717   -4.55934617

120  Centreline for Taxi join
112   40.01810311   -4.55805524  40.01798837   -4.55798775 51
116   40.01789288   -4.55771259  40.01786747   -4.55755165

120  Centreline for Taxi join
112   40.01775894   -4.55785261  40.01787365   -4.55792020 51
116   40.01789288   -4.55771259  40.01786747   -4.55755165

120  Centreline for Taxi join
112   40.02023450   -4.55927350  40.02034550   -4.55931517 51
116   40.02039936   -4.55958248  40.02039826   -4.55974680

120  GA Ramp  1
111   40.02044624   -4.55963654 51
115   40.02035176   -4.55963546

110  02 0.25  90.84 Apron
111   40.02066400   -4.56103500
111   40.02041900   -4.56104500
111   40.02040000   -4.56108700
111   40.02033900   -4.56061600
111   40.02022800   -4.55995600
111   40.02021400   -4.55990800
111   40.02016800   -4.55988400
111   40.01701500   -4.55823200
111   40.01695600   -4.55818100
111   40.01692900   -4.55813000
111   40.01687700   -4.55778800
111   40.01685100   -4.55775400
111   40.01620900   -4.55740300
111   40.01620700   -4.55733000
111   40.01689100   -4.55768700
111   40.01694000   -4.55776900
111   40.01695300   -4.55779100
111   40.01700900   -4.55812200
111   40.01704600   -4.55815700
111   40.01709200   -4.55819100
111   40.02006700   -4.55975700
111   40.02017200   -4.55979300
111   40.02024500   -4.55982700
113   40.02034500   -4.56047000

110  02 0.25  90.84 Apron
111   40.02019600   -4.55976800
111   40.02017700   -4.55931100
111   40.02056000   -4.55943100
113   40.02056200   -4.55976100

110  02 0.25  90.84 Apron
111   40.02014200   -4.55905900
111   40.02013800   -4.55860300
111   40.02055000   -4.55860700
111   40.02055800   -4.55931800
113   40.02016700   -4.55919200

110  01 0.25  90.84 Apron
111   40.01710400   -4.55751300
111   40.01706700   -4.55750900
111   40.01702700   -4.55744200
111   40.01698800   -4.55731000
111   40.01696200   -4.55710300
111   40.01696900   -4.55689900
111   40.01704900   -4.55673700
111   40.01709100   -4.55665200
111   40.01845300   -4.55745700
111   40.01849200   -4.55750100
111   40.01844100   -4.55763800
111   40.01838000   -4.55763200
111   40.01720700   -4.55693900
113   40.01720900   -4.55737000

110  01 0.25  90.84 Apron
111   40.01843500   -4.55762800
111   40.01856800   -4.55722200
111   40.01723600   -4.55642200
111   40.01726500   -4.55635300
111   40.01859900   -4.55714600
111   40.01862500   -4.55723200
111   40.01854100   -4.55750900
111   40.01853900   -4.55760800
111   40.02013900   -4.55852800
113   40.02014800   -4.55861800

110  01 0.25  90.84 Apron
111   40.01966900   -4.55945900
111   40.01952500   -4.55927200
111   40.01966200   -4.55909900
113   40.01986500   -4.55921000

110  01 0.25  90.84 Apron
111   40.01999700   -4.55964300
111   40.01988600   -4.55950500
111   40.02003300   -4.55930500
113   40.02020100   -4.55939000

110  01 0.25  90.84 Apron
111   40.01930700   -4.55926600
111   40.01916800   -4.55908000
111   40.01931300   -4.55888500
113   40.01950400   -4.55900000

110  01 0.25  90.84 Apron
111   40.01618300   -4.56213000
111   40.01615100   -4.56209500
111   40.01616500   -4.56147600
111   40.01620000   -4.56145500
111   40.01644500   -4.56147300
111   40.01647800   -4.56151800
111   40.01646300   -4.56210900
113   40.01645300   -4.56212400

110  01 0.25  90.84 Apron
111   40.02058500   -4.56007600
111   40.02058900   -4.56056300
111   40.02036900   -4.56056300
111   40.02036000   -4.56054400
111   40.02036100   -4.56050100
111   40.02045100   -4.56049400
111   40.02046900   -4.56047800
113   40.02046800   -4.56007900

110  02 0.25  90.84 Apron
111   40.02059900   -4.56093900
111   40.02038900   -4.56056000
113   40.02059200   -4.56056100

110  02 0.25  90.84 Apron
111   40.02033800   -4.56035300
111   40.02033700   -4.56041800
111   40.02024200   -4.55983700
111   40.02019600   -4.55981300
111   40.02019600   -4.55976100
111   40.02058100   -4.55975500
111   40.02058700   -4.56008400
111   40.02047100   -4.56009500
113   40.02047400   -4.56035300

110  01 0.25  90.84 Apron
111   40.01896400   -4.55905800
111   40.01881200   -4.55886800
111   40.01896100   -4.55867800
113   40.01917400   -4.55880300

110  01 0.25  90.84 Apron
111   40.01860000   -4.55884000
111   40.01844500   -4.55863700
111   40.01858400   -4.55845900
113   40.01880800   -4.55858500

110  01 0.25  90.84 Apron
111   40.01824000   -4.55864000
111   40.01809700   -4.55844700
111   40.01824300   -4.55825500
113   40.01845400   -4.55837200

110  01 0.25  90.84 Apron
111   40.01789300   -4.55844300
111   40.01774700   -4.55824900
111   40.01790500   -4.55805500
113   40.01811200   -4.55817100

110  01 0.25  90.84 Apron
111   40.01751500   -4.55820800
111   40.01736200   -4.55801100
111   40.01749700   -4.55782500
113   40.01771500   -4.55795100

110  01 0.25  90.84 Apron
111   40.01717000   -4.55799400
111   40.01702800   -4.55780600
111   40.01716500   -4.55763100
113   40.01736100   -4.55774800

110  01 0.25  90.84 Apron
111   40.01766400   -4.55727700
111   40.01768300   -4.55768800
111   40.01748900   -4.55756800
113   40.01747800   -4.55728300

110  01 0.25  90.84 Apron
111   40.01802800   -4.55750500
111   40.01804600   -4.55788400
111   40.01783600   -4.55777900
113   40.01782800   -4.55750600

110  01 0.25  90.84 Apron
111   40.01842600   -4.55772400
111   40.01844400   -4.55812800
111   40.01823600   -4.55801100
113   40.01822900   -4.55772400

110  01 0.25  90.84 Apron
111   40.01874900   -4.55792200
111   40.01876200   -4.55832300
111   40.01856600   -4.55820800
113   40.01855300   -4.55792200

110  01 0.25  90.84 Apron
111   40.01905100   -4.55812800
111   40.01906700   -4.55849100
111   40.01885700   -4.55836600
113   40.01884600   -4.55813100

110  01 0.25  90.84 Apron
111   40.01940700   -4.55834600
111   40.01940500   -4.55869000
111   40.01919700   -4.55856900
113   40.01919900   -4.55835000

110  01 0.25  90.84 Apron
111   40.01976300   -4.55856900
111   40.01976200   -4.55889800
111   40.01955900   -4.55877600
113   40.01956000   -4.55856900

110  01 0.25  90.84 Apron
111   40.02008800   -4.55874000
111   40.02008500   -4.55909100
111   40.01986700   -4.55896500
113   40.01987000   -4.55874000

110  01 0.25  90.84 Apron
111   40.01848400   -4.55726500
111   40.01842800   -4.55745000
111   40.01823200   -4.55733900
113   40.01829400   -4.55715200

110  01 0.25  90.84 Apron
111   40.01811700   -4.55705200
111   40.01805000   -4.55723300
111   40.01788000   -4.55712600
113   40.01794100   -4.55694900

110  01 0.25  90.84 Apron
111   40.01777500   -4.55684300
111   40.01771000   -4.55703200
111   40.01752800   -4.55692300
113   40.01759300   -4.55674000

110  01 0.25  90.84 Apron
111   40.01740600   -4.55662800
111   40.01733800   -4.55681300
111   40.01716300   -4.55671100
113   40.01722400   -4.55652600

110  01 0.25  90.84 Apron
111   40.02013500   -4.55861700
111   40.02011300   -4.55852000
111   40.02013000   -4.55851300
111   40.02013000   -4.55848500
111   40.02012800   -4.55842900
111   40.02003800   -4.55729800
111   40.02007500   -4.55726000
111   40.02018800   -4.55852600
111   40.02018700   -4.55861700
113   40.02015700   -4.55862100

110  02 0.25  90.84 Apron
111   40.01684600   -4.55711600
111   40.01686200   -4.55727700
111   40.01690700   -4.55748400
111   40.01693200   -4.55762700
111   40.01695300   -4.55778400
111   40.01691200   -4.55779300
111   40.01689100   -4.55764100
111   40.01686600   -4.55750200
111   40.01681800   -4.55728800
111   40.01680400   -4.55712200
111   40.01682500   -4.55694100
111   40.01689600   -4.55672400
111   40.01702100   -4.55646300
111   40.01709900   -4.55633600
111   40.01713900   -4.55632000
111   40.01717900   -4.55632500
111   40.01723000   -4.55634200
111   40.01726500   -4.55635600
111   40.01723800   -4.55641500
111   40.01715200   -4.55638000
111   40.01711700   -4.55639500
111   40.01705000   -4.55650400
111   40.01693000   -4.55676600
113   40.01686400   -4.55695600

110  02 0.25  90.84 Apron
111   40.01679700   -4.55762300
111   40.01681700   -4.55767100
111   40.01668900   -4.55759000
111   40.01674200   -4.55757600
111   40.01677200   -4.55755100
111   40.01680700   -4.55751300
111   40.01683500   -4.55748300
111   40.01686800   -4.55745500
111   40.01690100   -4.55758900
111   40.01688000   -4.55756800
111   40.01684200   -4.55754200
113   40.01680800   -4.55757000

110  02 0.25  90.84 Apron
111   40.01673100   -4.55751200
111   40.01664400   -4.55752200
111   40.01633600   -4.55737800
111   40.01629900   -4.55736100
111   40.01634600   -4.55711100
111   40.01638800   -4.55713100
111   40.01665700   -4.55601100
111   40.01692800   -4.55614300
111   40.01691900   -4.55650000
111   40.01678900   -4.55697000
111   40.01678100   -4.55710000
111   40.01678600   -4.55720000
111   40.01679100   -4.55731000
111   40.01681800   -4.55736800
111   40.01680200   -4.55739500
111   40.01679100   -4.55742300
111   40.01678100   -4.55747500
111   40.01683100   -4.55751600
113   40.01680700   -4.55753900

110  01 0.25  90.84 Apron
111   40.02039600   -4.55851100
111   40.02039600   -4.55825700
111   40.02056100   -4.55825300
113   40.02056900   -4.55851100

110  01 0.25  90.84 Apron
111   40.02035100   -4.55809900
111   40.02034900   -4.55783600
111   40.02055700   -4.55783500
113   40.02056000   -4.55809800

110  01 0.25  90.84 Apron
111   40.02030900   -4.55767300
111   40.02030600   -4.55740800
111   40.02055400   -4.55740800
113   40.02056000   -4.55767300

110  01 0.25  90.84 Apron
111   40.02026200   -4.55723400
111   40.02026000   -4.55697700
111   40.02055200   -4.55697700
113   40.02055300   -4.55723500

110  01 0.25  90.84 Apron
111   40.01991600   -4.55678000
111   40.01989700   -4.55664100
111   40.01991100   -4.55640800
111   40.02001500   -4.55619000
111   40.02055300   -4.55571100
111   40.02053900   -4.55578500
111   40.02005000   -4.55623000
111   40.01995100   -4.55642500
111   40.01994000   -4.55663200
111   40.01995700   -4.55675900
111   40.02000800   -4.55695200
111   40.02005700   -4.55714100
111   40.02007600   -4.55725500
111   40.02007600   -4.55729800
111   40.02004100   -4.55731100
111   40.02001800   -4.55716300
113   40.01997100   -4.55697000

110  01 0.25  90.84 Apron
111   40.02059400   -4.55569900
111   40.02054500   -4.55571200
111   40.02056600   -4.55566200
111   40.02071900   -4.55525000
111   40.02075600   -4.55522600
113   40.02076300   -4.55569100


99
