I
1000 Generated by WorldEditor

1   2247 0 0 LE20 Moia
100 22.00 3 0 0.25 0 0 0 01  41.79720381  002.11140732    0    0 0 0 0 0 19  41.80165419  002.11229268    0    0 0 0 0 0
110 3 0.25 8.4500 Taxiway
111  41.80145827  002.11206320
111  41.80141588  002.11207918
111  41.80140558  002.11242007
111  41.80157200  002.11247200
111  41.80167600  002.11249800
111  41.80168029  002.11245664
111  41.80169549  002.11239899
111  41.80209600  002.11248000
111  41.80210400  002.11242100
112  41.80167159  002.11229899  41.80164259  002.11228999
112  41.80167052  002.11214638  41.80165118  002.11213036
111  41.80162650  002.11211691
111  41.80159630  002.11208373
113  41.80150681  002.11207901
110 4 0.25 8.4500 Taxiway
112  41.80384900  002.11139100  41.80383400  002.11142500
111  41.80297800  002.11330700
111  41.80301300  002.11334600
112  41.80387700  002.11144500  41.80389200  002.11141100
112  41.80393900  002.11138500  41.80396500  002.11137900
111  41.80397900  002.11137700
111  41.80397100  002.11131700
114  41.80391600  002.11133000  41.80388700  002.11133700
110 4 0.25 8.4500 Taxiway
112  41.80235700  002.11454100  41.80233400  002.11456600
111  41.80187300  002.11506900
111  41.80190200  002.11511500
112  41.80239100  002.11458300  41.80241400  002.11455800
112  41.80245100  002.11449500  41.80246800  002.11446200
111  41.80293100  002.11352600
111  41.80301300  002.11334600
111  41.80297800  002.11330700
111  41.80289300  002.11349400
114  41.80241700  002.11445300  41.80240000  002.11448600
110 4 0.25 8.4500 Taxiway
112  41.79975400  002.11384000  41.79977300  002.11387100
112  41.79974000  002.11391000  41.79971200  002.11392500
111  41.79943900  002.11407600
111  41.79945600  002.11413100
112  41.79978000  002.11395300  41.79980800  002.11393800
112  41.79986600  002.11393900  41.79989500  002.11394500
112  41.79988600  002.11394200  41.79991500  002.11394800
112  41.79997100  002.11392700  41.79999800  002.11391100
112  41.80046800  002.11363900  41.80049500  002.11362300
112  41.80055300  002.11362700  41.80058200  002.11363500
112  41.80081800  002.11369800  41.80084700  002.11370600
112  41.80090300  002.11368500  41.80093000  002.11366800
112  41.80094400  002.11366100  41.80097100  002.11364400
112  41.80101400  002.11359000  41.80103300  002.11355900
112  41.80110600  002.11343900  41.80112500  002.11340800
112  41.80117000  002.11335400  41.80119300  002.11332800
112  41.80136000  002.11314200  41.80138300  002.11311600
112  41.80144000  002.11309800  41.80147000  002.11309500
111  41.80231611  002.11312683
111  41.80232148  002.11307672
112  41.80142200  002.11304000  41.80139200  002.11304300
112  41.80134200  002.11308400  41.80131900  002.11311000
112  41.80113800  002.11331200  41.80111500  002.11333800
112  41.80107400  002.11339700  41.80105500  002.11342800
112  41.80098600  002.11354000  41.80096700  002.11357100
112  41.80091600  002.11361100  41.80088900  002.11362800
112  41.80089700  002.11362300  41.80087000  002.11364000
112  41.80081200  002.11363600  41.80078300  002.11362800
112  41.80057200  002.11357100  41.80054300  002.11356300
112  41.80052400  002.11349900  41.80052100  002.11345900
112  41.80052000  002.11341300  41.80051700  002.11337300
112  41.80048100  002.11331600  41.80045800  002.11329100
111  41.80045349  002.11328266
111  41.80038702  002.11328924
112  41.80043700  002.11334600  41.80046000  002.11337100
112  41.80047600  002.11344300  41.80047900  002.11348300
112  41.80047900  002.11350500  41.80048200  002.11354500
112  41.80044200  002.11358900  41.80041500  002.11360500
112  41.79996500  002.11386500  41.79993800  002.11388100
112  41.79988000  002.11388000  41.79985100  002.11387400
112  41.79987500  002.11388000  41.79984600  002.11387400
112  41.79980200  002.11382400  41.79978300  002.11379300
111  41.79973800  002.11371900
113  41.79970300  002.11375700
110 5 0.25 8.4500 Taxiway
111  41.79998800  002.11332800
111  41.79984300  002.11338500
111  41.79986600  002.11348900
111  41.79993800  002.11346000
111  41.80001000  002.11343200
112  41.80008700  002.11340000  41.80013800  002.11337900
112  41.80027800  002.11331900  41.80032900  002.11329800
112  41.80043600  002.11328400  41.80049000  002.11328200
112  41.80084000  002.11326900  41.80089400  002.11326700
112  41.80099000  002.11321900  41.80103600  002.11318800
112  41.80112200  002.11310300  41.80116400  002.11305700
111  41.80167600  002.11249800
111  41.80157200  002.11247200
112  41.80107800  002.11301200  41.80103600  002.11305700
112  41.80095800  002.11311900  41.80092000  002.11314500
112  41.80082000  002.11316100  41.80076600  002.11316300
112  41.80042200  002.11317600  41.80036800  002.11317800
114  41.80026400  002.11321200  41.80021300  002.11323400
110 2 0.25 8.4500 Apron
111  41.79987899  002.11354267
111  41.79992900  002.11373700
111  41.80039200  002.11353600
113  41.80034300  002.11334900
110 2 0.25 8.4500 Apron
111  41.79988200  002.11354100
111  41.80034300  002.11334900
111  41.80032800  002.11329200
113  41.79986600  002.11348100
14  41.80264000  002.11358600  65.62 0 Moia Tower
1300  41.80245900  002.11195600  83.51 misc props|helos GA Ramp  1
1300  41.80288300  002.11250200 218.61 misc props|helos GA Ramp  2
1300  41.80349000  002.11195200 138.59 misc props|helos GA Ramp  3
1300  41.80229300  002.11199400  81.29 misc props|helos GA Ramp  4
1300  41.80214100  002.11203800  94.02 misc props|helos GA Ramp  5
1300  41.80001800  002.11347100 256.74 misc props|helos GA Ramp  6
1300  41.80169400  002.11259700 319.52 misc props|helos GA Ramp  7
19  41.80156786  002.11180285 0 New Windsock 3
99
