I
1000 Generated by WorldEditor

1    196 0 0 LESL San Luis
100 25.00 1 1 0.25 1 2 0 2  39.85455928  004.24914983    0    0 2 0 0 0 20  39.87003919  004.25625092    0    0 2 9 0 0
102 H12  39.86630992  004.25514033  89.26 13.23 13.73 2 0 0 0.00 1
110 1 0.00 202.0730 New Taxiway 9
111  39.86707918  004.25504891
112  39.86707918  004.25504891  39.86715250  004.25517808 20
112  39.86706260  004.25542416  39.86701460  004.25557069 20
112  39.86689129  004.25569210  39.86681908  004.25570540 20
112  39.86667674  004.25561193  39.86660855  004.25556642 20
112  39.86658859  004.25551442  39.86658027  004.25549708 20
112  39.86659358  004.25501170  39.86660688  004.25489902 20
111  39.86674585  004.25489531 20
111  39.86644044  004.25475586 20
112  39.86649545  004.25486435  39.86649545  004.25489902 20
112  39.86648381  004.25531290  39.86648048  004.25539524 20
112  39.86632913  004.25544508  39.86626870  004.25541572 20
112  39.86568547  004.25512654  39.86563391  004.25509404 20
112  39.86558235  004.25491636  39.86560231  004.25484485 20
112  39.86570542  004.25453282  39.86574700  004.25443314 20
111  39.86587706  004.25449709 20
111  39.86553489  004.25434112
112  39.86553489  004.25434112  39.86562986  004.25443875 20
111  39.86558068  004.25455015 20
111  39.86529628  004.25538223 20
111  39.86559898  004.25543858 20
112  39.86560896  004.25534540  39.86561727  004.25529339 20
112  39.86575127  004.25530244  39.86582039  004.25533661 20
112  39.86660222  004.25570660  39.86672131  004.25576713 20
112  39.86672916  004.25584843  39.86673334  004.25589206 20
111  39.86672875  004.25595132 20
111  39.86685969  004.25599331 20
112  39.86699108  004.25583946  39.86704763  004.25577445 20
111  39.86708589  004.25570294 20
112  39.86725054  004.25527173  39.86728214  004.25520672 20
113  39.86739336  004.25519444 20
110 2 0.00 0.0000 Plataforma2
111  39.86543367  004.25540779
112  39.86528617  004.25545793  39.86525944  004.25548950
111  39.86525361  004.25551578
111  39.86522549  004.25583591
111  39.86525361  004.25588605
112  39.86542383  004.25592848  39.86543568  004.25593233
111  39.86551265  004.25593426
111  39.86558889  004.25589599
113  39.86559898  004.25543858
110 1 0.00 272.9904 New Taxiway 3
111  39.86590479  004.25569567
111  39.86591809  004.25538096
111  39.86576027  004.25530645
113  39.86575089  004.25568925
110 2 0.00 0.0000 Plataforma
111  39.86591809  004.25538096
111  39.86590479  004.25569567
111  39.86590882  004.25594462
111  39.86598014  004.25599352
111  39.86672294  004.25598143
111  39.86672875  004.25595132
112  39.86672916  004.25584843  39.86672911  004.25575488
114  39.86660222  004.25570660  39.86657801  004.25569226
130 Airport Boundary 1
112  39.86531661  004.25244454  39.86523460  004.25226647
112  39.86543963  004.25139396  39.86542596  004.25105564
112  39.86464683  004.25082416  39.86419575  004.25059268
112  39.86355330  004.25114467  39.86349863  004.25130493
111  39.86306122  004.25239112
111  39.85886384  004.25038957
112  39.85477857  004.24870921  39.85446432  004.24873075
112  39.85424930  004.24909698  39.85411699  004.24935550
111  39.85448086  004.24987253
111  39.85914545  004.25208563
111  39.86121275  004.25339535
111  39.86496327  004.25513182
111  39.86468922  004.25579436
111  39.86511359  004.25603762
112  39.86558040  004.25621453  39.86564830  004.25632511
112  39.86597082  004.25664577  39.86592838  004.25666788
112  39.86711662  004.25663471  39.86714208  004.25661260
112  39.86751553  004.25647991  39.86749855  004.25639145
112  39.86762586  004.25614819  39.86765132  004.25607079
112  39.86794838  004.25620348  39.86802477  004.25628088
112  39.86921301  004.25660154  39.86943368  004.25669000
112  39.87009570  004.25669000  39.87020603  004.25662365
112  39.87028242  004.25615925  39.87025696  004.25586070
112  39.86989200  004.25557321  39.86975620  004.25550687
112  39.86795687  004.25433479  39.86771074  004.25415788
113  39.86583502  004.25288629
120 HP
112  39.86711972  004.25520692  39.86725026  004.25527297 4
115  39.86725026  004.25527297
120 HP2
112  39.86559245  004.25450639  39.86569573  004.25455905 4
115  39.86569446  004.25456009
120 Linear Feature 16
112  39.86653061  004.25540579  39.86652210  004.25545326 1
116  39.86661240  004.25564100  39.86664417  004.25565992
120 Linear Feature 15
112  39.86654008  004.25497786  39.86654089  004.25493889 1
112  39.86651226  004.25472928  39.86646991  004.25464451 1
116  39.86643790  004.25461087  39.86642241  004.25459607
120 Linear Feature 14
111  39.86676803  004.25477411 1
112  39.86662846  004.25481524  39.86657661  004.25487306 1
112  39.86654008  004.25497786  39.86654042  004.25505112 1
112  39.86653061  004.25540579  39.86652420  004.25547110 1
112  39.86642689  004.25551529  39.86639321  004.25551770 1
115  39.86634931  004.25551296
120 Linear Feature 13
112  39.86565227  004.25451225  39.86566866  004.25445901 1
116  39.86557027  004.25422055  39.86548957  004.25416798
120 Linear Feature 12
112  39.86720057  004.25522141  39.86721889  004.25517384 1
116  39.86708263  004.25490426  39.86697528  004.25482349
120 Linear Feature 11
111  39.86748483  004.25507367 1
112  39.86720057  004.25522141  39.86713858  004.25538098 1
112  39.86701006  004.25569222  39.86699494  004.25570601 1
112  39.86682257  004.25574738  39.86671219  004.25570207 1
112  39.86661240  004.25564100  39.86661089  004.25563706 1
111  39.86634931  004.25551296 1
111  39.86568251  004.25519974 1
112  39.86553887  004.25486683  39.86560994  004.25464423 1
112  39.86565227  004.25451225  39.86567445  004.25444774 1
116  39.86587908  004.25436648  39.86598794  004.25439602
20  39.86575458  004.25450947 306.2542 0 2 {@L}20
20  39.86556415  004.25444253 280.1756 0 2 {@L}2
20  39.86708340  004.25513309 268.9584 0 2 {@L}2
20  39.86728995  004.25527223 298.9915 0 3 {@L}20
1300  39.86602850  004.25577567 312.40 misc props New Ramp Start 4
1300  39.86622079  004.25580999 307.63 misc props New Ramp Start 3
1300  39.86643020  004.25584602 318.81 misc turboprops New Ramp Start 2
1300  39.86667781  004.25586318 316.12 misc turboprops New Ramp Start 1
19  39.85526197  004.24906629 0 New Windsock 2
19  39.86908576  004.25612549 0 New Windsock 1
99
