I
1000 Generated by WorldEditor

1   2716 0 0 LEF9 Carcelen
100 26.00 4 0 0.25 0 0 0 09  39.13273761 -001.26645461    0    0 0 0 0 0 27  39.13317639 -001.25801939    0    0 0 0 0 0
102 H1  39.13309100 -001.26781800 164.31 26.00 26.00 5 0 0 0.25 1
110 12 0.25 86.1700 Taxiway
112  39.13013200 -001.26299500  39.13010200 -001.26299400
111  39.12950200 -001.26296100
111  39.12950300 -001.26290300
112  39.13013000 -001.26293700  39.13016000 -001.26293800
112  39.13022000 -001.26293300  39.13025000 -001.26292900
111  39.13057000 -001.26288900
111  39.13084600 -001.26282300
112  39.13154900 -001.26272400  39.13157900 -001.26272000
112  39.13163900 -001.26272200  39.13166900 -001.26272500
111  39.13203000 -001.26276000
112  39.13234600 -001.26276000  39.13237600 -001.26276000
112  39.13243600 -001.26276700  39.13246600 -001.26277200
112  39.13252600 -001.26278300  39.13255600 -001.26278800
112  39.13259500 -001.26283900  39.13261100 -001.26287200
112  39.13267300 -001.26300500  39.13268900 -001.26303800
112  39.13269400 -001.26311200  39.13269200 -001.26315100
112  39.13251400 -001.26666800  39.13251200 -001.26670700
112  39.13247500 -001.26676100  39.13245100 -001.26678400
112  39.13235900 -001.26687300  39.13233500 -001.26689600
112  39.13228800 -001.26696100  39.13226500 -001.26699600
112  39.13224900 -001.26701900  39.13222600 -001.26705400
112  39.13221100 -001.26713000  39.13220900 -001.26716900
111  39.13219800 -001.26735700
111  39.13219800 -001.26786000
111  39.13215400 -001.26786000
111  39.13215400 -001.26735500
112  39.13216900 -001.26708800  39.13217100 -001.26704900
112  39.13220700 -001.26697700  39.13223000 -001.26694200
112  39.13222400 -001.26695100  39.13224700 -001.26691600
112  39.13229500 -001.26686300  39.13231900 -001.26684000
112  39.13243100 -001.26673100  39.13245500 -001.26670800
112  39.13247000 -001.26663800  39.13247200 -001.26659900
112  39.13264800 -001.26312600  39.13265000 -001.26308700
112  39.13262700 -001.26301900  39.13261100 -001.26298600
112  39.13256700 -001.26289300  39.13255100 -001.26286000
112  39.13249800 -001.26283600  39.13246800 -001.26283100
112  39.13243400 -001.26282600  39.13240400 -001.26282100
112  39.13234400 -001.26281800  39.13231400 -001.26281800
111  39.13202800 -001.26281800
112  39.13163900 -001.26278000  39.13160900 -001.26277700
112  39.13154900 -001.26278200  39.13151900 -001.26278600
111  39.13085200 -001.26288100
111  39.13057600 -001.26294700
114  39.13022200 -001.26299100  39.13019200 -001.26299500
110 1 0.25 86.1700 Apron
111  39.13346800 -001.25764600
111  39.13345700 -001.25776200
111  39.13342500 -001.25784500
111  39.13337200 -001.25794800
111  39.13330800 -001.25808500
111  39.13309500 -001.25805000
111  39.13306800 -001.25794800
111  39.13304700 -001.25780400
111  39.13301500 -001.25772100
111  39.13300400 -001.25762500
111  39.13302600 -001.25751500
111  39.13307300 -001.25744700
111  39.13311600 -001.25739200
111  39.13315300 -001.25728200
111  39.13317500 -001.25717200
111  39.13323300 -001.25717200
111  39.13332900 -001.25718600
111  39.13338800 -001.25741200
113  39.13343100 -001.25751500
110 4 0.25 86.1700 Apron
111  39.13332300 -001.25718400
111  39.13318800 -001.25716600
111  39.13322800 -001.25631200
111  39.13323900 -001.25628000
111  39.13326100 -001.25627000
111  39.13334100 -001.25628400
111  39.13335900 -001.25629400
113  39.13336700 -001.25631700
110 4 0.25 86.1700 Apron
111  39.13331400 -001.25805900
111  39.13284200 -001.26675100
111  39.13261100 -001.26673000
113  39.13308300 -001.25803100
110 1 0.25 86.1700 Apron
111  39.13294300 -001.26729600
111  39.13291600 -001.26748600
111  39.13289100 -001.26763100
111  39.13287000 -001.26777600
111  39.13284000 -001.26787900
111  39.13279700 -001.26794900
111  39.13273500 -001.26800000
111  39.13267300 -001.26802900
111  39.13257500 -001.26802400
111  39.13250200 -001.26799600
111  39.13242300 -001.26794500
111  39.13233900 -001.26785600
111  39.13224500 -001.26770100
111  39.13223700 -001.26748100
111  39.13224000 -001.26727700
111  39.13226800 -001.26716300
111  39.13229900 -001.26706300
111  39.13235000 -001.26695500
111  39.13246500 -001.26685400
111  39.13252400 -001.26680800
111  39.13259000 -001.26674700
111  39.13262300 -001.26667400
111  39.13282500 -001.26668700
111  39.13284900 -001.26675200
111  39.13286300 -001.26693800
113  39.13293100 -001.26708700
110 4 0.25 86.1700 Apron
111  39.13296000 -001.26700400
111  39.13296000 -001.26714500
111  39.13296400 -001.26727500
111  39.13300000 -001.26739200
111  39.13306900 -001.26746300
111  39.13316000 -001.26754700
111  39.13322900 -001.26763100
111  39.13326600 -001.26768300
111  39.13329800 -001.26775300
111  39.13329500 -001.26785600
111  39.13327700 -001.26795400
111  39.13325500 -001.26801500
111  39.13319300 -001.26806100
111  39.13307300 -001.26808500
111  39.13293100 -001.26809400
111  39.13279000 -001.26809900
111  39.13269500 -001.26810300
111  39.13257500 -001.26808500
111  39.13245500 -001.26804200
111  39.13232400 -001.26790200
111  39.13233200 -001.26785600
111  39.13238600 -001.26790700
111  39.13245200 -001.26795800
111  39.13249200 -001.26799600
111  39.13257900 -001.26802900
111  39.13268800 -001.26802400
111  39.13276800 -001.26797200
111  39.13282200 -001.26792100
111  39.13286200 -001.26778500
111  39.13288800 -001.26762200
111  39.13291400 -001.26749300
111  39.13293900 -001.26721100
111  39.13291900 -001.26703300
111  39.13287100 -001.26693000
113  39.13291300 -001.26693900
110 2 0.25 86.1700 Apron
111  39.13298200 -001.26803300
111  39.13287700 -001.26809400
111  39.13285300 -001.26801700
113  39.13295600 -001.26795500
14  39.13542500 -001.27100800  98.00 0 Carcelen Tower
1300  39.13285300 -001.26735000 178.36 misc props|helos GA Ramp  1
1300  39.13251000 -001.26701300   0.00 misc props|helos GA Ramp  2
19  39.13209318 -001.26779542 0 New Windsock 1
99
