I
1000	# Converted by FS2XPlane 3.26


1      135 0 0 LESB Son Bonet
100  22.00  1 1 0.25 1 3 0 05   39.59463617    2.69597368 125.0   0.0 3  0 0 1 23   39.60314183    2.70958232 100.0   0.0 3  0 0 1
102  H1  39.60286800    2.70727000 224.01 18.30 18.30 02 00 00 0.25 1
102  H2  39.60277700    2.70699600 223.83 12.00 12.00 02 00 00 0.25 1
102  H3  39.60339800    2.70725000 223.83 12.00 12.00 02 00 00 0.25 1
14    39.59888900    2.70277800    6 0 Son Bonet Tower

1300  39.60078800    2.70327100 138.99 misc turboprops|props GA Ramp 35

1300  39.60090700    2.70346100 138.99 misc turboprops|props GA Ramp 36

1300  39.60102900    2.70365000 138.99 misc turboprops|props GA Ramp 37

1300  39.60114500    2.70383100 138.99 misc turboprops|props GA Ramp 38

1300  39.60126400    2.70401000 138.99 misc turboprops|props GA Ramp 39

1300  39.60112800    2.70432700 320.82 misc turboprops|props GA Ramp 44

1300  39.60102200    2.70416300 317.37 misc turboprops|props GA Ramp 45

1300  39.60090900    2.70398100 316.19 misc turboprops|props GA Ramp 46

1300  39.60080000    2.70382200 312.03 misc turboprops|props GA Ramp 47

1300  39.60067700    2.70362700 313.12 misc turboprops|props GA Ramp 48

1300  39.60256600    2.70662600 312.22 misc turboprops|props GA Ramp 50

1300  39.60246400    2.70646600 312.22 misc turboprops|props GA Ramp 51

1300  39.60237200    2.70632300 312.22 misc turboprops|props GA Ramp 52

1300  39.60228100    2.70618000 312.22 misc turboprops|props GA Ramp 53

1300  39.60219800    2.70604300 312.22 misc turboprops|props GA Ramp 54

1300  39.60210900    2.70590500 312.22 misc turboprops|props GA Ramp 55

1300  39.60192200    2.70560500 312.22 misc turboprops|props GA Ramp 57

1300  39.60181800    2.70545100 312.22 misc turboprops|props GA Ramp 58

1300  39.60173600    2.70531400 312.22 misc turboprops|props GA Ramp 59

1300  39.60247500    2.70679000 130.65 misc turboprops|props GA Ramp 62

1300  39.60238100    2.70663100 130.65 misc turboprops|props GA Ramp 63

1300  39.60228800    2.70648300 130.65 misc turboprops|props GA Ramp 64

1300  39.60219900    2.70634100 130.65 misc turboprops|props GA Ramp 65

1300  39.60210100    2.70618200 130.65 misc turboprops|props GA Ramp 66

1300  39.60201800    2.70604100 130.65 misc turboprops|props GA Ramp 67

1300  39.60182600    2.70575500 130.65 misc turboprops|props GA Ramp 69

1300  39.60173500    2.70560800 130.65 misc turboprops|props GA Ramp 70

1300  39.60164100    2.70546300 130.65 misc turboprops|props GA Ramp 71

1300  39.60326200    2.70749300 130.65 misc turboprops|props GA Ramp 73

1300  39.60325800    2.70793300 238.42 misc turboprops|props GA Ramp 74

1300  39.60310400    2.70783500 288.46 misc turboprops|props GA Ramp 75

110  01 0.25  51.00 Taxiway
111   39.60302500    2.70769400 53
111   39.60305700    2.70771200 
111   39.60314900    2.70784700 
111   39.60316300    2.70768100 
111   39.60309300    2.70760500 
111   39.60307100    2.70759300 53
112   39.60310400    2.70748800  39.60314000    2.70742500 
111   39.60310400    2.70748800
111   39.60294500    2.70757100 
111   39.60295000    2.70774300
114   39.60295000    2.70774300  39.60297900    2.70769900 53

110  02 0.25  51.00 Taxiway
112   39.60266000    2.70465900  39.60266000    2.70471400 
111   39.60266200    2.70513000 
111   39.60272500    2.70513000 
112   39.60272400    2.70472500  39.60272400    2.70467000 
111   39.60276900    2.70464800 
111   39.60311300    2.70468600 
111   39.60311800    2.70520000 
111   39.60305800    2.70519100 
112   39.60283200    2.70523400  39.60277100    2.70527500 
111   39.60273900    2.70529700 
111   39.60280100    2.70545200 
112   39.60287700    2.70540100  39.60292700    2.70536700 
111   39.60308700    2.70535800 
111   39.60312100    2.70536000 
111   39.60312400    2.70565700 
112   39.60310500    2.70575500  39.60309200    2.70578200 
111   39.60308500    2.70579500 
111   39.60312200    2.70582700 
112   39.60314700    2.70578000  39.60316300    2.70574900 
111   39.60317100    2.70567500 
111   39.60317000    2.70536300 
111   39.60358200    2.70538900 
111   39.60358800    2.70661300 
111   39.60363300    2.70661300 
111   39.60362700    2.70539200 
111   39.60374100    2.70539900 
111   39.60374400    2.70666700 
112   39.60371300    2.70674000  39.60369200    2.70675000 
111   39.60368200    2.70675400 
111   39.60369700    2.70680900 
112   39.60374800    2.70678600  39.60377600    2.70677300 
111   39.60379000    2.70670900 
111   39.60378500    2.70531800 
111   39.60378700    2.70529700 
111   39.60378700    2.70529700 
111   39.60378300    2.70476000 
111   39.60426100    2.70481300 
112   39.60430600    2.70485300  39.60430600    2.70487600 
111   39.60430600    2.70485300
111   39.60433800    2.70479000 
112   39.60434300    2.70435200  39.60434400    2.70431300 
112   39.60440500    2.70431300  39.60444600    2.70432600 
111   39.60440500    2.70431300
111   39.60428400    2.70419200
112   39.60428400    2.70419200  39.60424300    2.70417900 
112   39.60413400    2.70416100  39.60407500    2.70415300 
112   39.60409700    2.70415600  39.60403800    2.70414800 
112   39.60400400    2.70396900  39.60400100    2.70385200 
112   39.60399900    2.70380500  39.60399600    2.70368800 
112   39.60386000    2.70362100  39.60377000    2.70361500 
112   39.60385400    2.70362100  39.60376400    2.70361500 
112   39.60371800    2.70343700  39.60371700    2.70332000 
111   39.60371500    2.70261900 
111   39.60358000    2.70262000 
112   39.60358300    2.70342800  39.60358400    2.70354500 
112   39.60349300    2.70359800  39.60343200    2.70359500 
111   39.60340200    2.70359300 
112   39.60333000    2.70358800  39.60328200    2.70358500 
112   39.60319200    2.70366300  39.60314800    2.70371600 
112   39.60317500    2.70368400  39.60313100    2.70373700 
112   39.60310800    2.70388100  39.60310700    2.70395900 
111   39.60310600    2.70408700 
111   39.60311300    2.70462700 
113   39.60270500    2.70458200 
112   39.60348500    2.70419400  39.60354600    2.70420300 
111   39.60357600    2.70426500 
111   39.60357700    2.70467800 
111   39.60316500    2.70463300 
111   39.60316300    2.70420800 
112   39.60325200    2.70416200  39.60331100    2.70417000 
113   39.60339400    2.70418200 
111   39.60393700    2.70425200 
112   39.60421000    2.70428900  39.60426900    2.70429700 
112   39.60429900    2.70435900  39.60429900    2.70439800 
112   39.60429800    2.70470000  39.60429800    2.70473900 
111   39.60425300    2.70475300 
111   39.60378300    2.70470100 
111   39.60378200    2.70429000 
114   39.60385900    2.70424200  39.60391000    2.70424900 
111   39.60362100    2.70427000 
112   39.60367900    2.70421900  39.60371800    2.70422400 
111   39.60373700    2.70428400 
111   39.60373800    2.70469600 
113   39.60362200    2.70468300 
111   39.60357900    2.70473800 
111   39.60358100    2.70526700 
111   39.60316800    2.70520700 
113   39.60316600    2.70469200 
111   39.60362200    2.70474200 
111   39.60373800    2.70475500 
111   39.60374000    2.70529000 
113   39.60362500    2.70527400 
112   39.60333200    2.70390900  39.60333200    2.70400600 
112   39.60326000    2.70404600  39.60321100    2.70403900 
112   39.60319200    2.70392700  39.60319500    2.70385400 
112   39.60322200    2.70378700  39.60323900    2.70376600 
114   39.60328900    2.70376000  39.60331800    2.70376200 
111   39.60364900    2.70378200 
112   39.60375700    2.70378900  39.60382900    2.70379400 
112   39.60386900    2.70396100  39.60387200    2.70407100 
112   39.60381800    2.70411900  39.60378100    2.70411400 
111   39.60376300    2.70411200 
111   39.60360200    2.70409300 
112   39.60353400    2.70408400  39.60348900    2.70407800 
112   39.60346600    2.70392400  39.60346600    2.70382300 
114   39.60355700    2.70377700  39.60361800    2.70378000 

110  02 0.25  51.00 Taxiway
111   39.59902200    2.69582100 
111   39.59888800    2.69581100 
111   39.59881700    2.69736500 
113   39.59895100    2.69737500 

110  02 0.25  51.00 Taxiway
111   39.60065600    2.70325200 53
112   39.60057600    2.70329900  39.60054700    2.70336700 53
112   39.60046500    2.70356100  39.60043600    2.70362900 53
112   39.60036400    2.70357300  39.60032600    2.70351300 53
112   39.59997400    2.70296100  39.59993600    2.70290100 53
112   39.59996000    2.70279600  39.59998900    2.70274600 53
111   39.60056200    2.70175900 
111   39.60050500    2.70170300 53
112   39.59991400    2.70272200  39.59988500    2.70277200 53
112   39.59981400    2.70270600  39.59977600    2.70264500 53
112   39.59806400    2.69989700  39.59802600    2.69983600 53
112   39.59806000    2.69971100  39.59809500    2.69964800 53
112   39.59852900    2.69886800  39.59856400    2.69880500 
112   39.59866500    2.69881800  39.59872000    2.69884800 
111   39.59883800    2.69891200 
111   39.59887300    2.69880500 
112   39.59863300    2.69867400  39.59857800    2.69864400 
112   39.59849700    2.69872400  39.59846200    2.69878700 
111   39.59791400    2.69977400 53
111   39.59769400    2.70016100 53
111   39.59754500    2.70041000 
111   39.59761600    2.70048200 53
111   39.59776600    2.70023100 53
112   39.59789900    2.69999700  39.59793400    2.69993400 53
112   39.59800900    2.69999400  39.59804700    2.70005500 53
111   39.59983100    2.70291900 53
111   39.60039300    2.70380300 53
112   39.60122500    2.70515100  39.60126200    2.70521200 53
112   39.60122900    2.70533700  39.60119400    2.70540000 53
111   39.60102000    2.70571300 
111   39.60092100    2.70586800 
111   39.60099000    2.70594300 
111   39.60109200    2.70578500 53
112   39.60128700    2.70543200  39.60132200    2.70536900 53
112   39.60137300    2.70539500  39.60139600    2.70543400 53
111   39.60140700    2.70545200 53
111   39.60151400    2.70563100 53
111   39.60160700    2.70578000 53
111   39.60178300    2.70606700 53
111   39.60188100    2.70623200 53
111   39.60196500    2.70636600 53
111   39.60206000    2.70652800 53
111   39.60214400    2.70666700 53
111   39.60222900    2.70680300 53
111   39.60233500    2.70697500 53
111   39.60242400    2.70712900 53
112   39.60276000    2.70768500  39.60279700    2.70774600 53
112   39.60276800    2.70787500  39.60273600    2.70794000 53
112   39.60264600    2.70812100  39.60261400    2.70818600 53
112   39.60254500    2.70830300  39.60251000    2.70835900 53
111   39.60249100    2.70838800 
111   39.60256000    2.70846200 
112   39.60261500    2.70837400  39.60265200    2.70831600 53
112   39.60271900    2.70818900  39.60275200    2.70812400 53
112   39.60285800    2.70790700  39.60289100    2.70784200 53
112   39.60295000    2.70774300  39.60297900    2.70769900 53
112   39.60302500    2.70769400  39.60304600    2.70770500 
111   39.60302500    2.70769400
111   39.60307100    2.70759300
112   39.60307100    2.70759300  39.60305700    2.70758600 53
112   39.60310400    2.70748800  39.60314000    2.70742500 53
112   39.60320500    2.70731100  39.60324100    2.70724800 53
112   39.60320100    2.70712800  39.60316200    2.70706900 53
111   39.60283500    2.70656700 53
111   39.60273700    2.70641900 53
111   39.60262600    2.70625400 53
111   39.60253700    2.70611300 53
111   39.60245000    2.70597500 53
111   39.60235600    2.70583200 53
111   39.60226600    2.70569400 53
111   39.60217200    2.70555000 53
111   39.60206800    2.70539200 53
111   39.60187500    2.70509900 53
111   39.60177700    2.70495000 53
111   39.60163500    2.70473400 53
111   39.60147000    2.70448300 53
111   39.60144300    2.70444300 53
111   39.60136300    2.70432200 53
111   39.60131900    2.70425500 53
111   39.60125700    2.70416200 53
111   39.60124500    2.70414300 
111   39.60123300    2.70412500 
111   39.60117400    2.70403600 
111   39.60115900    2.70401300 53
111   39.60114400    2.70399000 53
111   39.60113000    2.70397000 
111   39.60111700    2.70395000 
111   39.60105900    2.70386100 
111   39.60104200    2.70383500 53
111   39.60102500    2.70381000 53
111   39.60101300    2.70379100 
111   39.60100100    2.70377300 
111   39.60094200    2.70368400 
111   39.60092700    2.70366200 53
111   39.60091300    2.70364000 53
111   39.60089400    2.70361200 
111   39.60087500    2.70358300 
111   39.60081600    2.70349400 
111   39.60080300    2.70347500 53
111   39.60079100    2.70345500 53
111   39.60077100    2.70342500 
111   39.60075100    2.70339600 
113   39.60069300    2.70330800 
111   39.60065500    2.70343000 53
111   39.60067700    2.70346300 
111   39.60069900    2.70349500 
111   39.60075900    2.70358600 
111   39.60076900    2.70360100 53
111   39.60077900    2.70361700 53
111   39.60080100    2.70365000 
111   39.60082200    2.70368200 
111   39.60088200    2.70377300 
111   39.60089400    2.70379100 53
111   39.60090600    2.70380900 53
111   39.60092000    2.70382900 
111   39.60093300    2.70384900 
111   39.60099200    2.70394000 
111   39.60100700    2.70396200 53
111   39.60102200    2.70398500 53
111   39.60103600    2.70400700 
111   39.60105100    2.70402800 
111   39.60111000    2.70411800 
111   39.60112300    2.70413700 53
111   39.60113600    2.70415700 53
111   39.60114900    2.70417700 
111   39.60116200    2.70419700 
111   39.60122100    2.70428600 
111   39.60123600    2.70430800 53
111   39.60125100    2.70433100 53
111   39.60129500    2.70439800 53
111   39.60137500    2.70451900 53
111   39.60140200    2.70455900 53
112   39.60148600    2.70468600  39.60152500    2.70474500 53
112   39.60149100    2.70486900  39.60145600    2.70493200 53
112   39.60138800    2.70505000  39.60135300    2.70511300 53
112   39.60127900    2.70505300  39.60124200    2.70499200 53
112   39.60053800    2.70385100  39.60050100    2.70379000 53
112   39.60052600    2.70365800  39.60055500    2.70359000 53
112   39.60059200    2.70350300  39.60062100    2.70343500 53
114   39.60064500    2.70341600  39.60065100    2.70342600 53
111   39.60225400    2.70665800 53
111   39.60223900    2.70663400 
111   39.60218300    2.70654200 
111   39.60216800    2.70651800 53
111   39.60215400    2.70649400 
111   39.60209800    2.70640000 
111   39.60207800    2.70636600 53
111   39.60205800    2.70633300 
111   39.60200100    2.70624000 
111   39.60198800    2.70621900 53
111   39.60197500    2.70619700 
111   39.60191800    2.70610400 
111   39.60188500    2.70604900 53
111   39.60185300    2.70599500 53
111   39.60175700    2.70583700 
111   39.60170100    2.70574500 
111   39.60164400    2.70565300 
111   39.60162600    2.70562500 53
111   39.60160800    2.70559700 
111   39.60155200    2.70550400 
111   39.60151500    2.70544200 53
111   39.60147900    2.70538000 53
112   39.60143600    2.70531000  39.60140700    2.70526300 53
112   39.60144600    2.70514500  39.60148100    2.70508200 53
112   39.60155100    2.70496000  39.60158600    2.70489700 53
112   39.60165700    2.70494600  39.60169200    2.70499900 53
111   39.60170900    2.70502600 53
111   39.60174600    2.70508300 
111   39.60178300    2.70513900 
111   39.60184300    2.70522900 
111   39.60190100    2.70531800 53
111   39.60191700    2.70534200 
111   39.60197500    2.70543100 
111   39.60203400    2.70552000 
111   39.60206900    2.70557300 53
111   39.60210400    2.70562600 53
111   39.60213800    2.70567800 
111   39.60217200    2.70573000 
111   39.60223100    2.70582000 
111   39.60224700    2.70584400 53
111   39.60226200    2.70586800 
111   39.60232000    2.70595800 
111   39.60233600    2.70598300 53
111   39.60235300    2.70600800 
111   39.60241100    2.70609800 
111   39.60242600    2.70612300 53
111   39.60244200    2.70614700 
111   39.60249900    2.70623700 
111   39.60251500    2.70626300 53
111   39.60253200    2.70628900 
111   39.60259100    2.70637800 
111   39.60261600    2.70641600 53
111   39.60264100    2.70645300 
111   39.60270000    2.70654100 
111   39.60273300    2.70659200 53
111   39.60276700    2.70664300 53
112   39.60308700    2.70713200  39.60312600    2.70719100 53
112   39.60309100    2.70731500  39.60305500    2.70737800 53
111   39.60294500    2.70757100 53
112   39.60290800    2.70762600  39.60288400    2.70766300 53
112   39.60281700    2.70759000  39.60278000    2.70752900 53
111   39.60249600    2.70705900 53
111   39.60246300    2.70700100 
111   39.60242900    2.70694300 
111   39.60237300    2.70684900 
111   39.60235000    2.70681100 53
111   39.60232600    2.70677300 
113   39.60226900    2.70668200 

110  02 0.25  51.00 Road
112   39.60204400    2.70415300  39.60201800    2.70411000 
111   39.60195800    2.70401200 
111   39.60094500    2.70239700 
112   39.60058100    2.70180700  39.60055200    2.70176100 
112   39.60048100    2.70170400  39.60044300    2.70168100 
111   39.60048100    2.70170400
111   39.60042900    2.70176400
112   39.60042900    2.70176400  39.60046700    2.70178700 
112   39.60052900    2.70186700  39.60055800    2.70191300 
112   39.60083500    2.70236300  39.60086400    2.70240900 
112   39.60085100    2.70251400  39.60083300    2.70256900 
111   39.60058300    2.70332200 
111   39.60064600    2.70335700 
112   39.60090000    2.70259200  39.60091800    2.70253700 
112   39.60097000    2.70257900  39.60099900    2.70262500 
112   39.60184600    2.70397100  39.60187500    2.70401700 
112   39.60184800    2.70411200  39.60182100    2.70416000 
111   39.60148400    2.70475200 
111   39.60153900    2.70480500 
112   39.60189400    2.70418100  39.60192100    2.70413300 
112   39.60197500    2.70417200  39.60200200    2.70421400 
112   39.60201900    2.70424500  39.60204600    2.70428700 
112   39.60210500    2.70436400  39.60213600    2.70440100 
112   39.60226700    2.70456400  39.60229800    2.70460100 
112   39.60237600    2.70462500  39.60241800    2.70462800 
112   39.60266300    2.70464900  39.60270500    2.70465200 
112   39.60272600    2.70456500  39.60272600    2.70450600 
111   39.60272600    2.70409300 
111   39.60265800    2.70409300 
112   39.60265800    2.70447700  39.60265800    2.70453600 
112   39.60259500    2.70456100  39.60255300    2.70455800 
112   39.60240200    2.70454500  39.60236000    2.70454200 
112   39.60229300    2.70448400  39.60226200    2.70444700 
112   39.60217600    2.70433800  39.60214500    2.70430100 
112   39.60217900    2.70422000  39.60221200    2.70417900 
111   39.60289600    2.70332800 
111   39.60351200    2.70256100 
111   39.60346500    2.70249700 
112   39.60291400    2.70318200  39.60288100    2.70322300 
112   39.60283500    2.70320000  39.60281500    2.70317100 
111   39.60283500    2.70320000
111   39.60280300    2.70324000
112   39.60280300    2.70324000  39.60282300    2.70326900 
112   39.60278400    2.70334500  39.60275100    2.70338600 
114   39.60213200    2.70415500  39.60209900    2.70419600 

110  05 0.25  51.00 Taxiway
112   39.60433600    2.70508100  39.60433500    2.70505800 
111   39.60433100    2.70500900 
111   39.60433800    2.70479000 
111   39.60429800    2.70470000
112   39.60429800    2.70470000  39.60429800    2.70473900 
112   39.60425300    2.70475300  39.60422300    2.70475000 
111   39.60425300    2.70475300
111   39.60426100    2.70481300
112   39.60426100    2.70481300  39.60429100    2.70481600 
112   39.60430600    2.70485300  39.60430600    2.70487600 
111   39.60430500    2.70501100 
112   39.60430800    2.70508100  39.60430900    2.70510400 
112   39.60430900    2.70515100  39.60430800    2.70517400 
112   39.60430600    2.70522000  39.60430500    2.70524300 
112   39.60429500    2.70528700  39.60428800    2.70530800 
112   39.60428300    2.70532200  39.60427600    2.70534300 
112   39.60425100    2.70537500  39.60423600    2.70538900 
112   39.60423800    2.70538900  39.60422300    2.70540300 
112   39.60419000    2.70540300  39.60417300    2.70539800 
111   39.60378700    2.70529700 
111   39.60377900    2.70540100 
111   39.60421800    2.70544500 
112   39.60444700    2.70548600  39.60446500    2.70548900 
112   39.60449700    2.70550900  39.60451200    2.70552100 
112   39.60453100    2.70553600  39.60454600    2.70554800 
112   39.60456200    2.70558800  39.60456700    2.70561100 
111   39.60457300    2.70563900 
111   39.60459800    2.70578400 
111   39.60462400    2.70577600 
111   39.60459900    2.70563100 
112   39.60458500    2.70556600  39.60458000    2.70554300 
112   39.60455500    2.70551400  39.60454000    2.70550200 
112   39.60450700    2.70547500  39.60449200    2.70546300 
112   39.60445700    2.70545200  39.60443900    2.70544900 
112   39.60428100    2.70542100  39.60426300    2.70541800 
112   39.60427500    2.70539600  39.60428900    2.70538300 
112   39.60430500    2.70534400  39.60431200    2.70532300 
112   39.60432100    2.70529500  39.60432800    2.70527400 
112   39.60433300    2.70522800  39.60433400    2.70520500 
114   39.60433600    2.70515100  39.60433700    2.70512800 

110  05 0.25  51.00 Road
112   39.60038600    2.70173800  39.60042400    2.70176100 
112   39.60042900    2.70176400  39.60046700    2.70178700 
112   39.60052900    2.70186700  39.60055800    2.70191300 
111   39.60052900    2.70186700
111   39.60058100    2.70180700
112   39.60058100    2.70180700  39.60055200    2.70176100 
112   39.60048100    2.70170400  39.60044300    2.70168100 
112   39.60042400    2.70167000  39.60038600    2.70164700 
112   39.60032500    2.70157500  39.60029700    2.70153400 
111   39.60013400    2.70130000 
111   39.59977000    2.70071100 
111   39.59945100    2.70018300 
112   39.59919300    2.69968700  39.59917000    2.69964200 
112   39.59912900    2.69954600  39.59911000    2.69949700 
112   39.59896700    2.69914100  39.59894800    2.69909200 
112   39.59900100    2.69906900  39.59904300    2.69907000 
111   39.59927600    2.69907500 
111   39.59927700    2.69899400 
112   39.59889700    2.69898500  39.59885500    2.69898400 
112   39.59886300    2.69905700  39.59888200    2.69910600 
112   39.59907500    2.69958800  39.59909400    2.69963700 
112   39.59913900    2.69972900  39.59916200    2.69977400 
111   39.59940100    2.70023100 
111   39.59972000    2.70076100 
111   39.60008600    2.70135200 
114   39.60028700    2.70164300  39.60031500    2.70168400 

110  05 0.25  51.00 Road
112   39.60260500    2.71041700  39.60256600    2.71043600 
112   39.60257300    2.71043300  39.60253400    2.71045200 
112   39.60245500    2.71043200  39.60241600    2.71041200 
112   39.60239800    2.71040400  39.60235900    2.71038400 
112   39.60229900    2.71031100  39.60227200    2.71026900 
111   39.60134000    2.70881300 
111   39.60028200    2.70711900 
112   39.60016500    2.70694000  39.60013800    2.70689900 
112   39.60006800    2.70684000  39.60003100    2.70681500 
112   39.59996900    2.70677400  39.59993200    2.70674900 
112   39.59987300    2.70667300  39.59984600    2.70663100 
111   39.59969200    2.70638700 
111   39.59649000    2.70115400 
111   39.59415200    2.69742100 
112   39.59371600    2.69673200  39.59368900    2.69669000 
112   39.59365600    2.69660700  39.59364300    2.69656600 
112   39.59368200    2.69649000  39.59371300    2.69645300 
111   39.59378300    2.69636800 
112   39.59422500    2.69590600  39.59425800    2.69587200 
112   39.59433300    2.69582500  39.59437200    2.69580500 
112   39.59444100    2.69576900  39.59448000    2.69574900 
112   39.59456100    2.69572100  39.59460200    2.69570900 
111   39.59474200    2.69566700 
112   39.59487600    2.69562700  39.59491700    2.69561500 
112   39.59500000    2.69560600  39.59504200    2.69560400 
111   39.59510100    2.69560100 
112   39.59519800    2.69559400  39.59524000    2.69559100 
112   39.59532200    2.69561000  39.59536300    2.69562300 
112   39.59535700    2.69562100  39.59539800    2.69563400 
112   39.59546500    2.69569500  39.59549600    2.69573100 
112   39.59554100    2.69578000  39.59557200    2.69581600 
112   39.59562500    2.69590000  39.59565000    2.69594400 
111   39.59567900    2.69599900 
112   39.59581000    2.69625800  39.59583300    2.69630300 
112   39.59588900    2.69638300  39.59591900    2.69642100 
112   39.59605400    2.69659300  39.59608400    2.69663100 
112   39.59615600    2.69668500  39.59619400    2.69670800 
112   39.59622200    2.69672400  39.59626000    2.69674700 
112   39.59632300    2.69681700  39.59635200    2.69685600 
112   39.59643300    2.69696400  39.59646200    2.69700300 
112   39.59651500    2.69708700  39.59654000    2.69713000 
111   39.59663100    2.69728100 
112   39.59678900    2.69759600  39.59681200    2.69764100 
112   39.59688300    2.69768800  39.59692300    2.69770400 
111   39.59698900    2.69772900 
112   39.59701900    2.69774100  39.59703800    2.69774800 
112   39.59711100    2.69776000  39.59715300    2.69776500 
112   39.59728700    2.69778100  39.59732900    2.69778600 
112   39.59740400    2.69783100  39.59744000    2.69785900 
112   39.59844500    2.69863400  39.59848100    2.69866200 
112   39.59850000    2.69864100  39.59850100    2.69861800 
111   39.59850000    2.69864100
111   39.59847800    2.69845400
112   39.59847800    2.69845400  39.59847700    2.69847700 
112   39.59847100    2.69845500  39.59846700    2.69843200 
111   39.59847100    2.69845500
111   39.59845500    2.69851700
112   39.59845500    2.69851700  39.59845900    2.69854000 
112   39.59840700    2.69850900  39.59837100    2.69848100 
112   39.59742400    2.69775100  39.59738800    2.69772300 
112   39.59730700    2.69770200  39.59726500    2.69769700 
112   39.59712300    2.69767900  39.59708100    2.69767400 
112   39.59704600    2.69766600  39.59703700    2.69766300 
112   39.59704900    2.69763300  39.59706000    2.69761400 
111   39.59704900    2.69763300
111   39.59702100    2.69762200
112   39.59702100    2.69762200  39.59701000    2.69764100 
112   39.59694500    2.69762600  39.59690500    2.69761000 
112   39.59692300    2.69761800  39.59688300    2.69760200 
112   39.59682900    2.69752500  39.59680600    2.69747900 
111   39.59668300    2.69723300 
112   39.59656400    2.69703300  39.59653800    2.69699000 
112   39.59648100    2.69691000  39.59645200    2.69687100 
112   39.59635900    2.69674900  39.59633000    2.69671000 
112   39.59625800    2.69665600  39.59622000    2.69663300 
112   39.59619200    2.69661700  39.59615400    2.69659400 
112   39.59609000    2.69652500  39.59606000    2.69648700 
112   39.59593700    2.69633100  39.59590700    2.69629300 
112   39.59585800    2.69620600  39.59583500    2.69616100 
111   39.59573100    2.69595300 
112   39.59567200    2.69584500  39.59564800    2.69580000 
112   39.59558800    2.69572500  39.59555600    2.69569000 
112   39.59549600    2.69562000  39.59546400    2.69558500 
112   39.59538700    2.69554700  39.59534600    2.69553400 
112   39.59532800    2.69552800  39.59528700    2.69551500 
112   39.59520400    2.69551200  39.59516200    2.69551500 
111   39.59509900    2.69551900 
112   39.59499200    2.69552400  39.59495000    2.69552600 
112   39.59486800    2.69554500  39.59482700    2.69555700 
111   39.59472800    2.69558700 
112   39.59454300    2.69564300  39.59450200    2.69565500 
112   39.59442300    2.69569100  39.59438400    2.69571100 
112   39.59430100    2.69575300  39.59426200    2.69577300 
112   39.59419300    2.69583400  39.59416000    2.69586800 
111   39.59374100    2.69630600 
112   39.59360600    2.69647000  39.59357500    2.69650700 
112   39.59358500    2.69660100  39.59360200    2.69665100 
112   39.59359700    2.69663600  39.59361400    2.69668600 
112   39.59366200    2.69677400  39.59368900    2.69681600 
111   39.59410400    2.69747300 
111   39.59644000    2.70120600 
111   39.59964400    2.70643900 
112   39.59983300    2.70673700  39.59986000    2.70677900 
112   39.59992900    2.70683800  39.59996600    2.70686300 
112   39.60002800    2.70690600  39.60006500    2.70693100 
112   39.60012500    2.70700600  39.60015200    2.70704700 
111   39.60023400    2.70717100 
111   39.60129200    2.70886500 
112   39.60226100    2.71037900  39.60228800    2.71042100 
112   39.60236000    2.71047200  39.60239900    2.71049200 
112   39.60245500    2.71052000  39.60249400    2.71054000 
112   39.60257300    2.71052100  39.60261200    2.71050200 
112   39.60264100    2.71048700  39.60268000    2.71046800 
112   39.60274400    2.71040000  39.60277300    2.71036100 
111   39.60286700    2.71023600 
111   39.60282300    2.71017800 
114   39.60270800    2.71033000  39.60267900    2.71036900 

110  05 0.25  51.00 Road
112   39.59454200    2.69660000  39.59454300    2.69663900 
112   39.59455400    2.69671500  39.59456100    2.69675300 
111   39.59461900    2.69709800 
112   39.59469100    2.69738900  39.59470000    2.69742600 
112   39.59473300    2.69749000  39.59475200    2.69752000 
111   39.59955100    2.70527900 
111   39.60147800    2.70836900 
111   39.60211100    2.70939400 
112   39.60229800    2.70964800  39.60231900    2.70967600 
112   39.60236500    2.70972500  39.60238900    2.70974800 
112   39.60251500    2.70987100  39.60253900    2.70989400 
112   39.60257500    2.70992400  39.60259000    2.70993600 
112   39.60264100    2.70996100  39.60267000    2.70997400 
112   39.60264900    2.70996400  39.60267800    2.70997700 
112   39.60273700    2.70998600  39.60276700    2.70998800 
112   39.60277300    2.70998800  39.60280300    2.70999000 
112   39.60286100    2.70997400  39.60289000    2.70996300 
112   39.60291700    2.70995200  39.60294600    2.70994100 
112   39.60300100    2.70991100  39.60302800    2.70989500 
112   39.60310800    2.70984800  39.60313500    2.70983200 
112   39.60319800    2.70977600  39.60323100    2.70974400 
112   39.60328600    2.70966400  39.60331300    2.70962200 
112   39.60332100    2.70960600  39.60334800    2.70956400 
112   39.60339000    2.70947000  39.60340900    2.70942100 
112   39.60340500    2.70943300  39.60342400    2.70938400 
112   39.60344600    2.70928000  39.60345400    2.70922700 
112   39.60345800    2.70919300  39.60346600    2.70914000 
112   39.60347000    2.70903100  39.60347000    2.70897600 
112   39.60347000    2.70890100  39.60347000    2.70884600 
112   39.60345800    2.70873900  39.60345000    2.70868600 
111   39.60345800    2.70873900
111   39.60339600    2.70874700
112   39.60339600    2.70874700  39.60340400    2.70880000 
112   39.60340800    2.70890900  39.60340800    2.70896400 
112   39.60340800    2.70902300  39.60340800    2.70907800 
112   39.60339600    2.70918500  39.60338800    2.70923800 
112   39.60338600    2.70925400  39.60337800    2.70930700 
112   39.60334500    2.70940700  39.60332600    2.70945600 
112   39.60333800    2.70942600  39.60331900    2.70947500 
112   39.60326900    2.70956200  39.60324200    2.70960400 
112   39.60324200    2.70960600  39.60321500    2.70964800 
112   39.60315200    2.70971900  39.60311900    2.70975200 
112   39.60310500    2.70976600  39.60307200    2.70979900 
112   39.60301400    2.70984000  39.60298700    2.70985600 
112   39.60298500    2.70985700  39.60295800    2.70987300 
112   39.60290100    2.70989800  39.60287200    2.70990900 
112   39.60285500    2.70991600  39.60282600    2.70992700 
112   39.60276700    2.70993000  39.60273700    2.70992800 
112   39.60274500    2.70992800  39.60271500    2.70992600 
112   39.60265800    2.70990600  39.60263000    2.70989400 
112   39.60259600    2.70987300  39.60258300    2.70986300 
112   39.60254100    2.70982300  39.60251700    2.70980000 
112   39.60239500    2.70968100  39.60237100    2.70965800 
112   39.60232800    2.70960400  39.60230700    2.70957600 
111   39.60214500    2.70935600 
111   39.60151400    2.70833300 
111   39.59958700    2.70524300 
112   39.59477300    2.69746200  39.59475400    2.69743200 
112   39.59473100    2.69736100  39.59472200    2.69732400 
111   39.59466300    2.69708200 
112   39.59459800    2.69670700  39.59459100    2.69666900 
112   39.59458600    2.69659200  39.59458500    2.69655300 
111   39.59457100    2.69616100 
113   39.59452700    2.69616300 

110  12 0.25  51.00 Taxiway
112   39.60443000    2.70423500  39.60438900    2.70422200 
112   39.60428400    2.70419200  39.60424300    2.70417900 
112   39.60413400    2.70416100  39.60407500    2.70415300 
111   39.60413400    2.70416100
111   39.60421000    2.70428900
112   39.60421000    2.70428900  39.60426900    2.70429700 
112   39.60429900    2.70435900  39.60429900    2.70439800 
111   39.60429900    2.70435900
111   39.60434300    2.70435200
112   39.60434300    2.70435200  39.60434400    2.70431300 
112   39.60440500    2.70431300  39.60444600    2.70432600 
112   39.60440800    2.70431300  39.60444900    2.70432600 
112   39.60452500    2.70436900  39.60456200    2.70439400 
111   39.60469500    2.70448200 
112   39.60484900    2.70456800  39.60488800    2.70458900 
112   39.60495900    2.70464500  39.60499400    2.70467500 
112   39.60508200    2.70475100  39.60511700    2.70478100 
112   39.60517600    2.70485700  39.60520400    2.70489800 
112   39.60557200    2.70543600  39.60560000    2.70547700 
112   39.60561400    2.70557900  39.60561400    2.70563400 
111   39.60561400    2.70566500 
111   39.60562800    2.70595700 
112   39.60564900    2.70619400  39.60565400    2.70624800 
112   39.60563300    2.70635100  39.60561800    2.70640200 
112   39.60563100    2.70635800  39.60561600    2.70640900 
112   39.60556400    2.70649200  39.60553500    2.70653100 
111   39.60542300    2.70668000 
111   39.60522900    2.70695800 
111   39.60504400    2.70722700 
112   39.60489900    2.70742000  39.60487000    2.70745900 
112   39.60479800    2.70751300  39.60476000    2.70753600 
112   39.60475600    2.70753700  39.60471800    2.70756000 
112   39.60467500    2.70764700  39.60465900    2.70769800 
112   39.60464600    2.70773800  39.60463000    2.70778900 
112   39.60458700    2.70788200  39.60456400    2.70792700 
111   39.60450000    2.70804900 
111   39.60455300    2.70809500 
112   39.60464300    2.70792000  39.60466600    2.70787500 
112   39.60470200    2.70777600  39.60471800    2.70772500 
112   39.60472300    2.70770700  39.60473900    2.70765600 
112   39.60480400    2.70759800  39.60484200    2.70757600 
112   39.60483400    2.70758000  39.60487200    2.70755800 
112   39.60493500    2.70748900  39.60496400    2.70745000 
111   39.60509000    2.70728300 
111   39.60527500    2.70701200 
111   39.60546900    2.70673600 
112   39.60561800    2.70653800  39.60564700    2.70649900 
112   39.60568500    2.70640400  39.60570000    2.70635300 
112   39.60569700    2.70636100  39.60571200    2.70631000 
112   39.60571300    2.70620400  39.60570800    2.70615000 
111   39.60569000    2.70594900 
111   39.60567600    2.70566300 
112   39.60567600    2.70554900  39.60567600    2.70549400 
112   39.60563400    2.70540600  39.60560600    2.70536500 
112   39.60521800    2.70479500  39.60519000    2.70475400 
112   39.60512400    2.70468900  39.60508900    2.70465900 
112   39.60498900    2.70457300  39.60495400    2.70454300 
112   39.60487900    2.70449600  39.60484000    2.70447500 
111   39.60472100    2.70440800 
114   39.60454700    2.70429100  39.60451000    2.70426600 

110  12 0.25  51.00 Taxiway
111   39.60350400    2.70224300 
111   39.60193500    2.70026400 
111   39.60190300    2.70030600 
113   39.60347200    2.70228500 

110  12 0.25  51.00 Road
111   39.60458900    2.70803800 
111   39.60454400    2.70798000 
111   39.60282300    2.71017800 
113   39.60286700    2.71023600 

110  12 0.25  51.00 Road
112   39.60337600    2.70861900  39.60338400    2.70867200 
112   39.60339600    2.70874700  39.60340400    2.70880000 
112   39.60340800    2.70890900  39.60340800    2.70896400 
111   39.60340800    2.70890900
111   39.60347000    2.70890100
112   39.60347000    2.70890100  39.60347000    2.70884600 
112   39.60345800    2.70873900  39.60345000    2.70868600 
112   39.60343600    2.70859500  39.60342800    2.70854200 
112   39.60339900    2.70844000  39.60338200    2.70839000 
111   39.60329100    2.70811700 
111   39.60323400    2.70815000 
114   39.60333900    2.70846400  39.60335600    2.70851400 

110  12 0.25  51.00 Road
112   39.60002200    2.69764200  39.59999200    2.69764000 
111   39.59969200    2.69761800 
111   39.59968900    2.69767700 
112   39.60000000    2.69769800  39.60003000    2.69770000 
112   39.60007400    2.69774600  39.60009300    2.69777600 
111   39.60047200    2.69835700 
111   39.60100600    2.69912500 
111   39.60151200    2.69978600 
112   39.60187200    2.70026200  39.60189300    2.70029000 
111   39.60187000    2.70034300 
111   39.60131400    2.70100500 
111   39.60118400    2.70081700 
112   39.60112500    2.70081900  39.60110600    2.70084900 
111   39.60077300    2.70136300 
111   39.60080800    2.70140000 
112   39.60112700    2.70090700  39.60114600    2.70087700 
111   39.60118600    2.70090500 
111   39.60128100    2.70104300 
111   39.60088400    2.70151600 
111   39.60091500    2.70155900 
111   39.60131100    2.70108600 
111   39.60280300    2.70324000 
112   39.60278400    2.70334500  39.60275100    2.70338600 
111   39.60278400    2.70334500
111   39.60289600    2.70332800 
111   39.60291400    2.70318200
112   39.60291400    2.70318200  39.60288100    2.70322300 
111   39.60283500    2.70320000 
111   39.60134400    2.70104800 
111   39.60193400    2.70034500 
112   39.60193600    2.70026400  39.60191500    2.70023600 
111   39.60154400    2.69974600 
111   39.60103800    2.69908500 
111   39.60050600    2.69831900 
114   39.60009600    2.69769000  39.60007700    2.69766000 

110  12 0.25  51.00 Road
112   39.59726100    2.69767400  39.59727300    2.69769100 
111   39.59730200    2.69773300 
111   39.59732200    2.69770900 
112   39.59728300    2.69765400  39.59727100    2.69763700 
112   39.59725400    2.69759600  39.59724700    2.69757500 
112   39.59723400    2.69754200  39.59722700    2.69752100 
112   39.59720300    2.69748600  39.59719000    2.69747000 
112   39.59718400    2.69746400  39.59717100    2.69744800 
112   39.59718100    2.69741200  39.59719200    2.69739300 
112   39.59740900    2.69703000  39.59742000    2.69701100 
112   39.59744700    2.69698000  39.59746100    2.69696500 
112   39.59750700    2.69691400  39.59752100    2.69689900 
112   39.59755300    2.69690500  39.59757000    2.69691400 
112   39.59757800    2.69691800  39.59759500    2.69692700 
112   39.59762000    2.69695800  39.59763100    2.69697600 
111   39.59795100    2.69749300 
112   39.59830800    2.69808400  39.59831900    2.69810300 
112   39.59833900    2.69814200  39.59834800    2.69816200 
112   39.59840300    2.69828200  39.59841200    2.69830200 
112   39.59842300    2.69834600  39.59842700    2.69836900 
112   39.59845500    2.69851700  39.59845900    2.69854000 
112   39.59840700    2.69850900  39.59837100    2.69848100 
111   39.59840700    2.69850900
111   39.59844500    2.69863400
112   39.59844500    2.69863400  39.59848100    2.69866200 
112   39.59850000    2.69864100  39.59850100    2.69861800 
111   39.59851500    2.69810000 
111   39.59848800    2.69809900 
112   39.59847800    2.69845400  39.59847700    2.69847700 
112   39.59847100    2.69845500  39.59846700    2.69843200 
112   39.59844900    2.69833200  39.59844500    2.69830900 
112   39.59842900    2.69826800  39.59842000    2.69824800 
112   39.59836100    2.69812200  39.59835200    2.69810200 
112   39.59833000    2.69806400  39.59831900    2.69804500 
111   39.59797300    2.69747100 
112   39.59763600    2.69693000  39.59762500    2.69691200 
112   39.59759400    2.69689000  39.59757700    2.69688100 
112   39.59754900    2.69686500  39.59753200    2.69685600 
112   39.59750300    2.69687400  39.59748900    2.69688900 
112   39.59742700    2.69695600  39.59741300    2.69697100 
112   39.59738900    2.69700600  39.59737800    2.69702500 
111   39.59713500    2.69743100 
112   39.59702100    2.69762200  39.59701000    2.69764100 
112   39.59694500    2.69762600  39.59690500    2.69761000 
111   39.59694500    2.69762600
111   39.59698900    2.69772900 
111   39.59704600    2.69766600
112   39.59704600    2.69766600  39.59703700    2.69766300 
112   39.59704900    2.69763300  39.59706000    2.69761400 
112   39.59713100    2.69749600  39.59714200    2.69747700 
112   39.59716800    2.69749200  39.59718100    2.69750800 
112   39.59718100    2.69750800  39.59719400    2.69752400 
112   39.59721200    2.69756400  39.59721900    2.69758500 
114   39.59723200    2.69761600  39.59723900    2.69763700 

110  15 0.25  51.00 Apron path
112   39.60220100    2.70595300  39.60216000    2.70601000 53
111   39.60213400    2.70604600 
111   39.60220000    2.70612500 59
112   39.60226000    2.70604100  39.60230000    2.70598600 53
111   39.60233600    2.70598300 
111   39.60232200    2.70587000 
111   39.60224700    2.70584400
114   39.60224700    2.70584400  39.60225700    2.70586000 53

110  15 0.25  51.00 Apron path
112   39.60172800    2.70523200  39.60169100    2.70529400 59
111   39.60167300    2.70532500 
111   39.60174400    2.70539600 59
111   39.60179300    2.70531200 53
111   39.60185800    2.70531600 53
111   39.60175400    2.70545200 
111   39.60181900    2.70553300 59
111   39.60191700    2.70540300 59
111   39.60191700    2.70552200 53
111   39.60185900    2.70561300 
111   39.60192800    2.70568700 59
112   39.60198100    2.70560400  39.60201600    2.70554800 53
112   39.60206900    2.70557300  39.60209200    2.70560800 
111   39.60206900    2.70557300
111   39.60203400    2.70543000 
111   39.60194700    2.70536400 53
111   39.60200800    2.70528300 
111   39.60194300    2.70520200 59
111   39.60188700    2.70527600 59
111   39.60184100    2.70513700 
111   39.60174600    2.70508300
114   39.60174600    2.70508300  39.60177100    2.70512000 53

110  15 0.25  51.00 Apron path
112   39.60211100    2.70625500  39.60214600    2.70620300 59
111   39.60216500    2.70617700 
111   39.60209700    2.70610000 59
112   39.60204900    2.70617000  39.60201700    2.70621700 53
111   39.60198800    2.70621900 
111   39.60200000    2.70633000 
113   39.60207800    2.70636600 

110  15 0.25  51.00 Apron path
111   39.60172700    2.70581300 53
111   39.60166600    2.70590500 
111   39.60173300    2.70598100 59
111   39.60188900    2.70574900 
111   39.60182200    2.70567300 59
111   39.60175500    2.70577400 53
111   39.60175000    2.70567400 59
111   39.60179900    2.70560300 
111   39.60173100    2.70552600 59
112   39.60168700    2.70558900  39.60165800    2.70563200 53
111   39.60162600    2.70562500 
113   39.60164200    2.70574300 

110  15 0.25  51.00 Apron path
112   39.60128100    2.70407000  39.60131300    2.70403300 59
111   39.60132800    2.70401500 
111   39.60126800    2.70392800 59
112   39.60122100    2.70398200  39.60119000    2.70401800 53
112   39.60115900    2.70401300  39.60114900    2.70399800 
111   39.60115900    2.70401300
111   39.60117000    2.70411900 
111   39.60124500    2.70414300
114   39.60124500    2.70414300  39.60123700    2.70413100 53

110  15 0.25  51.00 Apron path
112   39.60111300    2.70426300  39.60108000    2.70430700 53
111   39.60106400    2.70432800 
111   39.60112900    2.70440900 59
112   39.60117500    2.70434700  39.60120600    2.70430600 53
112   39.60123600    2.70430800  39.60124600    2.70432300 
111   39.60123600    2.70430800
111   39.60122300    2.70420000 
111   39.60114900    2.70417700
114   39.60114900    2.70417700  39.60115800    2.70419000 53

110  15 0.25  51.00 Apron path
112   39.60116300    2.70389000  39.60119400    2.70385000 59
111   39.60120900    2.70383100 
111   39.60114500    2.70374900 59
112   39.60110200    2.70380500  39.60107300    2.70384200 53
112   39.60104200    2.70383500  39.60103100    2.70381800 
111   39.60104200    2.70383500
111   39.60105600    2.70394700 
111   39.60113000    2.70397000
114   39.60113000    2.70397000  39.60112100    2.70395700 53

110  15 0.25  51.00 Apron path
112   39.60100500    2.70409900  39.60097400    2.70414600 53
111   39.60095900    2.70417000 
111   39.60102700    2.70424500 59
112   39.60106800    2.70418100  39.60109600    2.70413900 53
112   39.60112300    2.70413700  39.60113200    2.70415000 
111   39.60112300    2.70413700
111   39.60111000    2.70402800 
111   39.60103600    2.70400700
114   39.60103600    2.70400700  39.60104600    2.70402100 53

110  15 0.25  51.00 Apron path
112   39.60104700    2.70371000  39.60107800    2.70366800 59
111   39.60109300    2.70364800 
111   39.60102800    2.70356800 59
112   39.60098500    2.70362600  39.60095600    2.70366500 53
112   39.60092700    2.70366200  39.60091700    2.70364700 
111   39.60092700    2.70366200
111   39.60094000    2.70377100 
111   39.60101300    2.70379100
114   39.60101300    2.70379100  39.60100500    2.70377900 53

110  15 0.25  51.00 Apron path
112   39.60088900    2.70392000  39.60086000    2.70396700 59
111   39.60084600    2.70399000 
111   39.60091600    2.70406300 59
112   39.60095400    2.70400100  39.60097900    2.70396000 53
112   39.60100700    2.70396200  39.60101700    2.70397700 
111   39.60100700    2.70396200
111   39.60099100    2.70384800 
111   39.60092000    2.70382900
114   39.60092000    2.70382900  39.60092900    2.70384200 53

110  15 0.25  51.00 Apron path
112   39.60092300    2.70352300  39.60095500    2.70348300 59
111   39.60097100    2.70346200 
111   39.60090800    2.70337900 59
112   39.60086200    2.70343700  39.60083100    2.70347500 53
112   39.60080300    2.70347500  39.60079400    2.70346200 
111   39.60080300    2.70347500
111   39.60081300    2.70357900 
111   39.60089400    2.70361200
114   39.60089400    2.70361200  39.60088100    2.70359300 53

110  15 0.25  51.00 Apron path
112   39.60078000    2.70375900  39.60075200    2.70381000 59
111   39.60073700    2.70383600 
111   39.60081100    2.70390300 59
112   39.60084700    2.70383800  39.60087000    2.70379500 53
112   39.60089400    2.70379100  39.60090200    2.70380300 
111   39.60089400    2.70379100
111   39.60087900    2.70367800 
111   39.60080100    2.70365000
114   39.60080100    2.70365000  39.60081500    2.70367100 53

110  15 0.25  51.00 Apron path
112   39.60080200    2.70333400  39.60083600    2.70329300 59
111   39.60085200    2.70327300 
111   39.60079000    2.70318900 59
112   39.60074100    2.70324800  39.60070900    2.70328800 53
112   39.60065600    2.70325200  39.60063100    2.70321500 
111   39.60065600    2.70325200
111   39.60068900    2.70339200 
111   39.60077100    2.70342500
114   39.60077100    2.70342500  39.60075800    2.70340600 53

110  15 0.25  51.00 Apron path
112   39.60065600    2.70356600  39.60062700    2.70361300 59
111   39.60061400    2.70363700 
111   39.60068500    2.70370900 59
112   39.60072200    2.70364700  39.60074700    2.70360600 53
112   39.60076900    2.70360100  39.60077600    2.70361100 
111   39.60076900    2.70360100
111   39.60075700    2.70349300 
111   39.60067700    2.70346300
114   39.60067700    2.70346300  39.60069200    2.70348400 53

110  15 0.25  51.00 Apron path
112   39.60305900    2.70780300  39.60306000    2.70786400 53
111   39.60306000    2.70789500 
111   39.60315000    2.70789200 59
112   39.60315000    2.70787000  39.60314900    2.70785500 59
112   39.60320000    2.70793100  39.60323400    2.70798700 59
111   39.60325000    2.70801500 
111   39.60332100    2.70794300 59
112   39.60321800    2.70777300  39.60318100    2.70771200 59
112   39.60323100    2.70760500  39.60327600    2.70755400 59
111   39.60332500    2.70749900 
111   39.60326700    2.70741100 59
112   39.60316100    2.70752900  39.60311600    2.70758000 53
112   39.60307100    2.70759300  39.60305600    2.70758500 
111   39.60307100    2.70759300
111   39.60302500    2.70769400
114   39.60302500    2.70769400  39.60304600    2.70770600 53

110  15 0.25  51.00 Apron path
112   39.60165700    2.70552800  39.60169000    2.70548200 59
111   39.60170500    2.70545900 
111   39.60163800    2.70538100 59
112   39.60159500    2.70544300  39.60156600    2.70548400 53
112   39.60151500    2.70544200  39.60149000    2.70540100 
111   39.60151500    2.70544200
111   39.60154900    2.70559500 
113   39.60162600    2.70562500 

110  15 0.25  51.00 Apron path
112   39.60202800    2.70611600  39.60206300    2.70606200 59
111   39.60208100    2.70603500 
111   39.60201300    2.70595900 59
112   39.60196500    2.70603100  39.60193400    2.70608000 53
112   39.60188500    2.70604900  39.60186300    2.70601200 
111   39.60188500    2.70604900
111   39.60191600    2.70619600 
113   39.60198800    2.70621900 

110  15 0.25  51.00 Apron path
112   39.60257600    2.70653300  39.60253300    2.70658600 53
111   39.60250200    2.70662400 
111   39.60256400    2.70670800 59
112   39.60263500    2.70662100  39.60267800    2.70656800 53
112   39.60273300    2.70659200  39.60275500    2.70662600 
111   39.60273300    2.70659200
111   39.60270300    2.70645700 
113   39.60261600    2.70641600 

110  15 0.25  51.00 Apron path
112   39.60247000    2.70637300  39.60242900    2.70642900 59
111   39.60240000    2.70646800 
111   39.60246500    2.70654800 59
112   39.60252800    2.70646300  39.60257000    2.70640600 53
111   39.60261600    2.70641600 
111   39.60259200    2.70629200 
113   39.60251500    2.70626300 

110  15 0.25  51.00 Apron path
112   39.60248400    2.70686500  39.60252100    2.70681300 59
111   39.60253900    2.70678600 
111   39.60247200    2.70670800 59
112   39.60242300    2.70677800  39.60239000    2.70682500 53
111   39.60235000    2.70681100 
111   39.60237100    2.70693900 
111   39.60246300    2.70700100
114   39.60246300    2.70700100  39.60244000    2.70696200 53

110  15 0.25  51.00 Apron path
112   39.60237900    2.70623000  39.60233700    2.70628500 53
111   39.60230800    2.70632400 
111   39.60237300    2.70640500 59
112   39.60243600    2.70632100  39.60247800    2.70626500 53
111   39.60251500    2.70626300 
111   39.60250200    2.70615000 
113   39.60242600    2.70612300 

110  15 0.25  51.00 Apron path
112   39.60238500    2.70670400  39.60242400    2.70665800 59
111   39.60244500    2.70663600 
111   39.60238500    2.70654900 59
112   39.60232700    2.70661500  39.60228800    2.70666000 53
111   39.60225400    2.70665800 
111   39.60226400    2.70676600 
113   39.60235000    2.70681100 

110  15 0.25  51.00 Apron path
112   39.60228800    2.70608900  39.60224500    2.70614300 53
111   39.60221700    2.70617900 
111   39.60228000    2.70626200 59
112   39.60234500    2.70618000  39.60238900    2.70612500 53
111   39.60242600    2.70612300 
111   39.60241500    2.70601200 
113   39.60233600    2.70598300 

110  15 0.25  51.00 Apron path
112   39.60229500    2.70655800  39.60233200    2.70650700 59
111   39.60235200    2.70648100 
111   39.60228700    2.70640100 59
112   39.60223500    2.70647200  39.60220000    2.70651900 53
111   39.60216800    2.70651800 
111   39.60217900    2.70663100 
113   39.60225400    2.70665800 

110  15 0.25  51.00 Apron path
112   39.60220900    2.70641500  39.60224600    2.70636200 59
111   39.60226300    2.70633600 
111   39.60219500    2.70625900 59
112   39.60214700    2.70632900  39.60211400    2.70637600 53
111   39.60207800    2.70636600 
111   39.60209600    2.70649200 
113   39.60216800    2.70651800 

120  Centreline for Taxi
111   39.60098400    2.70586100 51
112   39.60099841    2.70583858  39.60103680    2.70577886 51
112   39.60110835    2.70565417  39.60114326    2.70559094 51
112   39.60128465    2.70533483  39.60131955    2.70527161 51
112   39.60128083    2.70514892  39.60124338    2.70508820 51
112   39.60048417    2.70385708  39.60044672    2.70379636 51
112   39.60037079    2.70367601  39.60033265    2.70361602 51
112   39.59992321    2.70297199  39.59988507    2.70291200 51
112   39.59980947    2.70279130  39.59977178    2.70273083 51
112   39.59800653    2.69989870  39.59796884    2.69983823 51
112   39.59789672    2.69990196  39.59786121    2.69996460 51
112   39.59778328    2.70010204  39.59774776    2.70016468 51
112   39.59767489    2.70028816  39.59763814    2.70034960 51
115   39.59760800    2.70040000

120  Centreline for Taxi
111   39.60255400    2.70838000 51
112   39.60257710    2.70834332  39.60261503    2.70828311 51
112   39.60268257    2.70815483  39.60271495    2.70808939 51
112   39.60282243    2.70787217  39.60285481    2.70780672 51
112   39.60292550    2.70769050  39.60296183    2.70763483 51
112   39.60304050    2.70764000  39.60308083    2.70766200 51
116   39.60316911    2.70759686  39.60321451    2.70754609

120  Centreline for Path PARKING
111   39.60326200    2.70749300 51
112   39.60316911    2.70759686  39.60312370    2.70764762 51
112   39.60315645    2.70776483  39.60319341    2.70782604 51
115   39.60325800    2.70793300

120  Centreline for Path PARKING
111   39.60310400    2.70783500 51
112   39.60310316    2.70778963  39.60310172    2.70771188 51
116   39.60304050    2.70764000  39.60300017    2.70761800

120  Centreline for Path PARKING
111   39.60256600    2.70662600 51
112   39.60263784    2.70653737  39.60268128    2.70648379 51
116   39.60275200    2.70653100  39.60278467    2.70658033

120  Centreline for Path PARKING
111   39.60246400    2.70646600 51
112   39.60252993    2.70637638  39.60257131    2.70632013 51
116   39.60264750    2.70637450  39.60268450    2.70642950

120  Centreline for Path PARKING
111   39.60237200    2.70632300 51
112   39.60243924    2.70623352  39.60248108    2.70617784 51
116   39.60254700    2.70622100  39.60257700    2.70626833

120  Centreline for Path PARKING
111   39.60228100    2.70618000 51
112   39.60235035    2.70609306  39.60239345    2.70603902 51
116   39.60245850    2.70608100  39.60248750    2.70612700

120  Centreline for Path PARKING
111   39.60219800    2.70604300 51
112   39.60226077    2.70595542  39.60230159    2.70589847 51
116   39.60236850    2.70594100  39.60239950    2.70598833

120  Centreline for Path PARKING
111   39.60210900    2.70590500 51
112   39.60217104    2.70581774  39.60221168    2.70576058 51
116   39.60227700    2.70580100  39.60230700    2.70584700

120  Centreline for Path PARKING
111   39.60192200    2.70560500 51
112   39.60197656    2.70551974  39.60201485    2.70545991 51
116   39.60208600    2.70550900  39.60212067    2.70556167

120  Centreline for Path PARKING
111   39.60194400    2.70528400 51
115   39.60181800    2.70545100

120  Centreline for Path PARKING
111   39.60173600    2.70531400 51
112   39.60178616    2.70522944  39.60182272    2.70516781 51
116   39.60189941    2.70522568  39.60193835    2.70528479

120  Centreline for Path PARKING
111   39.60164100    2.70546300 51
112   39.60160930    2.70550848  39.60156910    2.70556616 51
116   39.60149600    2.70550550  39.60146067    2.70544583

120  Centreline for Path PARKING
111   39.60173500    2.70560800 51
112   39.60170191    2.70565603  39.60166197    2.70571401 51
116   39.60159550    2.70566900  39.60156450    2.70561967

120  Centreline for Path PARKING
111   39.60172900    2.70589900 51
115   39.60182600    2.70575500

120  Centreline for Path PARKING
111   39.60201800    2.70604100 51
112   39.60197438    2.70610729  39.60193546    2.70616643 51
116   39.60186700    2.70611350  39.60183433    2.70605850

120  Centreline for Path PARKING
111   39.60210100    2.70618200 51
112   39.60205960    2.70624266  39.60201987    2.70630089 51
116   39.60195800    2.70626300  39.60193000    2.70621833

120  Centreline for Path PARKING
111   39.60219900    2.70634100 51
112   39.60215559    2.70640465  39.60211586    2.70646288 51
116   39.60204800    2.70641100  39.60201600    2.70635700

120  Centreline for Path PARKING
111   39.60228800    2.70648300 51
112   39.60224111    2.70654666  39.60219970    2.70660289 51
116   39.60213750    2.70656150  39.60210983    2.70651517

120  Centreline for Path PARKING
111   39.60112800    2.70432700 51
112   39.60116038    2.70428371  39.60120213    2.70422790 51
116   39.60125400    2.70424650  39.60127467    2.70427750

120  Centreline for Path PARKING
111   39.60126400    2.70401000 51
112   39.60123703    2.70404127  39.60119234    2.70409309 51
116   39.60119650    2.70415950  39.60121417    2.70418650

120  Centreline for Path PARKING
111   39.60102200    2.70416300 51
112   39.60105194    2.70411707  39.60109065    2.70405769 51
116   39.60114000    2.70407350  39.60116000    2.70410383

120  Centreline for Path PARKING
111   39.60114500    2.70383100 51
112   39.60111943    2.70386433  39.60107714    2.70391944 51
116   39.60108300    2.70398750  39.60110100    2.70401450

120  Centreline for Path PARKING
111   39.60090900    2.70398100 51
112   39.60093484    2.70393909  39.60097228    2.70387836 51
116   39.60102350    2.70389750  39.60104517    2.70393050

120  Centreline for Path PARKING
111   39.60102900    2.70365000 51
112   39.60100207    2.70368661  39.60096069    2.70374287 51
116   39.60096550    2.70380950  39.60098250    2.70383517

120  Centreline for Path PARKING
111   39.60080000    2.70382200 51
112   39.60082686    2.70377304  39.60086162    2.70370968 51
116   39.60090950    2.70372450  39.60092983    2.70375550

120  Centreline for Path PARKING
111   39.60090700    2.70346100 51
112   39.60087761    2.70349789  39.60083454    2.70355196 51
116   39.60084600    2.70362850  39.60086800    2.70366150

120  Centreline for Path PARKING
111   39.60067700    2.70362700 51
112   39.60070195    2.70358522  39.60073865    2.70352374 51
116   39.60078500    2.70353600  39.60080367    2.70356467

120  Centreline for Path PARKING
111   39.60078800    2.70327100 51
112   39.60075444    2.70331202  39.60071081    2.70336534 51
116   39.60072300    2.70344250  39.60074567    2.70347617

120  Centreline for Path PARKING
111   39.60238100    2.70663100 51
112   39.60233118    2.70668848  39.60228639    2.70674016 51
116   39.60222150    2.70669850  39.60219317    2.70665350

120  Centreline for Path PARKING
111   39.60247500    2.70679000 51
112   39.60243135    2.70685254  39.60239112    2.70691018 51
116   39.60231750    2.70685250  39.60228183    2.70679483

120  Centreline for Taxi
112   39.59980947    2.70279130  39.59984716    2.70285177 51
112   39.59990924    2.70280743  39.59993807    2.70275772 51
116   39.60046876    2.70184257  39.60049759    2.70179286

120  Centreline for Taxi
112   39.60292550    2.70769050  39.60296183    2.70763483 51
112   39.60303359    2.70751333  39.60306932    2.70745089 51
112   39.60314841    2.70731267  39.60318414    2.70725022 51
112   39.60314388    2.70713000  39.60310513    2.70707067 51
112   39.60285912    2.70669400  39.60282037    2.70663467 51
112   39.60275200    2.70653100  39.60271933    2.70648167 51
112   39.60264750    2.70637450  39.60261050    2.70631950 51
112   39.60254700    2.70622100  39.60251700    2.70617367 51
112   39.60245850    2.70608100  39.60242950    2.70603500 51
112   39.60236850    2.70594100  39.60233750    2.70589367 51
112   39.60227700    2.70580100  39.60224700    2.70575500 51
112   39.60218500    2.70566000  39.60215367    2.70561200 51
112   39.60208600    2.70550900  39.60205133    2.70545633 51
112   39.60197559    2.70534132  39.60193665    2.70528221 51
112   39.60189941    2.70522568  39.60186047    2.70516656 51
112   39.60179200    2.70506250  39.60175933    2.70501283 51
112   39.60168466    2.70489925  39.60164576    2.70484008 51
112   39.60165934    2.70486075  39.60162045    2.70480158 51
112   39.60154790    2.70486613  39.60151250    2.70492889 51
112   39.60139010    2.70514587  39.60135470    2.70520862 51
112   39.60139000    2.70532800  39.60142533    2.70538667 51
112   39.60149600    2.70550550  39.60153133    2.70556517 51
112   39.60159550    2.70566900  39.60162650    2.70571833 51
112   39.60169786    2.70583440  39.60173510    2.70589534 51
112   39.60176214    2.70593960  39.60179938    2.70600053 51
112   39.60186700    2.70611350  39.60189967    2.70616850 51
112   39.60195800    2.70626300  39.60198600    2.70630767 51
112   39.60204800    2.70641100  39.60208000    2.70646500 51
112   39.60213750    2.70656150  39.60216517    2.70660783 51
112   39.60222150    2.70669850  39.60224983    2.70674350 51
112   39.60231750    2.70685250  39.60235317    2.70691017 51
112   39.60241550    2.70701650  39.60244517    2.70706817 51
112   39.60251548    2.70718579  39.60255247    2.70724699 51
112   39.60281552    2.70768221  39.60285251    2.70774340 51
116   39.60282243    2.70787217  39.60279005    2.70793761

120  Centreline for Taxi
112   39.60154790    2.70486613  39.60158330    2.70480338 51
112   39.60154266    2.70468325  39.60150376    2.70462408 51
112   39.60149434    2.70460975  39.60145545    2.70455058 51
112   39.60142250    2.70450100  39.60141350    2.70448767 51
112   39.60136900    2.70442050  39.60134233    2.70438017 51
112   39.60130700    2.70432650  39.60129233    2.70430417 51
112   39.60125400    2.70424650  39.60123333    2.70421550 51
112   39.60119650    2.70415950  39.60117883    2.70413250 51
112   39.60114000    2.70407350  39.60112000    2.70404317 51
112   39.60108300    2.70398750  39.60106500    2.70396050 51
112   39.60102350    2.70389750  39.60100183    2.70386450 51
112   39.60096550    2.70380950  39.60094850    2.70378383 51
112   39.60090950    2.70372450  39.60088917    2.70369350 51
112   39.60084600    2.70362850  39.60082400    2.70359550 51
112   39.60078500    2.70353600  39.60076633    2.70350733 51
112   39.60072300    2.70344250  39.60070033    2.70340883 51
112   39.60065850    2.70334550  39.60063817    2.70331450 51
116   39.60058433    2.70340097  39.60055522    2.70346895

120  Centreline for Taxi join
112   39.60241550    2.70701650  39.60238583    2.70696483 51
116   39.60243135    2.70685254  39.60247158    2.70679489

120  Centreline for Taxi
112   39.60304050    2.70764000  39.60300017    2.70761800 51
116   39.60303359    2.70751333  39.60306932    2.70745089

120  Centreline for Taxi join
112   39.60304050    2.70764000  39.60308083    2.70766200 51
116   39.60315645    2.70776483  39.60319341    2.70782604

120  Centreline for Path PARKING
112   39.60316911    2.70759686  39.60312370    2.70764762 51
116   39.60310316    2.70778963  39.60310460    2.70786739

120  Centreline for Path PARKING
112   39.60315645    2.70776483  39.60311948    2.70770361 51
116   39.60310316    2.70778963  39.60310460    2.70786739

120  Centreline for Taxi
112   39.59800263    2.69971342  39.59796754    2.69977647 51
116   39.59800653    2.69989870  39.59804422    2.69995917

120  Centreline for Taxi
112   39.59800263    2.69971342  39.59796754    2.69977647 51
116   39.59789672    2.69990196  39.59786121    2.69996460

120  Centreline for Taxi
112   39.59992321    2.70297199  39.59988507    2.70291200 51
116   39.59990924    2.70280743  39.59993807    2.70275772

120  Centreline for Taxi
112   39.60037079    2.70367601  39.60040893    2.70373600 51
116   39.60047167    2.70366403  39.60050078    2.70359605

120  Centreline for Taxi
112   39.60047167    2.70366403  39.60044256    2.70373201 51
116   39.60048417    2.70385708  39.60052162    2.70391780

120  Centreline for Taxi
112   39.60128083    2.70514892  39.60131828    2.70520964 51
116   39.60139010    2.70514587  39.60142550    2.70508311

120  Centreline for Taxi
112   39.60128083    2.70514892  39.60131828    2.70520964 51
116   39.60139000    2.70532800  39.60142533    2.70538667

120  Centreline for Taxi
112   39.60139010    2.70514587  39.60135470    2.70520862 51
116   39.60128465    2.70533483  39.60124974    2.70539806

120  Centreline for Taxi
112   39.60128465    2.70533483  39.60131955    2.70527161 51
116   39.60139000    2.70532800  39.60142533    2.70538667

120  Centreline for Taxi join
112   39.60264750    2.70637450  39.60268450    2.70642950 51
116   39.60263784    2.70653738  39.60259441    2.70659096

120  Centreline for Taxi
112   39.60165934    2.70486075  39.60162045    2.70480158 51
116   39.60154266    2.70468325  39.60150376    2.70462408

120  Centreline for Taxi join
112   39.60252993    2.70637638  39.60257131    2.70632013 51
116   39.60254700    2.70622100  39.60251700    2.70617367

120  Centreline for Taxi
112   39.60292550    2.70769050  39.60288917    2.70774617 51
116   39.60281552    2.70768221  39.60277853    2.70762101

120  Centreline for Taxi join
112   39.60243924    2.70623352  39.60248108    2.70617784 51
116   39.60245850    2.70608100  39.60242950    2.70603500

120  Centreline for Taxi join
112   39.60235035    2.70609306  39.60239345    2.70603902 51
116   39.60236850    2.70594100  39.60233750    2.70589367

120  Centreline for Taxi join
112   39.60226078    2.70595542  39.60230159    2.70589847 51
116   39.60227700    2.70580100  39.60224700    2.70575500

120  Centreline for Taxi join
112   39.60217104    2.70581774  39.60221168    2.70576058 51
116   39.60218500    2.70566000  39.60215367    2.70561200

120  Centreline for Taxi join
112   39.60197656    2.70551974  39.60201485    2.70545991 51
116   39.60197559    2.70534132  39.60193665    2.70528221

120  Centreline for Taxi join
112   39.60178616    2.70522944  39.60182272    2.70516781 51
116   39.60179200    2.70506250  39.60175933    2.70501283

120  Centreline for Taxi join
112   39.60160930    2.70550848  39.60156910    2.70556616 51
116   39.60159550    2.70566900  39.60162650    2.70571833

120  Centreline for Taxi join
112   39.60170191    2.70565603  39.60166197    2.70571401 51
116   39.60169786    2.70583440  39.60173510    2.70589534

120  Centreline for Taxi join
112   39.60197438    2.70610729  39.60193546    2.70616643 51
116   39.60195800    2.70626300  39.60198600    2.70630767

120  Centreline for Taxi join
112   39.60205960    2.70624266  39.60201987    2.70630089 51
116   39.60204800    2.70641100  39.60208000    2.70646500

120  Centreline for Taxi join
112   39.60215558    2.70640465  39.60211586    2.70646288 51
116   39.60213750    2.70656150  39.60216517    2.70660783

120  Centreline for Taxi join
112   39.60224111    2.70654666  39.60219970    2.70660289 51
116   39.60222150    2.70669850  39.60224983    2.70674350

120  Centreline for Taxi join
112   39.60233118    2.70668848  39.60228639    2.70674016 51
116   39.60231750    2.70685250  39.60235317    2.70691017

120  Centreline for Taxi join
112   39.60116039    2.70428370  39.60120213    2.70422790 51
116   39.60119650    2.70415950  39.60117883    2.70413250

120  Centreline for Taxi join
112   39.60123703    2.70404127  39.60119234    2.70409309 51
116   39.60114000    2.70407350  39.60112000    2.70404317

120  Centreline for Taxi join
112   39.60105194    2.70411707  39.60109065    2.70405769 51
116   39.60108300    2.70398750  39.60106500    2.70396050

120  Centreline for Taxi join
112   39.60111943    2.70386433  39.60107714    2.70391944 51
116   39.60102350    2.70389750  39.60100183    2.70386450

120  Centreline for Taxi join
112   39.60093484    2.70393909  39.60097228    2.70387836 51
116   39.60096550    2.70380950  39.60094850    2.70378383

120  Centreline for Taxi join
112   39.60100207    2.70368661  39.60096069    2.70374287 51
116   39.60090950    2.70372450  39.60088917    2.70369350

120  Centreline for Taxi join
112   39.60082686    2.70377303  39.60086162    2.70370968 51
116   39.60084600    2.70362850  39.60082400    2.70359550

120  Centreline for Taxi join
112   39.60087761    2.70349789  39.60083454    2.70355196 51
116   39.60078500    2.70353600  39.60076633    2.70350733

120  Centreline for Taxi join
112   39.60070194    2.70358522  39.60073865    2.70352374 51
116   39.60072300    2.70344250  39.60070033    2.70340883

120  Centreline for Taxi join
112   39.60065850    2.70334550  39.60067883    2.70337650 51
116   39.60075444    2.70331202  39.60079807    2.70325870

120  Taxi hold short
111   39.60108709    2.70578261 54
115   39.60102491    2.70571539

120  Taxi hold short
111   39.60266535    2.70828621 54
115   39.60260265    2.70821979

120  Taxi hold short
111   39.59776199    2.70022817 54
115   39.59769801    2.70016383

120  GA Ramp 35
111   39.60080342    2.70329222 51
115   39.60077258    2.70324978

120  GA Ramp 37
111   39.60104527    2.70367013 51
115   39.60101273    2.70362987

120  GA Ramp 38
111   39.60116094    2.70385157 51
115   39.60112906    2.70381043

120  GA Ramp 39
111   39.60127899    2.70403174 51
115   39.60124901    2.70398826

120  GA Ramp 36
111   39.60092264    2.70348195 51
115   39.60089136    2.70344005

120  GA Ramp 44
111   39.60111186    2.70430670 51
115   39.60114414    2.70434730

120  GA Ramp 45
111   39.60100483    2.70414417 51
115   39.60103917    2.70418183

120  GA Ramp 46
111   39.60089144    2.70396279 51
115   39.60092656    2.70399921

120  GA Ramp 47
111   39.60078167    2.70380509 51
115   39.60081833    2.70383891

120  GA Ramp 48
111   39.60065922    2.70360915 51
115   39.60069478    2.70364485

120  GA Ramp 50
111   39.60255050    2.70660487 51
115   39.60258150    2.70664713

120  GA Ramp 51
111   39.60244773    2.70644587 51
115   39.60248027    2.70648613

120  GA Ramp 52
111   39.60235590    2.70630265 51
115   39.60238810    2.70634335

120  GA Ramp 53
111   39.60226537    2.70615904 51
115   39.60229663    2.70620096

120  GA Ramp 54
111   39.60218153    2.70602315 51
115   39.60221447    2.70606285

120  GA Ramp 55
111   39.60209247    2.70588523 51
115   39.60212553    2.70592477

120  GA Ramp 57
111   39.60190470    2.70558638 51
115   39.60193930    2.70562362

120  GA Ramp 58
111   39.60180193    2.70543061 51
115   39.60183407    2.70547139

120  GA Ramp 59
111   39.60171818    2.70529622 51
115   39.60175382    2.70533178

120  GA Ramp 62
111   39.60249167    2.70680957 51
115   39.60245833    2.70677043

120  GA Ramp 63
111   39.60239595    2.70665278 51
115   39.60236605    2.70660922

120  GA Ramp 64
111   39.60230426    2.70650314 51
115   39.60227174    2.70646286

120  GA Ramp 65
111   39.60221584    2.70636032 51
115   39.60218216    2.70632168

120  GA Ramp 66
111   39.60211784    2.70620133 51
115   39.60208416    2.70616267

120  GA Ramp 67
111   39.60203511    2.70605993 51
115   39.60200089    2.70602207

120  GA Ramp 69
111   39.60184294    2.70577418 51
115   39.60180906    2.70573582

120  GA Ramp 70
111   39.60175177    2.70562743 51
115   39.60171823    2.70558857

120  GA Ramp 71
111   39.60165768    2.70548255 51
115   39.60162432    2.70544345

120  GA Ramp 73
111   39.60327668    2.70751508 51
115   39.60324732    2.70747092

120  GA Ramp 74
111   39.60324029    2.70795098 51
115   39.60327571    2.70791502

120  GA Ramp 75
111   39.60308151    2.70783570 51
115   39.60312649    2.70783430

110  02 0.25  51.00 Apron
111   39.59545800    2.69573600
111   39.59526400    2.69549300
111   39.59507700    2.69580600
113   39.59526100    2.69607200

110  02 0.25  51.00 Apron
111   39.60075200    2.70300700
111   39.60053600    2.70355200
111   39.60140200    2.70492000
113   39.60167300    2.70446500

110  02 0.25  51.00 Apron
111   39.60170800    2.70450000
111   39.60160500    2.70469100
111   39.60324400    2.70724300
113   39.60333400    2.70706600

110  02 0.25  51.00 Apron
111   39.60159700    2.70484500
111   39.60138500    2.70525100
111   39.60287600    2.70770300
113   39.60315400    2.70722800

110  01 0.25  51.00 Apron
111   39.60322400    2.70727700
111   39.60289700    2.70785500
111   39.60310300    2.70795700
111   39.60309400    2.70808000
111   39.60332200    2.70818300
111   39.60333200    2.70787400
111   39.60324100    2.70774100
113   39.60337000    2.70749200

110  02 0.25  51.00 Apron
111   39.60283200    2.70796900
111   39.60309400    2.70808000
111   39.60310100    2.70795500
113   39.60289800    2.70785700

110  14 0.25  51.00 Apron
111   39.60334000    2.70704300
111   39.60322300    2.70727300
111   39.60337500    2.70748600
113   39.60349600    2.70727300

110  02 0.25  51.00 Apron
111   39.60282600    2.70775300
111   39.60133200    2.70534500
111   39.60125100    2.70550900
111   39.60135200    2.70552200
111   39.60270500    2.70774000
113   39.60272900    2.70795700

110  02 0.25  51.00 Apron
111   39.60255600    2.70826800
111   39.60246100    2.70827400
111   39.60261500    2.70851600
113   39.60261200    2.70838400

110  02 0.25  51.00 Apron
111   39.60099700    2.70573100
111   39.60094900    2.70578100
111   39.60089300    2.70576900
111   39.60105100    2.70601000
111   39.60104700    2.70591100
113   39.60106400    2.70583400

110  02 0.25  51.00 Apron
111   39.60329800    2.70950900
111   39.59474400    2.69575200
111   39.59445300    2.69606800
113   39.60305800    2.70975900

110  01 0.25  51.00 Apron
111   39.60376400    2.70685900
111   39.60240300    2.70461800
111   39.60225000    2.70464500
111   39.60200700    2.70424100
111   39.60176400    2.70462700
111   39.60330500    2.70706500
111   39.60355500    2.70667800
113   39.60367300    2.70685000

110  14 0.25  51.00 Apron
111   39.60117300    2.70278000
111   39.60134100    2.70304200
111   39.60143600    2.70287700
113   39.60127700    2.70263500

110  02 0.25  51.00 Apron
111   39.60100700    2.70252400
111   39.60116800    2.70224300
111   39.60104000    2.70202200
113   39.60086500    2.70228400

110  02 0.25  51.00 Apron
111   39.60070000    2.70202800
111   39.60090600    2.70166600
111   39.60069500    2.70129200
113   39.60046300    2.70168600

110  02 0.25  51.00 Apron
111   39.59873000    2.69819800
111   39.59870000    2.69865900
111   39.59851700    2.69859300
111   39.59842600    2.69879700
111   39.59841600    2.69883600
111   39.59846100    2.69899400
111   39.59848000    2.69898500
111   39.59850400    2.69897600
111   39.59852500    2.69897600
111   39.59855200    2.69898000
111   39.59858300    2.69898500
111   39.59899800    2.69910100
111   39.59901900    2.69873500
111   39.59889200    2.69871400
113   39.59890600    2.69816600

110  01 0.25  51.00 Apron
111   39.59938000    2.69745300
111   39.59855400    2.69731900
111   39.59853300    2.69811600
113   39.59936500    2.69827600

110  02 0.25  51.00 Apron
111   39.60378800    2.70624200
111   39.60355900    2.70622000
111   39.60339700    2.70623400
111   39.60375400    2.70684900
113   39.60380400    2.70679800

110  01 0.25  51.00 Apron
111   39.60430400    2.70429200
111   39.60377400    2.70423200
111   39.60377300    2.70469900
113   39.60430000    2.70475900

110  01 0.25  51.00 Apron
111   39.60357700    2.70420000
111   39.60316500    2.70415000
111   39.60316100    2.70463400
113   39.60358400    2.70468500

110  01 0.25  51.00 Apron
111   39.60358500    2.70473300
111   39.60316700    2.70468300
111   39.60316100    2.70520300
113   39.60358200    2.70523800

110  01 0.25  51.00 Apron
111   39.60311500    2.70415100
111   39.60270300    2.70410100
111   39.60269900    2.70458500
113   39.60312600    2.70463400

110  01 0.25  51.00 Apron
111   39.60312700    2.70468300
111   39.60272200    2.70463800
111   39.60272200    2.70514900
113   39.60314300    2.70518900


99
