I
1000 Generated by WorldEditor

1   1594 0 0 LE87 Algodor
100 16.00 1 1 0.25 0 0 0 13  39.89650593 -003.87209678    0    0 1 0 0 0 31  39.89942007 -003.87624522    0    0 1 0 0 0
100 20.00 4 0 0.25 0 0 0 05  39.89912039 -003.87567171    0    0 0 0 0 0 23  39.90102761 -003.87241029    0    0 0 0 0 0
102 H1  39.89852500 -003.87545400 279.05 12.00 12.00 2 0 0 0.25 1
110 1 0.25 132.4300 Taxiway
111  39.89935400 -003.87626800
111  39.89929100 -003.87593700
112  39.89938700 -003.87612700  39.89939400 -003.87617300
112  39.89939700 -003.87619600  39.89940400 -003.87624200
113  39.89936700 -003.87632700
110 2 0.25 132.4300 Taxiway
111  39.89843400 -003.87679500
111  39.89840200 -003.87686500
111  39.89828000 -003.87676900
113  39.89831200 -003.87669900
110 2 0.25 132.4300 Taxiway
111  39.89851000 -003.87661900
111  39.89847800 -003.87669000
111  39.89835300 -003.87659500
113  39.89838500 -003.87652400
110 2 0.25 132.4300 Taxiway
111  39.89859100 -003.87643700
111  39.89855900 -003.87650800
111  39.89843300 -003.87641200
113  39.89846500 -003.87634100
110 2 0.25 132.4300 Taxiway
112  39.89647400 -003.87226000  39.89648800 -003.87222500
112  39.89652100 -003.87216000  39.89653800 -003.87212800
111  39.89652100 -003.87216000
111  39.89654200 -003.87222100
112  39.89654200 -003.87222100  39.89653600 -003.87223200
112  39.89651200 -003.87229000  39.89649800 -003.87232500
111  39.89645100 -003.87244300
113  39.89641100 -003.87241700
110 2 0.25 132.4300 Taxiway
112  39.89869700 -003.87534900  39.89869500 -003.87535600
112  39.89866500 -003.87543200  39.89864600 -003.87548000
112  39.89863600 -003.87550200  39.89861700 -003.87555000
112  39.89862100 -003.87558300  39.89863000 -003.87558800
112  39.89868200 -003.87564600  39.89871300 -003.87568300
112  39.89922800 -003.87628600  39.89925900 -003.87632300
112  39.89931200 -003.87628600  39.89933700 -003.87624900
111  39.89934800 -003.87623100
111  39.89939700 -003.87619600
112  39.89939700 -003.87619600  39.89940400 -003.87624200
112  39.89936700 -003.87632700  39.89934000 -003.87636800
112  39.89932200 -003.87639700  39.89929500 -003.87643800
112  39.89923400 -003.87640400  39.89920300 -003.87636700
112  39.89867300 -003.87574500  39.89864200 -003.87570800
112  39.89859600 -003.87575700  39.89857600 -003.87580200
111  39.89856600 -003.87582400
112  39.89849600 -003.87598100  39.89847500 -003.87602800
112  39.89849400 -003.87607700  39.89851400 -003.87609400
111  39.89852300 -003.87610200
111  39.89848800 -003.87617100
112  39.89846000 -003.87614700  39.89844100 -003.87613100
112  39.89840900 -003.87617300  39.89839300 -003.87620600
112  39.89841200 -003.87624700  39.89843000 -003.87626300
111  39.89844000 -003.87627200
111  39.89840400 -003.87634000
112  39.89837800 -003.87631600  39.89836100 -003.87630100
112  39.89834600 -003.87630600  39.89834200 -003.87631500
111  39.89834000 -003.87631900
112  39.89832100 -003.87636000  39.89830800 -003.87638700
112  39.89833100 -003.87642400  39.89835000 -003.87643900
111  39.89836000 -003.87644600
111  39.89832800 -003.87651600
112  39.89829900 -003.87649400  39.89828000 -003.87647900
111  39.89827000 -003.87647100
111  39.89826200 -003.87648800
112  39.89824500 -003.87652400  39.89823400 -003.87654800
112  39.89825700 -003.87658400  39.89827600 -003.87660000
111  39.89828500 -003.87660800
111  39.89825000 -003.87667700
112  39.89822300 -003.87665300  39.89820400 -003.87663800
112  39.89818900 -003.87664400  39.89818500 -003.87665300
111  39.89818200 -003.87665800
111  39.89815900 -003.87670900
112  39.89811300 -003.87680600  39.89809100 -003.87685300
112  39.89802700 -003.87683200  39.89799200 -003.87680300
111  39.89796400 -003.87678000
111  39.89799700 -003.87671000
112  39.89802800 -003.87673600  39.89804900 -003.87675300
111  39.89807400 -003.87673300
111  39.89808800 -003.87670300
111  39.89811300 -003.87665000
111  39.89805500 -003.87660200
111  39.89809000 -003.87653300
112  39.89811700 -003.87655600  39.89813600 -003.87657200
112  39.89815100 -003.87656600  39.89815500 -003.87655700
111  39.89815800 -003.87655200
112  39.89817500 -003.87651600  39.89818600 -003.87649200
112  39.89815600 -003.87645100  39.89813200 -003.87643200
111  39.89812100 -003.87642200
111  39.89815400 -003.87635300
112  39.89819000 -003.87638100  39.89821300 -003.87640000
111  39.89822500 -003.87641000
111  39.89823200 -003.87639400
112  39.89825200 -003.87635200  39.89826500 -003.87632400
112  39.89823500 -003.87627800  39.89821100 -003.87625700
111  39.89819800 -003.87624600
111  39.89823400 -003.87617800
112  39.89826900 -003.87620900  39.89829200 -003.87623000
112  39.89830900 -003.87622700  39.89831300 -003.87621800
111  39.89831500 -003.87621400
111  39.89839500 -003.87604400
111  39.89846500 -003.87588600
111  39.89849700 -003.87581500
111  39.89852900 -003.87574400
111  39.89855100 -003.87569400
112  39.89856100 -003.87563700  39.89855300 -003.87563200
112  39.89849400 -003.87558800  39.89845800 -003.87556000
112  39.89845100 -003.87555400  39.89841500 -003.87552600
112  39.89837200 -003.87547800  39.89835500 -003.87545500
111  39.89837200 -003.87547800
111  39.89832800 -003.87534800
112  39.89832800 -003.87534800  39.89834500 -003.87537100
112  39.89840700 -003.87542400  39.89844300 -003.87545200
112  39.89849700 -003.87549500  39.89853300 -003.87552300
112  39.89858000 -003.87546400  39.89859900 -003.87541500
112  39.89860700 -003.87539900  39.89862600 -003.87535000
112  39.89864500 -003.87529800  39.89865100 -003.87527900
112  39.89856900 -003.87514900  39.89851300 -003.87506800
111  39.89856900 -003.87514900
111  39.89874900 -003.87516500
111  39.89878500 -003.87545900
114  39.89878500 -003.87545900  39.89872800 -003.87537800
110 4 0.25 132.4300 Taxiway
112  39.89905700 -003.87557700  39.89906200 -003.87556700
111  39.89906400 -003.87556200
111  39.89921200 -003.87569600
112  39.89919400 -003.87573400  39.89918200 -003.87575900
112  39.89926100 -003.87589300  39.89931800 -003.87597400
111  39.89926100 -003.87589300
111  39.89903200 -003.87580900
111  39.89896500 -003.87547100
114  39.89896500 -003.87547100  39.89902200 -003.87555200
110 4 0.25 132.4300 Taxiway
112  39.89652100 -003.87216000  39.89653800 -003.87212800
112  39.89658000 -003.87215200  39.89660200 -003.87217900
111  39.89676700 -003.87238200
111  39.89670500 -003.87245800
112  39.89657900 -003.87225000  39.89656000 -003.87221900
112  39.89654200 -003.87222100  39.89653600 -003.87223200
112  39.89651200 -003.87229000  39.89649800 -003.87232500
111  39.89651200 -003.87229000
111  39.89647400 -003.87226000
114  39.89647400 -003.87226000  39.89648800 -003.87222500
110 4 0.25 132.4300 Taxiway
112  39.89838800 -003.87727100  39.89836800 -003.87725400
112  39.89838200 -003.87726600  39.89836200 -003.87724900
112  39.89833200 -003.87728000  39.89831900 -003.87730600
111  39.89813400 -003.87767800
111  39.89810400 -003.87765300
112  39.89830500 -003.87724900  39.89831800 -003.87722300
112  39.89830300 -003.87717300  39.89828800 -003.87714800
111  39.89825700 -003.87709600
111  39.89828500 -003.87706700
112  39.89833700 -003.87715400  39.89835200 -003.87717900
112  39.89838900 -003.87721700  39.89840900 -003.87723400
112  39.89839800 -003.87722400  39.89841800 -003.87724100
112  39.89846400 -003.87725000  39.89848800 -003.87725000
111  39.89857400 -003.87725000
111  39.89857400 -003.87729600
114  39.89845400 -003.87729600  39.89843000 -003.87729600
110 4 0.25 132.4300 Taxiway
112  39.89638900 -003.87247400  39.89640300 -003.87243900
111  39.89641100 -003.87241700
111  39.89645100 -003.87244300
112  39.89643100 -003.87249200  39.89641800 -003.87252500
112  39.89642600 -003.87258500  39.89643500 -003.87261400
112  39.89647400 -003.87274300  39.89648300 -003.87277200
112  39.89651300 -003.87282000  39.89653000 -003.87284300
112  39.89832800 -003.87534800  39.89834500 -003.87537100
112  39.89840700 -003.87542400  39.89844300 -003.87545200
111  39.89840700 -003.87542400
111  39.89845100 -003.87555400
112  39.89845100 -003.87555400  39.89841500 -003.87552600
112  39.89837200 -003.87547800  39.89835500 -003.87545500
112  39.89648300 -003.87284600  39.89646600 -003.87282300
112  39.89644400 -003.87276900  39.89643500 -003.87274000
114  39.89638200 -003.87256900  39.89637300 -003.87254000
110 2 0.25 132.4300 Apron
111  39.89841200 -003.87545000
111  39.89852400 -003.87518700
111  39.89854800 -003.87514300
111  39.89871900 -003.87535300
111  39.89845400 -003.87590900
111  39.89830000 -003.87577700
111  39.89839300 -003.87557100
111  39.89835900 -003.87552600
111  39.89836200 -003.87549800
113  39.89839300 -003.87547800
110 2 0.25 132.4300 Apron
111  39.89826700 -003.87690300
111  39.89816600 -003.87683000
111  39.89855500 -003.87597900
113  39.89865300 -003.87605300
110 2 0.25 132.4300 Apron
111  39.89794600 -003.87685500
111  39.89785300 -003.87678600
111  39.89819800 -003.87603800
113  39.89829000 -003.87611100
110 2 0.25 132.4300 Apron
111  39.89830100 -003.87613400
111  39.89818000 -003.87603100
111  39.89829900 -003.87578000
113  39.89841900 -003.87588100
110 2 0.25 132.4300 Apron
111  39.89853700 -003.87588800
111  39.89874300 -003.87606900
111  39.89874300 -003.87608700
111  39.89869000 -003.87620400
111  39.89866400 -003.87621600
111  39.89860300 -003.87616400
111  39.89865100 -003.87605000
111  39.89855100 -003.87598700
111  39.89851200 -003.87607100
111  39.89850200 -003.87605700
111  39.89851900 -003.87600800
111  39.89852100 -003.87599000
113  39.89850200 -003.87596600
110 4 0.25 132.4300 Apron
111  39.89850200 -003.87605600
111  39.89850800 -003.87609200
111  39.89816500 -003.87683000
111  39.89816600 -003.87683100
111  39.89822000 -003.87686600
111  39.89826700 -003.87690200
111  39.89826600 -003.87689900
111  39.89860200 -003.87617200
111  39.89866100 -003.87621400
111  39.89868400 -003.87621100
111  39.89874300 -003.87608900
111  39.89874000 -003.87606700
111  39.89853800 -003.87588300
111  39.89859300 -003.87575700
111  39.89870300 -003.87588200
111  39.89876000 -003.87594800
111  39.89877700 -003.87600700
111  39.89878800 -003.87606700
111  39.89878300 -003.87613700
111  39.89873200 -003.87630700
111  39.89865000 -003.87648800
111  39.89857400 -003.87663600
111  39.89847100 -003.87682000
111  39.89835300 -003.87696300
111  39.89831700 -003.87708600
111  39.89825500 -003.87711900
111  39.89816400 -003.87707100
111  39.89809300 -003.87703400
111  39.89802200 -003.87700400
111  39.89788400 -003.87693800
111  39.89782100 -003.87686400
111  39.89779500 -003.87666100
111  39.89782400 -003.87651400
111  39.89788900 -003.87628500
111  39.89797400 -003.87611800
111  39.89807400 -003.87593700
111  39.89812700 -003.87580800
111  39.89817300 -003.87576400
111  39.89819800 -003.87566100
111  39.89824900 -003.87557200
111  39.89835700 -003.87552800
111  39.89839100 -003.87557600
111  39.89817900 -003.87603300
111  39.89819100 -003.87605100
111  39.89786100 -003.87678700
111  39.89794500 -003.87685100
111  39.89828400 -003.87611100
111  39.89830100 -003.87612600
111  39.89842000 -003.87588500
111  39.89845700 -003.87589700
111  39.89849900 -003.87596300
113  39.89851600 -003.87599300
110 4 0.25 132.4300 Apron
111  39.89919700 -003.87573300
111  39.89908000 -003.87554500
111  39.90091600 -003.87243300
111  39.90100500 -003.87240400
111  39.90105500 -003.87244700
111  39.90106100 -003.87247600
113  39.90105500 -003.87250500
110 2 0.25 132.4300 Apron
111  39.89646300 -003.87215700
111  39.89672600 -003.87252600
111  39.89664900 -003.87252600
111  39.89658100 -003.87251100
111  39.89653100 -003.87250700
111  39.89648400 -003.87249200
111  39.89643900 -003.87247600
111  39.89641000 -003.87238400
111  39.89639500 -003.87231500
113  39.89640100 -003.87224900
110 4 0.25 132.4300 Apron
111  39.89848000 -003.87723900
111  39.89866600 -003.87682500
111  39.89883100 -003.87694900
111  39.89888800 -003.87700500
111  39.89872400 -003.87737800
113  39.89870200 -003.87739300
110 4 0.25 132.4300 Apron
111  39.89906400 -003.87558500
111  39.89913900 -003.87549000
111  39.89919900 -003.87558800
113  39.89914700 -003.87568700
110 4 0.25 132.4300 Apron
111  39.89918200 -003.87575400
111  39.89905800 -003.87558000
111  39.89908100 -003.87555500
113  39.89920000 -003.87572800
14  39.89972100 -003.87419700  32.00 0 Algodor Tower
1300  39.89842600 -003.87569900 340.59 misc props|helos GA Ramp  1
1300  39.89802800 -003.87661100 326.79 misc props|helos GA Ramp  2
19  39.89886323 -003.87472740 0 New Windsock 2
99
