I
1000	# Converted by FS2XPlane 3.26


1     2208 0 0 LE32 Villanueva del Pardillo
100  20.00 12 0 0.25 0 0 0 31   40.49861374   -3.99008577   0.0   0.0 0  0 0 0 13   40.50119826   -3.99354223   0.0   0.0 0  0 0 0
100  20.00  3 0 0.25 0 0 0 06   40.49963337   -3.99315295   0.0   0.0 0  0 0 0 24   40.50040663   -3.99115105   0.0   0.0 0  0 0 0
14    40.49871000   -3.99724600  121 0 Villanueva del Pardillo Tower

1300  40.50225400   -3.99354900 249.49 misc props|helos GA Ramp  1

1300  40.50177700   -3.99319900 158.84 misc props|helos GA Ramp  2

110  01 0.25 134.47 Taxiway
112   40.50284600   -3.99428300  40.50282100   -3.99426100 
112   40.50275700   -3.99420400  40.50273200   -3.99418200 
112   40.50267600   -3.99416000  40.50264700   -3.99415300 
112   40.50254200   -3.99412700  40.50251300   -3.99412000 
112   40.50245300   -3.99411800  40.50242300   -3.99411900 
111   40.50199200   -3.99413800 
111   40.50146700   -3.99413200 
112   40.50122700   -3.99411700  40.50119700   -3.99411500 
112   40.50113800   -3.99410300  40.50110900   -3.99409600 
111   40.50091900   -3.99404900 
112   40.50070500   -3.99397100  40.50067600   -3.99396000 
112   40.50062100   -3.99393000  40.50059400   -3.99391300 
111   40.50023200   -3.99368900 
111   40.49979700   -3.99336500 
112   40.49933900   -3.99302500  40.49931300   -3.99300600 
112   40.49925900   -3.99297300  40.49923200   -3.99295800 
112   40.49908100   -3.99287500  40.49905400   -3.99286000 
112   40.49899600   -3.99283800  40.49896700   -3.99282900 
111   40.49861800   -3.99271300 
111   40.49812100   -3.99253000 
111   40.49776300   -3.99236000 
111   40.49751200   -3.99223000 
111   40.49712200   -3.99207300 
111   40.49685700   -3.99197900 
111   40.49686900   -3.99192200 
111   40.49713400   -3.99201700 
111   40.49752600   -3.99217400 
111   40.49777900   -3.99230400 
111   40.49813500   -3.99247400 
111   40.49863000   -3.99265500 
112   40.49901000   -3.99278200  40.49903900   -3.99279100 
112   40.49909500   -3.99281900  40.49912200   -3.99283400 
112   40.49927900   -3.99291900  40.49930600   -3.99293400 
112   40.49935900   -3.99297100  40.49938500   -3.99299000 
111   40.49981900   -3.99331300 
111   40.50025200   -3.99363700 
112   40.50063700   -3.99387400  40.50066400   -3.99389100 
112   40.50072100   -3.99391500  40.50075000   -3.99392600 
111   40.50092900   -3.99399100 
112   40.50114400   -3.99404500  40.50117300   -3.99405200 
112   40.50123300   -3.99405900  40.50126300   -3.99406100 
111   40.50146900   -3.99407200 
111   40.50199200   -3.99407800 
112   40.50245700   -3.99405800  40.50248700   -3.99405700 
112   40.50254600   -3.99406700  40.50257500   -3.99407400 
112   40.50265500   -3.99409500  40.50268400   -3.99410200 
112   40.50269600   -3.99409100  40.50269400   -3.99408100 
111   40.50269600   -3.99409100
111   40.50273100   -3.99408400
112   40.50273100   -3.99408400  40.50273800   -3.99410700 
112   40.50277800   -3.99415100  40.50280300   -3.99417300 
112   40.50287600   -3.99423900  40.50290100   -3.99426100 
112   40.50294200   -3.99431700  40.50296100   -3.99434700 
111   40.50302800   -3.99444700 
111   40.50299400   -3.99448600 
114   40.50291200   -3.99436100  40.50289300   -3.99433100 

110  04 0.25 134.47 Taxiway
111   40.49892600   -3.99040800 
111   40.49878900   -3.99048800 
111   40.49889000   -3.99033100 
111   40.49890600   -3.99030700 
111   40.49890600   -3.99030700 
111   40.49896500   -3.99038600 
113   40.49892800   -3.99041200 

110  12 0.25 134.47 Taxiway
112   40.50042000   -3.99129400  40.50041900   -3.99132100 
111   40.50041800   -3.99133600 
111   40.50030200   -3.99125800 
112   40.50032900   -3.99122400  40.50034800   -3.99120100 
111   40.50035700   -3.99118900 
112   40.50035100   -3.99118300  40.50034700   -3.99118000 
112   40.50027200   -3.99113200  40.50022300   -3.99110100 
111   40.49955500   -3.99067600 
112   40.49910300   -3.99036500  40.49905500   -3.99033200 
112   40.49898000   -3.99036400  40.49894600   -3.99039600 
111   40.49892800   -3.99041200 
111   40.49888600   -3.99032200 
112   40.49895900   -3.99025400  40.49900300   -3.99021300 
112   40.49909700   -3.99024100  40.49914500   -3.99027400 
111   40.49959100   -3.99058200 
112   40.50031200   -3.99104000  40.50036100   -3.99107100 
112   40.50040900   -3.99110700  40.50042500   -3.99112100 
111   40.50043300   -3.99112800 
111   40.50083200   -3.99154900 
112   40.50115900   -3.99193400  40.50119900   -3.99198100 
112   40.50126100   -3.99209600  40.50128900   -3.99215700 
112   40.50148300   -3.99258700  40.50151100   -3.99264800 
112   40.50153600   -3.99279500  40.50154300   -3.99287300 
111   40.50154600   -3.99291100 
112   40.50155500   -3.99300600  40.50156100   -3.99306900 
111   40.50160800   -3.99309000 
111   40.50165200   -3.99307900 
111   40.50166800   -3.99331500 
111   40.50158100   -3.99333700 
112   40.50148000   -3.99335800  40.50147100   -3.99335700 
112   40.50148600   -3.99346000  40.50149900   -3.99352900 
112   40.50150900   -3.99358400  40.50152200   -3.99365300 
112   40.50158600   -3.99375700  40.50162500   -3.99380400 
112   40.50172400   -3.99383900  40.50177700   -3.99384700 
112   40.50174400   -3.99384200  40.50179700   -3.99385000 
112   40.50190500   -3.99385400  40.50195900   -3.99385400 
111   40.50210100   -3.99385300 
111   40.50218200   -3.99385300 
111   40.50222200   -3.99395900 
111   40.50214100   -3.99395900 
112   40.50214100   -3.99395900  40.50208700   -3.99395900 
112   40.50190100   -3.99396000  40.50184700   -3.99396000 
112   40.50174000   -3.99394800  40.50168700   -3.99394000 
112   40.50168800   -3.99394100  40.50163500   -3.99393300 
112   40.50154900   -3.99385700  40.50151000   -3.99380900 
112   40.50151500   -3.99381500  40.50147600   -3.99376700 
112   40.50143600   -3.99364000  40.50142300   -3.99357100 
112   40.50140200   -3.99345500  40.50138900   -3.99338600 
112   40.50122700   -3.99333200  40.50112400   -3.99331900 
111   40.50107300   -3.99331200 
111   40.50106800   -3.99329500 
111   40.50090100   -3.99331400 
111   40.50086400   -3.99292800
112   40.50086400   -3.99292800  40.50094800   -3.99304100 
112   40.50102400   -3.99308500  40.50104600   -3.99307600 
111   40.50123300   -3.99309500 
111   40.50138400   -3.99311700 
111   40.50136800   -3.99293900 
112   40.50134300   -3.99267300  40.50132800   -3.99251600 
112   40.50127900   -3.99234700  40.50125100   -3.99228600 
112   40.50119700   -3.99216400  40.50116900   -3.99210300 
112   40.50109500   -3.99200200  40.50105500   -3.99195500 
111   40.50078000   -3.99163100 
114   40.50048500   -3.99132000  40.50044300   -3.99127500 

110  12 0.25 134.47 Taxiway
112   40.50132900   -3.99424100  40.50131400   -3.99421700 
111   40.50124400   -3.99411000 
111   40.50127100   -3.99408000 
112   40.50135300   -3.99420700  40.50136800   -3.99423100 
112   40.50140500   -3.99427100  40.50142400   -3.99429000 
111   40.50166500   -3.99452300 
112   40.50173500   -3.99457800  40.50175600   -3.99459400 
112   40.50180200   -3.99460100  40.50182600   -3.99460000 
112   40.50184600   -3.99460100  40.50187000   -3.99460000 
112   40.50191500   -3.99458300  40.50193700   -3.99457200 
112   40.50196200   -3.99455800  40.50198400   -3.99454700 
112   40.50202300   -3.99451100  40.50204200   -3.99449100 
112   40.50206400   -3.99446400  40.50208300   -3.99444400 
112   40.50211700   -3.99440000  40.50213400   -3.99437700 
111   40.50234100   -3.99408900 
111   40.50236700   -3.99412100 
112   40.50214100   -3.99443400  40.50212400   -3.99445700 
112   40.50208800   -3.99449800  40.50206900   -3.99451800 
112   40.50204100   -3.99455100  40.50202200   -3.99457100 
112   40.50198000   -3.99459900  40.50195800   -3.99461100 
112   40.50192300   -3.99463000  40.50190100   -3.99464200 
112   40.50185400   -3.99464900  40.50183000   -3.99465000 
112   40.50179200   -3.99464900  40.50176800   -3.99465000 
112   40.50172500   -3.99462600  40.50170400   -3.99461000 
111   40.50164500   -3.99456300 
114   40.50138100   -3.99430500  40.50136200   -3.99428600 

110  12 0.25 134.47 Taxiway
112   40.50273100   -3.99408400  40.50273800   -3.99410700 
112   40.50277800   -3.99415100  40.50280300   -3.99417300 
111   40.50277800   -3.99415100
111   40.50275700   -3.99420400
112   40.50275700   -3.99420400  40.50273200   -3.99418200 
112   40.50267600   -3.99416000  40.50264700   -3.99415300 
111   40.50267600   -3.99416000
111   40.50265500   -3.99409500
112   40.50265500   -3.99409500  40.50268400   -3.99410200 
112   40.50269600   -3.99409100  40.50269400   -3.99408100 
112   40.50266600   -3.99404500  40.50264900   -3.99402400 
112   40.50264800   -3.99402400  40.50263100   -3.99400300 
112   40.50260600   -3.99395000  40.50259500   -3.99392200 
111   40.50252600   -3.99374200 
111   40.50240100   -3.99342200 
112   40.50227600   -3.99316700  40.50226300   -3.99314000 
112   40.50223300   -3.99309200  40.50221700   -3.99306900 
111   40.50210000   -3.99290400 
111   40.50171700   -3.99242800 
111   40.50131300   -3.99197900 
111   40.50079900   -3.99140500 
112   40.50050800   -3.99111300  40.50048900   -3.99109400 
112   40.50044600   -3.99106600  40.50042400   -3.99105400 
112   40.50032800   -3.99100500  40.50030600   -3.99099300 
112   40.50026300   -3.99096500  40.50024200   -3.99095000 
111   40.49995100   -3.99075100 
112   40.49970900   -3.99056400  40.49968800   -3.99054800 
112   40.49965500   -3.99050400  40.49964000   -3.99048000 
111   40.49949700   -3.99026000 
111   40.49932300   -3.99000500 
111   40.49904900   -3.98967200 
112   40.49884900   -3.98941400  40.49883200   -3.98939200 
112   40.49879400   -3.98935300  40.49877500   -3.98933400 
111   40.49856600   -3.98913300 
111   40.49858700   -3.98909500 
112   40.49881800   -3.98931700  40.49883700   -3.98933600 
112   40.49887300   -3.98937800  40.49889000   -3.98940000 
111   40.49907300   -3.98963800 
111   40.49934900   -3.98997100 
111   40.49952500   -3.99022800 
112   40.49967900   -3.99046800  40.49969400   -3.99049200 
112   40.49973300   -3.99052800  40.49975400   -3.99054400 
111   40.49996900   -3.99070900 
112   40.50027900   -3.99092300  40.50030000   -3.99093800 
112   40.50034400   -3.99096200  40.50036600   -3.99097300 
112   40.50046400   -3.99102500  40.50048600   -3.99103600 
112   40.50052600   -3.99107100  40.50054500   -3.99109000 
111   40.50082100   -3.99136900 
111   40.50133700   -3.99194300 
111   40.50174100   -3.99239200 
111   40.50212600   -3.99287000 
112   40.50226100   -3.99306200  40.50227700   -3.99308500 
112   40.50230500   -3.99313700  40.50231800   -3.99316400 
111   40.50243300   -3.99339800 
111   40.50255800   -3.99372000 
112   40.50263600   -3.99392200  40.50264700   -3.99395000 
112   40.50267800   -3.99399600  40.50269500   -3.99401700 
114   40.50269600   -3.99401900  40.50271300   -3.99404000 

110  01 0.25 134.47 Apron
111   40.50231800   -3.99396300
111   40.50231500   -3.99367600
111   40.50243400   -3.99367100
113   40.50244200   -3.99396000

110  01 0.25 134.47 Apron
111   40.50167000   -3.99282400
111   40.50167600   -3.99265400
111   40.50181600   -3.99266100
113   40.50181000   -3.99282800

110  01 0.25 134.47 Apron
111   40.50210400   -3.99322300
111   40.50192400   -3.99321100
111   40.50192700   -3.99303700
113   40.50211600   -3.99305400

110  12 0.25 134.47 Apron
111   40.50038000   -3.99260000
111   40.49857800   -3.99020500
111   40.49858100   -3.99016500
111   40.49861100   -3.99011400
111   40.49864800   -3.99006800
111   40.49867400   -3.99005000
111   40.49871700   -3.99006600
111   40.50048300   -3.99241800
113   40.50051300   -3.99246700

110  02 0.25 134.47 Apron
111   40.50190500   -3.99372200
111   40.50190900   -3.99357500
111   40.50213500   -3.99358100
113   40.50213200   -3.99373100

110  02 0.25 134.47 Apron
111   40.50191200   -3.99357000
111   40.50191600   -3.99344600
111   40.50213500   -3.99345200
113   40.50213700   -3.99357700

110  02 0.25 134.47 Apron
111   40.50204400   -3.99344700
111   40.50191900   -3.99344200
111   40.50192800   -3.99327200
113   40.50205600   -3.99328300

110  03 0.25 134.47 Apron
111   40.49955000   -3.99309200
111   40.50029300   -3.99117600
111   40.50030400   -3.99116900
111   40.50043800   -3.99125400
111   40.50044400   -3.99129600
111   40.49971200   -3.99319800
111   40.49969600   -3.99321900
113   40.49957100   -3.99312000


99
