I
1000 Generated by WorldEditor

1    739 0 0 LELH Alhama de Murcia
100 24.00 1 1 0.25 1 2 0 08  37.74956496 -001.29467624    0    0 3 0 0 0 26  37.74828904 -001.30832764    0    0 3 0 0 0
110 1 0.25 83.2700 Taxiway
112  37.75654500 -001.30482400  37.75662700 -001.30471300
111  37.75722800 -001.30390300
111  37.75735900 -001.30405900
112  37.75665900 -001.30500200  37.75657700 -001.30511300
112  37.75638300 -001.30528800  37.75628100 -001.30536800
112  37.75592400 -001.30564600  37.75582200 -001.30572600
112  37.75559600 -001.30582000  37.75547900 -001.30585600
112  37.75481700 -001.30606400  37.75470000 -001.30610000
112  37.75446300 -001.30614300  37.75434400 -001.30616000
111  37.75332500 -001.30630100
111  37.75212400 -001.30637400
111  37.75211600 -001.30614700
111  37.75331100 -001.30607500
112  37.75443100 -001.30591900  37.75455000 -001.30590200
112  37.75478500 -001.30584000  37.75490200 -001.30580400
112  37.75552600 -001.30560800  37.75564300 -001.30557200
112  37.75585400 -001.30543400  37.75595600 -001.30535400
114  37.75626900 -001.30511000  37.75637100 -001.30503000
110 1 0.25 83.2700 Taxiway
112  37.75001200 -001.30255800  37.75002100 -001.30246800
111  37.75007700 -001.30186900
111  37.75018400 -001.30188500
112  37.75012000 -001.30256000  37.75011100 -001.30265000
112  37.75011800 -001.30283100  37.75012500 -001.30292200
112  37.75014500 -001.30317900  37.75015200 -001.30327000
112  37.75018000 -001.30344800  37.75019600 -001.30353700
112  37.75029200 -001.30405200  37.75030800 -001.30414100
112  37.75031900 -001.30432100  37.75032100 -001.30441200
112  37.75032400 -001.30454100  37.75032600 -001.30463200
112  37.75027900 -001.30477900  37.75024700 -001.30484700
112  37.75035800 -001.30504400  37.75044200 -001.30515200
112  37.75042000 -001.30512500  37.75050400 -001.30523300
112  37.75056900 -001.30518900  37.75058400 -001.30512400
111  37.75059300 -001.30509100
112  37.75061500 -001.30497400  37.75063000 -001.30489500
112  37.75062600 -001.30467500  37.75061900 -001.30455400
112  37.75060900 -001.30437400  37.75060200 -001.30425300
112  37.75055800 -001.30401800  37.75053100 -001.30390100
112  37.75049800 -001.30375400  37.75047100 -001.30363700
112  37.75044900 -001.30339700  37.75044300 -001.30327600
112  37.75042800 -001.30297400  37.75042200 -001.30285300
112  37.75043000 -001.30261100  37.75043700 -001.30249000
111  37.75047000 -001.30194500
111  37.75061300 -001.30195800
112  37.75057400 -001.30261300  37.75056700 -001.30273400
112  37.75057200 -001.30297600  37.75057800 -001.30309700
112  37.75059100 -001.30336500  37.75059700 -001.30348600
112  37.75064000 -001.30372200  37.75066700 -001.30383900
112  37.75070000 -001.30398600  37.75072700 -001.30410300
112  37.75075100 -001.30434200  37.75075800 -001.30446300
112  37.75077200 -001.30468900  37.75077900 -001.30481000
112  37.75075700 -001.30500400  37.75074000 -001.30509300
111  37.75073100 -001.30513900
112  37.75069600 -001.30528700  37.75067300 -001.30538600
112  37.75078500 -001.30560600  37.75086800 -001.30571900
112  37.75099100 -001.30584900  37.75104500 -001.30589800
112  37.75119300 -001.30597400  37.75127400 -001.30600800
111  37.75131500 -001.30602500
112  37.75137100 -001.30604500  37.75140900 -001.30605900
112  37.75143100 -001.30588400  37.75143300 -001.30576300
112  37.75143500 -001.30560000  37.75143700 -001.30547900
112  37.75142400 -001.30523700  37.75141500 -001.30511600
111  37.75139400 -001.30483000
111  37.75128900 -001.30400200
111  37.75122800 -001.30337700
112  37.75121200 -001.30301100  37.75120700 -001.30289000
112  37.75122100 -001.30264800  37.75123200 -001.30252700
111  37.75126900 -001.30215800
111  37.75141200 -001.30218000
112  37.75136600 -001.30265400  37.75135400 -001.30277500
112  37.75135600 -001.30301700  37.75136100 -001.30313800
111  37.75137200 -001.30336100
111  37.75143100 -001.30397600
111  37.75153600 -001.30480600
112  37.75156800 -001.30523100  37.75157700 -001.30535200
112  37.75157900 -001.30559400  37.75157700 -001.30571500
111  37.75157000 -001.30621100
111  37.75157400 -001.30699200
112  37.75152000 -001.30785200  37.75151300 -001.30797300
112  37.75151300 -001.30821500  37.75151600 -001.30833600
111  37.75153300 -001.30916000
111  37.75164300 -001.31029600
111  37.75150000 -001.31031800
111  37.75138900 -001.30917400
112  37.75136900 -001.30821100  37.75136600 -001.30809000
112  37.75137600 -001.30784800  37.75138300 -001.30772700
111  37.75143000 -001.30698600
112  37.75142700 -001.30648400  37.75142600 -001.30636300
112  37.75137400 -001.30628300  37.75133900 -001.30627000
112  37.75130000 -001.30639800  37.75128500 -001.30648700
112  37.75114800 -001.30732500  37.75113300 -001.30741400
112  37.75112700 -001.30759500  37.75112800 -001.30768600
111  37.75113600 -001.30864600
111  37.75121900 -001.31029600
111  37.75111200 -001.31030400
111  37.75102800 -001.30865200
112  37.75101900 -001.30758100  37.75101800 -001.30749000
112  37.75104000 -001.30731100  37.75105500 -001.30722200
112  37.75119600 -001.30635700  37.75121100 -001.30626800
112  37.75114500 -001.30619200  37.75109600 -001.30617100
112  37.75102600 -001.30633500  37.75099600 -001.30645000
112  37.75086400 -001.30695900  37.75083400 -001.30707400
112  37.75081100 -001.30731400  37.75080600 -001.30743500
112  37.75075900 -001.30857600  37.75075400 -001.30869700
112  37.75076000 -001.30894000  37.75076600 -001.30906100
111  37.75083000 -001.31027300
111  37.75068600 -001.31028500
112  37.75061600 -001.30894200  37.75061000 -001.30882100
112  37.75061500 -001.30857800  37.75062000 -001.30845700
112  37.75066900 -001.30728000  37.75067400 -001.30715900
112  37.75072200 -001.30692500  37.75075200 -001.30681000
112  37.75089500 -001.30625600  37.75092500 -001.30614100
112  37.75089700 -001.30604400  37.75086800 -001.30601800
112  37.75080500 -001.30612700  37.75077200 -001.30620800
112  37.75049800 -001.30690000  37.75046500 -001.30698100
112  37.75043800 -001.30715800  37.75043100 -001.30724900
112  37.75035000 -001.30820500  37.75034300 -001.30829600
112  37.75034000 -001.30847700  37.75034100 -001.30856800
111  37.75035700 -001.31017100
111  37.75024900 -001.31017300
112  37.75023200 -001.30847100  37.75023100 -001.30838000
112  37.75024200 -001.30819900  37.75024900 -001.30810800
112  37.75033200 -001.30711800  37.75033900 -001.30702700
112  37.75039200 -001.30686000  37.75042500 -001.30677900
112  37.75071900 -001.30603900  37.75075200 -001.30595800
112  37.75067500 -001.30579100  37.75061300 -001.30570700
112  37.75051700 -001.30582600  37.75047400 -001.30593400
112  37.75031600 -001.30632300  37.75027300 -001.30643100
112  37.75021600 -001.30666100  37.75019300 -001.30677800
112  37.75004200 -001.30753800  37.75001900 -001.30765500
112  37.74999800 -001.30789600  37.74999200 -001.30801700
111  37.74995900 -001.30870700
111  37.74999200 -001.31005700
111  37.74984800 -001.31006300
111  37.74981500 -001.30870500
112  37.74985600 -001.30786800  37.74986200 -001.30774700
112  37.74990000 -001.30751000  37.74992300 -001.30739300
112  37.75008000 -001.30659700  37.75010300 -001.30648000
112  37.75018000 -001.30625900  37.75022300 -001.30615100
112  37.75041300 -001.30568500  37.75045600 -001.30557700
112  37.75035200 -001.30536100  37.75026800 -001.30525300
112  37.75028800 -001.30527800  37.75020400 -001.30517000
112  37.75013300 -001.30524700  37.75011400 -001.30533400
112  37.74967500 -001.30734200  37.74965600 -001.30742900
112  37.74963200 -001.30760800  37.74962300 -001.30769800
112  37.74951500 -001.30870400  37.74950600 -001.30879400
112  37.74949900 -001.30897500  37.74949800 -001.30906600
111  37.74948700 -001.30985100
111  37.74937900 -001.30984900
112  37.74939100 -001.30896500  37.74939200 -001.30887400
112  37.74940700 -001.30869400  37.74941600 -001.30860400
112  37.74952600 -001.30758000  37.74953500 -001.30749000
112  37.74956900 -001.30731400  37.74958800 -001.30722700
112  37.75004100 -001.30515300  37.75006000 -001.30506600
112  37.75000600 -001.30499600  37.74996300 -001.30497900
112  37.74991800 -001.30514900  37.74990200 -001.30526800
111  37.74980200 -001.30600000
111  37.74966000 -001.30596900
112  37.74977700 -001.30510800  37.74979300 -001.30498900
112  37.74962300 -001.30490000  37.74950400 -001.30488100
112  37.74927600 -001.30484300  37.74915700 -001.30482400
112  37.74908600 -001.30495000  37.74907800 -001.30504100
112  37.74878000 -001.30827900  37.74877200 -001.30837000
112  37.74855400 -001.30838400  37.74841100 -001.30836300
112  37.74839500 -001.30836000  37.74825200 -001.30833900
112  37.74820600 -001.30805800  37.74822300 -001.30787700
111  37.74820600 -001.30805800
111  37.74844600 -001.30781800
112  37.74844600 -001.30781800  37.74842900 -001.30799900
112  37.74855300 -001.30810900  37.74864200 -001.30812200
112  37.74869800 -001.30799300  37.74870600 -001.30790200
111  37.74900100 -001.30468400
111  37.74933000 -001.30139000
111  37.74936100 -001.30107000
111  37.74945200 -001.30011500
111  37.74948100 -001.29981000
111  37.74953900 -001.29927000
111  37.74956900 -001.29897700
111  37.74965400 -001.29809200
111  37.74968900 -001.29776500
112  37.74992900 -001.29514400  37.74993700 -001.29505300
112  37.74978900 -001.29498200  37.74968800 -001.29496500
112  37.74961300 -001.29522800  37.74959600 -001.29540900
111  37.74961300 -001.29522800
111  37.74942500 -001.29492000
112  37.74942500 -001.29492000  37.74944200 -001.29473900
112  37.74966400 -001.29468600  37.74980700 -001.29471100
112  37.74985900 -001.29471900  37.75000200 -001.29474400
112  37.75006100 -001.29489200  37.75005300 -001.29498300
112  37.74981200 -001.29761100  37.74980400 -001.29770200
112  37.74986700 -001.29782700  37.74991200 -001.29788000
112  37.75004100 -001.29792700  37.75011200 -001.29794000
111  37.75031800 -001.29797800
111  37.75070700 -001.29804400
112  37.75107600 -001.29810900  37.75114700 -001.29812200
112  37.75116900 -001.29826300  37.75116000 -001.29835300
111  37.75105100 -001.29937600
111  37.75097400 -001.30025000
112  37.75086600 -001.30136700  37.75085100 -001.30151800
112  37.75066600 -001.30156100  37.75054700 -001.30154000
111  37.75033800 -001.30150200
111  37.74993900 -001.30143500
112  37.74969400 -001.30139700  37.74957500 -001.30137800
112  37.74947500 -001.30140400  37.74944800 -001.30142700
112  37.74942100 -001.30157300  37.74941200 -001.30166300
112  37.74913300 -001.30445300  37.74912400 -001.30454300
112  37.74929800 -001.30461700  37.74941700 -001.30463600
112  37.74964600 -001.30467500  37.74976500 -001.30469400
112  37.74983600 -001.30452300  37.74984400 -001.30440200
111  37.74988500 -001.30380100
111  37.75002900 -001.30381600
112  37.74997800 -001.30456000  37.74997000 -001.30468100
112  37.75005300 -001.30477600  37.75011100 -001.30479900
112  37.75018000 -001.30472600  37.75020600 -001.30466900
112  37.75021600 -001.30450500  37.75021400 -001.30441400
112  37.75021100 -001.30433900  37.75020900 -001.30424800
112  37.75018400 -001.30407000  37.75016800 -001.30398100
112  37.75007400 -001.30347000  37.75005800 -001.30338100
112  37.75003900 -001.30320100  37.75003200 -001.30311000
114  37.75001000 -001.30282900  37.75000300 -001.30273800
111  37.74957500 -001.30020800
112  37.74957800 -001.30018100  37.74958100 -001.30016300
112  37.74956900 -001.30016100  37.74956000 -001.30016600
112  37.74954300 -001.30030400  37.74953400 -001.30039400
112  37.74948500 -001.30092000  37.74947600 -001.30101000
111  37.74947200 -001.30105500
112  37.74947600 -001.30106100  37.74947900 -001.30106400
112  37.74948300 -001.30103500  37.74948500 -001.30101400
111  37.74948700 -001.30100300
111  37.74952000 -001.30073100
113  37.74954700 -001.30046800
111  37.75072200 -001.29842100
111  37.75071500 -001.29848900
111  37.75070100 -001.29862500
111  37.75069300 -001.29870000
111  37.75068600 -001.29877500
111  37.75067200 -001.29891100
111  37.75066500 -001.29897700
111  37.75065800 -001.29904400
111  37.75064200 -001.29917900
111  37.75063900 -001.29920800
112  37.75074200 -001.29925500  37.75081300 -001.29926700
112  37.75084400 -001.29927200  37.75091500 -001.29928400
112  37.75096500 -001.29915500  37.75097400 -001.29906500
112  37.75104700 -001.29837900  37.75105600 -001.29828900
112  37.75095400 -001.29822500  37.75088300 -001.29821200
112  37.75085300 -001.29820800  37.75078200 -001.29819500
111  37.75074400 -001.29820400
111  37.75074300 -001.29821900
113  37.75072900 -001.29835400
111  37.75062900 -001.29826600
112  37.75063400 -001.29821800  37.75063700 -001.29818600
112  37.75053200 -001.29815200  37.75046100 -001.29814000
112  37.75046200 -001.29813900  37.75039100 -001.29812700
111  37.75035200 -001.29813900
111  37.75035000 -001.29815700
111  37.75033200 -001.29829100
111  37.75032400 -001.29835500
111  37.75031500 -001.29841900
111  37.75029900 -001.29855400
111  37.75029200 -001.29862200
111  37.75028500 -001.29869000
111  37.75027100 -001.29882500
111  37.75026400 -001.29889600
111  37.75025600 -001.29896800
111  37.75024300 -001.29910300
111  37.75024000 -001.29913300
112  37.75034400 -001.29918300  37.75041500 -001.29919600
112  37.75042100 -001.29919800  37.75049200 -001.29921100
112  37.75053700 -001.29915500  37.75054300 -001.29911300
111  37.75054500 -001.29909200
111  37.75057100 -001.29882500
113  37.75060100 -001.29853700
111  37.75023500 -001.29820300
112  37.75024200 -001.29815300  37.75024600 -001.29811900
112  37.75014100 -001.29808300  37.75007000 -001.29807000
112  37.75005800 -001.29806700  37.74998700 -001.29805400
111  37.74994500 -001.29808100
111  37.74993900 -001.29811500
111  37.74992000 -001.29824900
111  37.74991400 -001.29831200
111  37.74990700 -001.29837400
111  37.74989200 -001.29850900
111  37.74988500 -001.29857400
111  37.74987700 -001.29864000
111  37.74986200 -001.29877500
111  37.74985600 -001.29883700
111  37.74985000 -001.29890000
111  37.74983600 -001.29903500
111  37.74983300 -001.29906100
112  37.74993700 -001.29910700  37.75000800 -001.29912000
112  37.75002300 -001.29912300  37.75009400 -001.29913600
112  37.75013600 -001.29908000  37.75014000 -001.29903800
111  37.75014200 -001.29901700
111  37.75017000 -001.29873900
113  37.75020000 -001.29846600
111  37.74997400 -001.30028200
112  37.74998000 -001.30023400  37.74998300 -001.30020100
111  37.74987500 -001.30016400
111  37.74976500 -001.30014400
111  37.74972900 -001.30046700
111  37.74970100 -001.30073000
111  37.74969200 -001.30081000
111  37.74965100 -001.30116100
111  37.74976200 -001.30117900
112  37.74987900 -001.30114400  37.74988300 -001.30110900
113  37.74988500 -001.30109100
111  37.74982000 -001.29816200
112  37.74982600 -001.29813000  37.74982900 -001.29810900
112  37.74979500 -001.29812200  37.74977100 -001.29813800
112  37.74974500 -001.29828000  37.74973600 -001.29837000
112  37.74969300 -001.29882200  37.74968400 -001.29891200
112  37.74970500 -001.29898400  37.74972200 -001.29900300
112  37.74973300 -001.29898100  37.74973500 -001.29896000
111  37.74973600 -001.29895000
111  37.74976200 -001.29868900
113  37.74979400 -001.29842300
111  37.75056400 -001.29936200
111  37.75016900 -001.29928800
112  37.74988700 -001.29923600  37.74981600 -001.29922300
112  37.74971200 -001.29926800  37.74966700 -001.29930300
112  37.74962800 -001.29945600  37.74961800 -001.29954600
112  37.74960700 -001.29966000  37.74959700 -001.29975000
112  37.74963300 -001.29984600  37.74966000 -001.29988000
112  37.74985100 -001.29993000  37.74997000 -001.29995200
111  37.75010000 -001.29997700
111  37.75050000 -001.30005000
112  37.75068100 -001.30008300  37.75080200 -001.30010500
112  37.75087600 -001.29998100  37.75088500 -001.29989100
112  37.75092200 -001.29956000  37.75093100 -001.29947000
114  37.75082900 -001.29940700  37.75075800 -001.29939500
111  37.75056300 -001.30029100
111  37.75054000 -001.30049500
111  37.75053800 -001.30051700
111  37.75053500 -001.30054000
111  37.75051000 -001.30076500
111  37.75050700 -001.30078700
111  37.75050500 -001.30080900
111  37.75048000 -001.30103400
111  37.75047800 -001.30105700
111  37.75047500 -001.30107900
111  37.75045200 -001.30129200
111  37.75057100 -001.30131400
112  37.75071500 -001.30111000  37.75073200 -001.30096000
112  37.75077600 -001.30055900  37.75079300 -001.30040900
113  37.75068200 -001.30031200
111  37.75037500 -001.30034800
112  37.75038000 -001.30030300  37.75038300 -001.30027300
111  37.75027400 -001.30023800
111  37.75016300 -001.30021800
111  37.75014000 -001.30042500
111  37.75011500 -001.30065000
111  37.75010000 -001.30078600
111  37.75007500 -001.30101100
111  37.75005200 -001.30122400
111  37.75016300 -001.30124300
112  37.75027900 -001.30121000  37.75028300 -001.30117500
111  37.75028500 -001.30115800
111  37.75031500 -001.30088700
113  37.75034500 -001.30062000
110 1 0.25 83.2700 Taxiway
112  37.75101000 -001.30454400  37.75099900 -001.30445400
111  37.75094000 -001.30397500
112  37.75084000 -001.30314400  37.75082900 -001.30305400
112  37.75083300 -001.30287300  37.75083900 -001.30278200
111  37.75088900 -001.30205100
111  37.75099600 -001.30206300
112  37.75094100 -001.30286900  37.75093500 -001.30296000
112  37.75094800 -001.30314000  37.75095900 -001.30323000
111  37.75104600 -001.30395500
112  37.75111800 -001.30453200  37.75112900 -001.30462200
112  37.75113700 -001.30480300  37.75113800 -001.30489400
111  37.75114700 -001.30548300
111  37.75103900 -001.30548500
114  37.75102900 -001.30481500  37.75102800 -001.30472400
110 1 0.25 83.2700 Apron
111  37.75116000 -001.29790900
111  37.75101800 -001.29950900
111  37.74980200 -001.29933000
111  37.74973900 -001.29933000
111  37.74966800 -001.29937400
111  37.74961300 -001.29940400
111  37.74981000 -001.29732500
111  37.74983800 -001.29741500
111  37.74986500 -001.29748000
111  37.74993300 -001.29759500
111  37.75002700 -001.29769400
113  37.75009500 -001.29771900
110 1 0.25 83.2700 Apron
111  37.75032400 -001.29989500
111  37.75036700 -001.29939400
111  37.75101800 -001.29949900
113  37.75097700 -001.30000200
110 3 0.25 83.2700 Apron
111  37.74893400 -001.30899800
111  37.74892700 -001.30912900
111  37.74889900 -001.30918100
111  37.74880900 -001.30918100
111  37.74797700 -001.30906700
111  37.74793500 -001.30902300
111  37.74790000 -001.30893600
111  37.74791400 -001.30874400
111  37.74792900 -001.30849200
111  37.74920300 -001.29475600
111  37.74931600 -001.29401800
111  37.74946200 -001.29392500
111  37.74960100 -001.29395900
111  37.74974100 -001.29400900
111  37.74984800 -001.29396700
111  37.74993400 -001.29406000
111  37.74998000 -001.29420300
111  37.75028100 -001.29483100
111  37.75026600 -001.29513100
111  37.75010800 -001.29507600
111  37.75005200 -001.29498900
111  37.74980600 -001.29766300
111  37.75013000 -001.29774700
111  37.74959100 -001.30141500
111  37.74894100 -001.30860400
113  37.74894100 -001.30882300
110 1 0.25 83.2700 Apron
111  37.75700300 -001.29847300
111  37.75666800 -001.29873900
111  37.75636100 -001.29895100
111  37.75590900 -001.29922700
111  37.75543500 -001.29947600
111  37.75498500 -001.29967700
111  37.75454900 -001.29982600
111  37.75397800 -001.29996100
111  37.75359600 -001.30003200
111  37.75331600 -001.30006100
111  37.75280000 -001.30007300
111  37.75228000 -001.30005900
111  37.75226800 -001.29999500
111  37.75288200 -001.30001300
111  37.75338400 -001.29999000
111  37.75372700 -001.29994500
111  37.75414700 -001.29984800
111  37.75441200 -001.29979100
111  37.75477200 -001.29968000
111  37.75499800 -001.29959600
111  37.75529300 -001.29947000
111  37.75547200 -001.29938100
111  37.75565200 -001.29928400
111  37.75588900 -001.29915800
111  37.75609500 -001.29903400
111  37.75629500 -001.29891500
111  37.75642700 -001.29881900
111  37.75664700 -001.29866600
111  37.75684700 -001.29852800
113  37.75697000 -001.29841200
110 3 0.25 83.2700 Apron
111  37.75696300 -001.29842000
111  37.75665000 -001.29867600
111  37.75643100 -001.29882500
111  37.75630000 -001.29891300
111  37.75610000 -001.29903600
111  37.75589500 -001.29916500
111  37.75566000 -001.29929400
111  37.75547400 -001.29938500
111  37.75530300 -001.29946600
111  37.75499600 -001.29959700
111  37.75477700 -001.29967500
111  37.75441700 -001.29978400
111  37.75414900 -001.29985700
111  37.75375900 -001.29994700
111  37.75327400 -001.30000400
111  37.75287700 -001.30001600
111  37.75229800 -001.29999900
111  37.75224500 -001.29998300
111  37.75224200 -001.29995600
111  37.75227300 -001.29993800
111  37.75240700 -001.29994800
111  37.75261100 -001.29996000
111  37.75281700 -001.29995600
111  37.75309500 -001.29995600
111  37.75339500 -001.29993000
111  37.75362800 -001.29990200
111  37.75388800 -001.29984400
111  37.75416500 -001.29979000
111  37.75439500 -001.29972900
111  37.75461800 -001.29966400
111  37.75493300 -001.29956200
111  37.75523900 -001.29943400
111  37.75558700 -001.29926200
111  37.75584700 -001.29912400
111  37.75606200 -001.29899400
111  37.75642100 -001.29873900
111  37.75672100 -001.29854700
111  37.75694400 -001.29836500
113  37.75695700 -001.29839900
110 1 0.25 83.2700 Apron
111  37.75328700 -001.29602900
111  37.75324900 -001.29604200
111  37.75318400 -001.29607700
111  37.75312300 -001.29617100
111  37.75309000 -001.29623400
111  37.75303900 -001.29630800
111  37.75293500 -001.29642800
111  37.75282900 -001.29652400
111  37.75272500 -001.29660800
111  37.75264900 -001.29665000
111  37.75255200 -001.29669100
111  37.75242300 -001.29671300
111  37.75231600 -001.29673000
111  37.75217400 -001.29673600
111  37.75201800 -001.29671100
111  37.75188000 -001.29666300
111  37.75182600 -001.29655600
111  37.75188100 -001.29658600
111  37.75195400 -001.29661600
111  37.75205300 -001.29664700
111  37.75217900 -001.29666200
111  37.75232100 -001.29665400
111  37.75242900 -001.29663900
111  37.75255100 -001.29660600
111  37.75267600 -001.29654600
111  37.75278700 -001.29645700
111  37.75287000 -001.29638500
111  37.75297300 -001.29626700
111  37.75303700 -001.29617700
111  37.75309900 -001.29607700
111  37.75316600 -001.29599700
111  37.75324200 -001.29595900
113  37.75328300 -001.29595100
110 1 0.25 83.2700 Apron
111  37.75308600 -001.29483000
111  37.75300300 -001.29481900
111  37.75292300 -001.29479100
111  37.75286600 -001.29474000
111  37.75280200 -001.29467300
111  37.75275200 -001.29460500
111  37.75260200 -001.29447300
111  37.75243500 -001.29437500
111  37.75228300 -001.29433600
111  37.75211300 -001.29430800
111  37.75191400 -001.29430900
111  37.75173800 -001.29435900
111  37.75154700 -001.29446200
111  37.75137800 -001.29462800
111  37.75123200 -001.29484000
111  37.75113800 -001.29501900
111  37.75106300 -001.29495400
111  37.75113500 -001.29479300
111  37.75123200 -001.29464100
111  37.75133700 -001.29452300
111  37.75144900 -001.29439600
111  37.75156600 -001.29430800
111  37.75170900 -001.29424000
111  37.75188200 -001.29419300
111  37.75212400 -001.29418300
111  37.75229600 -001.29420000
111  37.75245400 -001.29424500
111  37.75264300 -001.29435400
111  37.75278200 -001.29447900
111  37.75287900 -001.29458700
111  37.75297500 -001.29467700
113  37.75307100 -001.29474600
110 3 0.25 83.2700 Apron
111  37.75037000 -001.29514500
111  37.75023400 -001.29511100
111  37.75027100 -001.29482100
111  37.75011900 -001.29470200
111  37.75002100 -001.29453100
111  37.74990600 -001.29418200
111  37.74981200 -001.29398400
111  37.74969700 -001.29401700
111  37.74941500 -001.29392500
111  37.74928400 -001.29399100
111  37.74931000 -001.29378600
111  37.75040700 -001.29383900
111  37.75047500 -001.29389200
111  37.75048000 -001.29395100
113  37.75047500 -001.29406300
110 2 0.25 83.2700 Apron
111  37.75105000 -001.29501400
111  37.75096500 -001.29523900
111  37.75093300 -001.29540000
111  37.75090700 -001.29555000
111  37.75089600 -001.29564700
111  37.75086600 -001.29555200
111  37.75083100 -001.29549000
111  37.75075500 -001.29545300
111  37.75047000 -001.29540500
111  37.75013000 -001.29535200
111  37.75009100 -001.29536500
111  37.75004900 -001.29539000
111  37.74999700 -001.29544700
111  37.75004400 -001.29497800
111  37.75008400 -001.29503400
111  37.75012300 -001.29507500
111  37.75015600 -001.29509700
111  37.75049400 -001.29515400
111  37.75077100 -001.29519500
111  37.75084600 -001.29519200
113  37.75091700 -001.29514000
110 1 0.25 83.2700 Apron
111  37.75694200 -001.29837600
111  37.75668100 -001.29857600
111  37.75636100 -001.29879300
111  37.75603100 -001.29902200
111  37.75565500 -001.29922800
111  37.75523100 -001.29944700
111  37.75490300 -001.29958100
111  37.75444900 -001.29971800
111  37.75398400 -001.29983200
111  37.75365400 -001.29990900
111  37.75326000 -001.29995500
111  37.75277800 -001.29996400
111  37.75228700 -001.29993600
111  37.75226400 -001.29993900
111  37.75222400 -001.29991300
111  37.75222900 -001.29990000
111  37.75224900 -001.29987200
111  37.75247500 -001.29987800
111  37.75293100 -001.29989500
111  37.75331900 -001.29987600
111  37.75367100 -001.29983000
111  37.75405500 -001.29974400
111  37.75445400 -001.29964300
111  37.75481800 -001.29953400
111  37.75508300 -001.29943300
111  37.75552400 -001.29923300
111  37.75597300 -001.29898000
111  37.75622200 -001.29881400
111  37.75651600 -001.29863800
111  37.75665500 -001.29855200
111  37.75688700 -001.29837200
111  37.75690500 -001.29832600
111  37.75693500 -001.29833800
113  37.75693700 -001.29834900
110 1 0.25 83.2700 Apron
111  37.75097400 -001.29568800
111  37.75098700 -001.29601900
111  37.75104500 -001.29627600
111  37.75114200 -001.29648100
111  37.75126300 -001.29663400
111  37.75148300 -001.29685500
111  37.75147300 -001.29695700
111  37.75140300 -001.29698300
111  37.75130600 -001.29687200
111  37.75119400 -001.29674300
111  37.75105800 -001.29654100
111  37.75095600 -001.29632700
111  37.75088800 -001.29604400
111  37.75087700 -001.29571000
111  37.75090100 -001.29542900
111  37.75096800 -001.29519300
111  37.75106300 -001.29494000
111  37.75114100 -001.29502100
111  37.75107400 -001.29522600
113  37.75101000 -001.29544000
110 1 0.25 83.2700 Apron
111  37.75297800 -001.29543800
111  37.75293300 -001.29561400
111  37.75286000 -001.29575600
111  37.75274300 -001.29589900
111  37.75257000 -001.29603900
111  37.75239200 -001.29609700
111  37.75216500 -001.29613100
111  37.75175600 -001.29605200
111  37.75171900 -001.29602800
111  37.75173800 -001.29591600
111  37.75213100 -001.29599600
111  37.75234700 -001.29598400
111  37.75250300 -001.29593500
111  37.75267200 -001.29579900
111  37.75282900 -001.29559900
111  37.75290500 -001.29532100
111  37.75294100 -001.29496400
111  37.75293100 -001.29477800
111  37.75306700 -001.29482100
111  37.75304100 -001.29501500
113  37.75301400 -001.29523900
110 1 0.25 83.2700 Apron
111  37.75594800 -001.29768800
111  37.75598900 -001.29802600
111  37.75597800 -001.29830300
111  37.75592600 -001.29850400
111  37.75578500 -001.29888500
111  37.75562800 -001.29906000
111  37.75544900 -001.29913200
111  37.75530000 -001.29914000
111  37.75510900 -001.29913100
111  37.75498900 -001.29916300
111  37.75491600 -001.29921300
111  37.75484400 -001.29930500
111  37.75478100 -001.29936800
111  37.75469200 -001.29943800
111  37.75458400 -001.29950400
111  37.75448500 -001.29953000
111  37.75431000 -001.29955100
111  37.75417800 -001.29954200
111  37.75418900 -001.29946200
111  37.75445100 -001.29945700
111  37.75460600 -001.29939800
111  37.75472900 -001.29931100
111  37.75484800 -001.29918500
111  37.75494800 -001.29910300
111  37.75507800 -001.29907700
111  37.75529000 -001.29908200
111  37.75543900 -001.29907300
111  37.75559900 -001.29900200
111  37.75575000 -001.29883500
111  37.75585500 -001.29855300
111  37.75591700 -001.29828600
111  37.75593000 -001.29803100
111  37.75589300 -001.29770900
111  37.75578600 -001.29722600
111  37.75568600 -001.29687200
111  37.75549500 -001.29656300
111  37.75529100 -001.29630100
111  37.75492900 -001.29588500
111  37.75467700 -001.29559000
111  37.75471700 -001.29553800
111  37.75491500 -001.29576800
111  37.75534900 -001.29627000
111  37.75556900 -001.29655700
111  37.75573200 -001.29683800
111  37.75581000 -001.29708200
113  37.75587400 -001.29734100
110 1 0.25 83.2700 Apron
111  37.75378500 -001.29584100
111  37.75383800 -001.29610300
111  37.75383500 -001.29677700
111  37.75371500 -001.29747800
111  37.75358000 -001.29813700
111  37.75358400 -001.29829300
111  37.75368100 -001.29850900
111  37.75379400 -001.29864900
111  37.75390600 -001.29875200
111  37.75402900 -001.29881800
111  37.75420000 -001.29885100
111  37.75431800 -001.29885800
111  37.75445300 -001.29883500
111  37.75452900 -001.29883600
111  37.75455500 -001.29892100
111  37.75452200 -001.29899200
111  37.75446500 -001.29900500
111  37.75421000 -001.29899200
111  37.75399600 -001.29894900
111  37.75382200 -001.29884700
111  37.75362400 -001.29863600
111  37.75348800 -001.29834600
111  37.75348500 -001.29814000
111  37.75361300 -001.29746900
111  37.75373500 -001.29676500
111  37.75374500 -001.29613000
111  37.75368100 -001.29581900
111  37.75352600 -001.29551300
111  37.75336100 -001.29529800
111  37.75319200 -001.29508600
111  37.75302900 -001.29490100
111  37.75299600 -001.29482900
111  37.75306400 -001.29478000
111  37.75338700 -001.29515500
111  37.75356800 -001.29539700
113  37.75371100 -001.29564400
110 1 0.25 83.2700 Apron
111  37.75428500 -001.29690700
111  37.75424700 -001.29718200
111  37.75417000 -001.29756600
111  37.75409300 -001.29805100
111  37.75411300 -001.29818800
111  37.75419800 -001.29824700
111  37.75467400 -001.29826700
111  37.75492000 -001.29827500
111  37.75492400 -001.29834700
111  37.75466800 -001.29834500
111  37.75434700 -001.29833300
111  37.75414100 -001.29832100
111  37.75408500 -001.29829100
111  37.75405300 -001.29822400
111  37.75403600 -001.29806200
111  37.75408600 -001.29768500
111  37.75416100 -001.29728400
111  37.75421900 -001.29696000
111  37.75424900 -001.29658800
111  37.75424800 -001.29620000
111  37.75417500 -001.29573200
111  37.75413000 -001.29550900
111  37.75394000 -001.29509600
111  37.75347600 -001.29462900
111  37.75353000 -001.29457000
111  37.75380000 -001.29484400
111  37.75397300 -001.29503300
111  37.75408200 -001.29524700
111  37.75418800 -001.29550100
111  37.75424100 -001.29575600
111  37.75430700 -001.29616500
111  37.75431700 -001.29640900
113  37.75430500 -001.29671500
110 1 0.25 83.2700 Apron
111  37.75496800 -001.29853200
111  37.75501700 -001.29879500
111  37.75501300 -001.29897000
111  37.75501600 -001.29912700
111  37.75493800 -001.29916300
111  37.75495700 -001.29899500
111  37.75495700 -001.29881900
111  37.75491200 -001.29857000
111  37.75489300 -001.29830500
111  37.75488700 -001.29800800
111  37.75491900 -001.29766300
111  37.75500100 -001.29732600
111  37.75507800 -001.29714200
111  37.75518200 -001.29699700
111  37.75533100 -001.29681600
111  37.75551000 -001.29658300
111  37.75604400 -001.29604800
111  37.75609600 -001.29612100
111  37.75575100 -001.29644900
111  37.75554300 -001.29666100
111  37.75533200 -001.29694600
111  37.75520000 -001.29710100
111  37.75509800 -001.29726800
111  37.75500400 -001.29757000
111  37.75495200 -001.29792800
113  37.75495300 -001.29823500
110 1 0.25 83.2700 Apron
111  37.75511200 -001.29714800
111  37.75506800 -001.29720900
111  37.75488500 -001.29705900
111  37.75471000 -001.29690800
111  37.75455500 -001.29668500
111  37.75428300 -001.29627500
111  37.75427200 -001.29612800
111  37.75444000 -001.29640300
111  37.75459700 -001.29662800
111  37.75474900 -001.29684400
113  37.75491700 -001.29699300
110 1 0.25 83.2700 Apron
111  37.75416800 -001.29548100
111  37.75413400 -001.29541500
111  37.75448800 -001.29518000
113  37.75451800 -001.29524500
110 1 0.25 83.2700 Apron
111  37.75473600 -001.29556600
111  37.75469300 -001.29560800
111  37.75463400 -001.29551300
111  37.75455200 -001.29537400
111  37.75446800 -001.29519400
111  37.75436700 -001.29496000
111  37.75427200 -001.29470900
111  37.75422100 -001.29452900
111  37.75419400 -001.29442700
111  37.75410400 -001.29410000
111  37.75419300 -001.29411900
111  37.75425800 -001.29443500
111  37.75433500 -001.29470500
111  37.75441000 -001.29491200
111  37.75446200 -001.29503500
111  37.75454400 -001.29521300
111  37.75460100 -001.29533900
113  37.75470400 -001.29551200
110 1 0.25 83.2700 Apron
111  37.75469200 -001.29551000
111  37.75546100 -001.29481100
111  37.75554400 -001.29497500
113  37.75479300 -001.29565700
110 1 0.25 83.2700 Apron
111  37.75699100 -001.29833400
111  37.75692700 -001.29836400
111  37.75678900 -001.29811400
111  37.75674200 -001.29796700
111  37.75668700 -001.29761300
111  37.75666800 -001.29748000
111  37.75540000 -001.29471300
111  37.75530200 -001.29449500
111  37.75513900 -001.29433800
111  37.75500800 -001.29430800
111  37.75500800 -001.29421900
111  37.75513900 -001.29424900
111  37.75524500 -001.29429300
111  37.75532900 -001.29438400
111  37.75675400 -001.29748900
111  37.75676600 -001.29768400
113  37.75682900 -001.29803700
110 1 0.25 83.2700 Apron
111  37.75315600 -001.29823000
111  37.75318500 -001.29847800
111  37.75324000 -001.29867600
111  37.75333600 -001.29892900
111  37.75345400 -001.29913300
111  37.75360900 -001.29923600
111  37.75377900 -001.29934900
111  37.75388400 -001.29940100
111  37.75397600 -001.29944300
111  37.75408900 -001.29946000
111  37.75425900 -001.29946800
111  37.75417700 -001.29953800
111  37.75404300 -001.29953100
111  37.75392200 -001.29951100
111  37.75373500 -001.29940700
111  37.75341700 -001.29920100
111  37.75328700 -001.29898800
111  37.75319100 -001.29874400
111  37.75311200 -001.29849000
111  37.75308600 -001.29825800
111  37.75309500 -001.29791500
111  37.75313800 -001.29761700
111  37.75318200 -001.29730700
111  37.75324400 -001.29697500
111  37.75330500 -001.29675700
111  37.75334000 -001.29655500
111  37.75337500 -001.29631200
111  37.75337800 -001.29615400
111  37.75336600 -001.29606900
111  37.75334200 -001.29602900
111  37.75330600 -001.29602800
111  37.75325100 -001.29601600
111  37.75327600 -001.29594400
111  37.75335300 -001.29594500
111  37.75340000 -001.29597000
111  37.75343600 -001.29602800
111  37.75345700 -001.29617600
111  37.75345500 -001.29634200
111  37.75342200 -001.29655700
111  37.75338700 -001.29678500
111  37.75332500 -001.29699600
111  37.75326500 -001.29731500
111  37.75321200 -001.29760400
113  37.75317200 -001.29790100
110 1 0.25 83.2700 Apron
111  37.75182200 -001.29711700
111  37.75173500 -001.29725200
111  37.75164800 -001.29732500
111  37.75154100 -001.29738600
111  37.75136700 -001.29738600
111  37.75126000 -001.29737400
111  37.75116600 -001.29735400
111  37.75100600 -001.29731800
111  37.75087700 -001.29729300
111  37.75073000 -001.29727100
111  37.75063000 -001.29724500
111  37.75052800 -001.29728000
111  37.75049300 -001.29731300
111  37.75041400 -001.29723700
111  37.75042300 -001.29709300
111  37.75044900 -001.29698300
111  37.75048400 -001.29698300
111  37.75051900 -001.29709300
111  37.75061500 -001.29715900
111  37.75079900 -001.29719000
111  37.75103900 -001.29723800
111  37.75134000 -001.29729100
111  37.75152800 -001.29729700
111  37.75162600 -001.29724200
111  37.75170700 -001.29715900
111  37.75176000 -001.29707100
111  37.75179400 -001.29696100
111  37.75180300 -001.29677500
111  37.75179300 -001.29665300
111  37.75185100 -001.29664100
113  37.75185400 -001.29691800
110 1 0.25 83.2700 Apron
111  37.75053400 -001.29639500
111  37.75051600 -001.29618600
111  37.75052700 -001.29589500
111  37.75053400 -001.29582100
111  37.75057600 -001.29580200
111  37.75059900 -001.29585400
111  37.75057800 -001.29593700
111  37.75056800 -001.29613100
111  37.75058000 -001.29634600
111  37.75065100 -001.29657700
111  37.75073300 -001.29676600
111  37.75085000 -001.29697700
111  37.75097600 -001.29713200
111  37.75108000 -001.29722800
111  37.75117900 -001.29729000
111  37.75105200 -001.29731100
111  37.75093800 -001.29718700
111  37.75080700 -001.29704300
111  37.75068600 -001.29682100
113  37.75060400 -001.29663800
110 1 0.25 83.2700 Apron
111  37.75275100 -001.29655600
111  37.75309900 -001.29995500
111  37.75302500 -001.29996400
113  37.75268000 -001.29659600
110 1 0.25 83.2700 Apron
111  37.75139200 -001.29599300
111  37.75135500 -001.29575800
111  37.75137100 -001.29567300
111  37.75141900 -001.29559200
111  37.75152600 -001.29546600
111  37.75163200 -001.29541100
111  37.75179200 -001.29535300
111  37.75189600 -001.29536000
111  37.75202300 -001.29536100
111  37.75219100 -001.29541800
111  37.75230100 -001.29541100
111  37.75232800 -001.29541500
111  37.75230400 -001.29547000
111  37.75217900 -001.29548100
111  37.75201100 -001.29542300
111  37.75188500 -001.29542300
111  37.75178800 -001.29541700
111  37.75164500 -001.29547000
111  37.75153600 -001.29552900
111  37.75145300 -001.29562300
111  37.75140500 -001.29575300
111  37.75143700 -001.29597100
111  37.75149000 -001.29615200
111  37.75161900 -001.29630500
111  37.75169800 -001.29637900
111  37.75176900 -001.29644400
111  37.75185800 -001.29655200
111  37.75191500 -001.29662800
111  37.75185000 -001.29667800
111  37.75180200 -001.29666000
111  37.75174600 -001.29651100
111  37.75160600 -001.29637500
113  37.75144800 -001.29618700
110 1 0.25 83.2700 Apron
111  37.75251500 -001.29533100
111  37.75246100 -001.29540200
111  37.75240500 -001.29544300
111  37.75230100 -001.29548200
111  37.75230400 -001.29542300
111  37.75236400 -001.29539700
111  37.75242100 -001.29536800
111  37.75245300 -001.29532400
111  37.75247600 -001.29527500
111  37.75246400 -001.29521200
111  37.75244000 -001.29514400
111  37.75238600 -001.29507600
111  37.75231800 -001.29503400
111  37.75223800 -001.29499100
111  37.75212800 -001.29497900
111  37.75198700 -001.29498800
111  37.75188100 -001.29500700
111  37.75175300 -001.29508800
111  37.75163300 -001.29521600
111  37.75156000 -001.29531900
111  37.75151600 -001.29543800
111  37.75150000 -001.29551000
111  37.75145600 -001.29559000
111  37.75143700 -001.29556200
111  37.75146600 -001.29543900
111  37.75151000 -001.29531100
111  37.75159800 -001.29517600
111  37.75172400 -001.29503700
111  37.75186900 -001.29494300
111  37.75198300 -001.29492500
111  37.75212100 -001.29490900
111  37.75223800 -001.29492100
111  37.75233900 -001.29497300
111  37.75241100 -001.29502500
111  37.75247100 -001.29508900
111  37.75252100 -001.29519600
113  37.75252500 -001.29526400
110 1 0.25 83.2700 Apron
111  37.75357100 -001.29464700
111  37.75351600 -001.29464700
111  37.75325900 -001.29448200
111  37.75311700 -001.29440100
111  37.75283800 -001.29426900
111  37.75245200 -001.29418000
111  37.75214200 -001.29415500
111  37.75193200 -001.29415500
111  37.75169300 -001.29418000
111  37.75145800 -001.29418700
111  37.75131100 -001.29415100
111  37.75110300 -001.29436900
111  37.75102700 -001.29451300
111  37.75093400 -001.29451300
111  37.75092500 -001.29440500
111  37.75101300 -001.29432700
111  37.75114700 -001.29418700
111  37.75128200 -001.29405000
111  37.75152000 -001.29408500
111  37.75213500 -001.29406300
111  37.75245400 -001.29409200
111  37.75286900 -001.29418500
111  37.75307100 -001.29427100
111  37.75349100 -001.29452100
113  37.75354500 -001.29457800
110 1 0.25 83.2700 Apron
111  37.75147300 -001.29789100
111  37.75104900 -001.30196500
111  37.74940800 -001.30161500
111  37.74979900 -001.29766700
111  37.75011700 -001.29775500
113  37.75013400 -001.29758700
110 1 0.25 83.2700 Apron
111  37.74959600 -001.30157500
111  37.74953800 -001.30168100
111  37.74948000 -001.30168900
111  37.74943600 -001.30172900
111  37.74936900 -001.30183300
113  37.74939700 -001.30151100
110 3 0.25 83.2700 Apron
111  37.74891400 -001.30914600
111  37.74956500 -001.30168300
111  37.75006100 -001.30182100
111  37.75144900 -001.30207700
111  37.75157500 -001.30217200
111  37.75160900 -001.30242700
111  37.75158400 -001.30276700
111  37.75155800 -001.30307500
111  37.75155800 -001.30351100
111  37.75160900 -001.30390400
111  37.75167600 -001.30440300
111  37.75170100 -001.30482800
111  37.75174400 -001.30526300
111  37.75173500 -001.30572000
111  37.75158400 -001.30592200
111  37.75151600 -001.30608100
111  37.75156700 -001.30633600
111  37.75168500 -001.30653800
111  37.75172200 -001.30664100
111  37.75171200 -001.30724500
111  37.75171200 -001.30796400
111  37.75172200 -001.30883800
111  37.75178300 -001.30958300
111  37.75175300 -001.31027700
111  37.75160000 -001.31035400
111  37.75109100 -001.31037900
111  37.75045000 -001.31035300
111  37.75007400 -001.31026400
111  37.74983000 -001.31008400
111  37.74953500 -001.30993000
111  37.74928000 -001.30978800
113  37.74891400 -001.30958300
110 13 0.25 83.2700 Apron
111  37.75746500 -001.30261400
111  37.75734100 -001.30246600
111  37.75728700 -001.30220700
111  37.75730200 -001.30201700
111  37.75742600 -001.30197600
111  37.75757200 -001.30211200
111  37.75772300 -001.30201700
111  37.75779800 -001.30204400
111  37.75784100 -001.30220700
111  37.75783000 -001.30238400
111  37.75775500 -001.30247800
113  37.75765800 -001.30254600
110 13 0.25 83.2700 Apron
111  37.75671400 -001.30237200
111  37.75666000 -001.30235500
111  37.75664300 -001.30227000
111  37.75665100 -001.30220800
111  37.75666000 -001.30211200
111  37.75666500 -001.30201600
111  37.75662900 -001.30198200
111  37.75659300 -001.30193100
111  37.75656600 -001.30186900
111  37.75652600 -001.30176200
111  37.75654000 -001.30172800
111  37.75665600 -001.30174500
111  37.75675000 -001.30179000
111  37.75680300 -001.30181900
111  37.75690100 -001.30185300
111  37.75696800 -001.30189200
111  37.75696800 -001.30194300
111  37.75696800 -001.30201600
111  37.75701800 -001.30209000
111  37.75698700 -001.30220800
111  37.75692000 -001.30224200
111  37.75686100 -001.30227600
111  37.75683500 -001.30227600
111  37.75678500 -001.30229800
113  37.75675900 -001.30235500
110 3 0.25 83.2700 Apron
111  37.75729800 -001.30347100
111  37.75717600 -001.30337700
111  37.75696100 -001.30291700
111  37.75675900 -001.30254500
111  37.75649000 -001.30191600
111  37.75630700 -001.30145300
111  37.75635400 -001.30101700
111  37.75643800 -001.30081600
111  37.75641900 -001.30049800
111  37.75635400 -001.30030900
111  37.75631700 -001.29999000
111  37.75647600 -001.30007300
111  37.75672800 -001.30015500
111  37.75691500 -001.30013200
111  37.75713900 -001.30017900
111  37.75720500 -001.30001400
111  37.75715800 -001.29964800
111  37.75701700 -001.29938900
111  37.75690500 -001.29919900
111  37.75681200 -001.29902200
111  37.75665300 -001.29883400
111  37.75667200 -001.29875100
111  37.75677500 -001.29873900
111  37.75687700 -001.29889300
111  37.75709200 -001.29918800
111  37.75737300 -001.29971900
111  37.75760600 -001.30029700
111  37.75817600 -001.30161900
111  37.75875600 -001.30297600
111  37.75977500 -001.30531300
111  37.76047500 -001.30696500
111  37.76054100 -001.30718900
111  37.76051300 -001.30730700
111  37.76036300 -001.30759100
111  37.76014900 -001.30783800
111  37.75992400 -001.30798000
111  37.75972800 -001.30809800
111  37.75933500 -001.30827500
111  37.75869000 -001.30847500
111  37.75862700 -001.30847000
111  37.75870900 -001.30840500
111  37.75886800 -001.30831000
111  37.75904600 -001.30814500
111  37.75920400 -001.30793300
111  37.75940100 -001.30750800
111  37.75946600 -001.30720100
111  37.75941900 -001.30680000
111  37.75938200 -001.30632700
111  37.75933500 -001.30615000
111  37.75922300 -001.30600900
111  37.75891500 -001.30553700
111  37.75809200 -001.30445100
111  37.75783000 -001.30413200
111  37.75756000 -001.30384900
111  37.75756000 -001.30376600
111  37.75755000 -001.30366000
111  37.75750400 -001.30353100
111  37.75740100 -001.30350700
113  37.75733500 -001.30349500
110 3 0.25 83.2700 Apron
111  37.75074200 -001.29517600
111  37.75037200 -001.29514700
111  37.75048600 -001.29391700
111  37.75130100 -001.29406000
111  37.75093900 -001.29440300
111  37.75094600 -001.29448900
111  37.75093900 -001.29450800
111  37.75098600 -001.29451100
111  37.75130900 -001.29413600
111  37.75190600 -001.29419300
111  37.75177700 -001.29421300
111  37.75160400 -001.29430800
111  37.75131700 -001.29453800
111  37.75116600 -001.29475600
111  37.75105200 -001.29505200
113  37.75095400 -001.29513800
110 3 0.25 83.2700 Apron
111  37.74982800 -001.29741000
111  37.75000100 -001.29546400
111  37.75003700 -001.29538500
111  37.75006600 -001.29536500
111  37.75012900 -001.29534800
111  37.75035000 -001.29537700
111  37.75012900 -001.29772700
111  37.75001400 -001.29770700
113  37.74991700 -001.29760400
110 3 0.25 83.2700 Apron
111  37.75051400 -001.29710000
111  37.75049300 -001.29700600
111  37.75044700 -001.29699700
111  37.75042200 -001.29711800
111  37.75042600 -001.29724200
111  37.75050700 -001.29729600
111  37.75061700 -001.29724200
111  37.75068000 -001.29724700
111  37.75096000 -001.29730800
111  37.75123200 -001.29737100
111  37.75155400 -001.29737800
111  37.75169800 -001.29729400
111  37.75161800 -001.29777000
111  37.75015000 -001.29746900
111  37.75034700 -001.29538400
111  37.75068000 -001.29544100
111  37.75079900 -001.29547400
111  37.75085600 -001.29550800
111  37.75089200 -001.29558800
111  37.75087400 -001.29572600
111  37.75088100 -001.29583700
111  37.75059500 -001.29585100
111  37.75057400 -001.29580200
111  37.75053500 -001.29582400
111  37.75052400 -001.29591300
111  37.75052400 -001.29619000
111  37.75053500 -001.29639500
111  37.75061600 -001.29664900
111  37.75070500 -001.29683600
111  37.75080700 -001.29705500
111  37.75098400 -001.29723800
113  37.75062000 -001.29717100
110 3 0.25 83.2700 Apron
111  37.75125700 -001.29664300
111  37.75113300 -001.29650600
111  37.75104500 -001.29628600
111  37.75098300 -001.29602900
111  37.75097400 -001.29586100
111  37.75096200 -001.29569000
111  37.75099800 -001.29550400
111  37.75143700 -001.29556000
111  37.75137200 -001.29567100
111  37.75136400 -001.29576400
111  37.75139000 -001.29596900
111  37.75143700 -001.29614400
111  37.75147000 -001.29620700
111  37.75161100 -001.29636400
111  37.75175000 -001.29650200
111  37.75180600 -001.29665100
111  37.75180300 -001.29677700
111  37.75179700 -001.29695600
111  37.75176200 -001.29707200
111  37.75171400 -001.29716800
111  37.75159900 -001.29726200
111  37.75152600 -001.29730200
111  37.75129300 -001.29729500
111  37.75110700 -001.29725400
111  37.75107400 -001.29723200
111  37.75098300 -001.29714200
111  37.75084700 -001.29699300
111  37.75074400 -001.29681100
111  37.75064700 -001.29659100
111  37.75057900 -001.29635300
111  37.75056400 -001.29613700
111  37.75058200 -001.29592800
111  37.75059100 -001.29584600
111  37.75088000 -001.29582800
111  37.75089200 -001.29604000
111  37.75096500 -001.29632300
111  37.75106900 -001.29653500
111  37.75120700 -001.29673600
111  37.75133400 -001.29688200
111  37.75140200 -001.29696700
111  37.75143700 -001.29697100
111  37.75146100 -001.29695200
111  37.75146700 -001.29691500
113  37.75146700 -001.29685900
110 13 0.25 83.2700 Apron
111  37.75220600 -001.30832900
111  37.75217900 -001.30830200
111  37.75217900 -001.30815400
111  37.75218500 -001.30806700
111  37.75217900 -001.30797300
111  37.75223200 -001.30798000
111  37.75228000 -001.30800000
111  37.75230700 -001.30809400
111  37.75230100 -001.30820800
111  37.75227500 -001.30832900
113  37.75224800 -001.30835600
110 13 0.25 83.2700 Apron
111  37.75284300 -001.30712900
111  37.75278500 -001.30700800
111  37.75278000 -001.30692800
111  37.75282700 -001.30686100
111  37.75288500 -001.30684700
111  37.75296500 -001.30693500
111  37.75303400 -001.30702800
111  37.75300200 -001.30710200
111  37.75294900 -001.30718300
113  37.75288000 -001.30715600
110 13 0.25 83.2700 Apron
111  37.75262500 -001.30893200
111  37.75265200 -001.30885200
111  37.75266300 -001.30883800
111  37.75271600 -001.30881800
111  37.75280600 -001.30886500
111  37.75282700 -001.30897900
111  37.75280600 -001.30915400
111  37.75275300 -001.30926100
111  37.75269400 -001.30929400
111  37.75262500 -001.30924100
113  37.75260400 -001.30915400
110 13 0.25 83.2700 Apron
111  37.75330500 -001.30938200
111  37.75337900 -001.30933500
111  37.75342700 -001.30935500
111  37.75345400 -001.30940800
111  37.75347500 -001.30950900
111  37.75345900 -001.30961600
111  37.75342700 -001.30975000
111  37.75334700 -001.30976400
111  37.75331000 -001.30966300
111  37.75329500 -001.30959600
113  37.75329500 -001.30949600
110 13 0.25 83.2700 Apron
111  37.75400400 -001.30921700
111  37.75399500 -001.30931100
111  37.75395500 -001.30936600
111  37.75390300 -001.30936600
111  37.75387700 -001.30932200
111  37.75387300 -001.30926700
111  37.75385900 -001.30922300
111  37.75384200 -001.30917300
111  37.75384200 -001.30909000
111  37.75386400 -001.30903000
111  37.75389900 -001.30900200
111  37.75394200 -001.30897400
111  37.75396800 -001.30901900
113  37.75398600 -001.30909000
110 13 0.25 83.2700 Apron
111  37.75373300 -001.30735800
111  37.75373300 -001.30741300
111  37.75367600 -001.30741300
111  37.75364100 -001.30745800
111  37.75362300 -001.30743500
111  37.75361500 -001.30736900
111  37.75361000 -001.30728600
111  37.75359300 -001.30715900
111  37.75361000 -001.30707700
111  37.75367100 -001.30703300
111  37.75370600 -001.30706000
111  37.75374100 -001.30717100
113  37.75375000 -001.30727000
110 13 0.25 83.2700 Apron
111  37.75406900 -001.30631000
111  37.75410000 -001.30627700
111  37.75414300 -001.30627700
111  37.75418700 -001.30628800
111  37.75419100 -001.30635400
111  37.75418700 -001.30642600
111  37.75418700 -001.30655300
111  37.75413400 -001.30666300
111  37.75410000 -001.30665800
111  37.75407800 -001.30658600
111  37.75404700 -001.30647500
113  37.75404700 -001.30636000
110 13 0.25 83.2700 Apron
111  37.75319100 -001.30554900
111  37.75320000 -001.30550400
111  37.75323000 -001.30542800
111  37.75326100 -001.30536700
111  37.75330900 -001.30538300
111  37.75333100 -001.30540500
111  37.75333500 -001.30546100
111  37.75336600 -001.30548800
111  37.75337900 -001.30562600
111  37.75334400 -001.30569800
111  37.75331300 -001.30572500
111  37.75324800 -001.30568100
113  37.75322100 -001.30562600
110 13 0.25 83.2700 Apron
111  37.75398600 -001.30533900
111  37.75393800 -001.30536100
111  37.75389400 -001.30532800
111  37.75384600 -001.30528900
111  37.75384200 -001.30521300
111  37.75387300 -001.30513500
111  37.75388600 -001.30509600
111  37.75392900 -001.30509600
111  37.75395100 -001.30514600
113  37.75398200 -001.30520700
110 13 0.25 83.2700 Apron
111  37.75303400 -001.30460000
111  37.75299000 -001.30455600
111  37.75298100 -001.30451200
111  37.75298500 -001.30441800
111  37.75301600 -001.30434600
111  37.75303400 -001.30433500
111  37.75311600 -001.30433500
111  37.75311200 -001.30440700
111  37.75310300 -001.30450100
113  37.75305500 -001.30458400
110 13 0.25 83.2700 Apron
111  37.75240000 -001.30457800
111  37.75234300 -001.30453300
111  37.75231700 -001.30447300
111  37.75230800 -001.30439000
111  37.75234300 -001.30431300
111  37.75240000 -001.30429700
111  37.75245300 -001.30435200
111  37.75245300 -001.30442400
113  37.75244400 -001.30452300
110 13 0.25 83.2700 Apron
111  37.75251400 -001.30348000
111  37.75252200 -001.30338600
111  37.75254400 -001.30329800
111  37.75258400 -001.30325400
111  37.75263200 -001.30327100
111  37.75265300 -001.30338600
111  37.75263200 -001.30350800
113  37.75259200 -001.30358500
110 13 0.25 83.2700 Apron
111  37.75305500 -001.30309400
111  37.75313000 -001.30302800
111  37.75321300 -001.30300000
111  37.75322100 -001.30310500
111  37.75319500 -001.30324800
111  37.75315200 -001.30331400
113  37.75307700 -001.30318800
110 13 0.25 83.2700 Apron
111  37.75364100 -001.30325400
111  37.75365000 -001.30319900
111  37.75371100 -001.30313800
111  37.75374600 -001.30321500
111  37.75371500 -001.30334800
113  37.75366700 -001.30333700
110 13 0.25 83.2700 Apron
111  37.75416500 -001.30308300
111  37.75418700 -001.30304400
111  37.75425200 -001.30303900
111  37.75430900 -001.30308300
111  37.75429600 -001.30321600
111  37.75422200 -001.30325400
113  37.75420000 -001.30321000
110 13 0.25 83.2700 Apron
111  37.75475900 -001.30628200
111  37.75475200 -001.30621700
111  37.75481100 -001.30622600
111  37.75484800 -001.30629100
111  37.75484000 -001.30639400
111  37.75480300 -001.30646800
111  37.75474400 -001.30647800
111  37.75472200 -001.30639400
113  37.75473700 -001.30632900
110 13 0.25 83.2700 Apron
111  37.75526800 -001.30496100
111  37.75523800 -001.30506300
111  37.75515700 -001.30509100
111  37.75512700 -001.30499800
111  37.75509800 -001.30487700
111  37.75508300 -001.30482100
111  37.75510500 -001.30475600
111  37.75516400 -001.30473700
113  37.75526000 -001.30479300
110 13 0.25 83.2700 Apron
111  37.75465600 -001.30552800
111  37.75464100 -001.30557500
111  37.75457500 -001.30560300
111  37.75457500 -001.30552800
111  37.75453000 -001.30544500
111  37.75454500 -001.30535200
111  37.75459700 -001.30525900
111  37.75465600 -001.30524000
111  37.75467800 -001.30526800
113  37.75467000 -001.30545400
110 13 0.25 83.2700 Apron
111  37.75472200 -001.30279200
111  37.75472200 -001.30275500
111  37.75472200 -001.30262500
111  37.75481800 -001.30259700
111  37.75485500 -001.30265300
111  37.75485500 -001.30276400
111  37.75481800 -001.30286600
111  37.75475900 -001.30289500
113  37.75471500 -001.30285800
110 13 0.25 83.2700 Apron
111  37.75448500 -001.30898100
111  37.75444900 -001.30896500
111  37.75441400 -001.30893100
111  37.75436400 -001.30887100
111  37.75434400 -001.30874000
111  37.75437400 -001.30861200
111  37.75441400 -001.30857400
111  37.75448500 -001.30865100
111  37.75450500 -001.30872700
111  37.75450500 -001.30882900
113  37.75453800 -001.30891100
110 13 0.25 83.2700 Apron
111  37.75490000 -001.30815300
111  37.75490800 -001.30807900
111  37.75495400 -001.30800500
111  37.75499200 -001.30796300
111  37.75504200 -001.30798900
111  37.75506700 -001.30806900
111  37.75504200 -001.30817400
111  37.75500900 -001.30826900
111  37.75494200 -001.30830100
113  37.75490400 -001.30828000
110 13 0.25 83.2700 Apron
111  37.75549300 -001.30828200
111  37.75552100 -001.30819400
111  37.75555300 -001.30815300
111  37.75562700 -001.30818300
111  37.75563200 -001.30825900
111  37.75561800 -001.30841700
111  37.75556300 -001.30845200
113  37.75549300 -001.30838200
110 13 0.25 83.2700 Apron
111  37.75544100 -001.30674300
111  37.75542000 -001.30669700
111  37.75540900 -001.30664400
111  37.75542000 -001.30659100
111  37.75548800 -001.30651800
111  37.75553000 -001.30651800
111  37.75556700 -001.30655800
111  37.75554100 -001.30664400
113  37.75547800 -001.30671000
110 13 0.25 83.2700 Apron
111  37.75594400 -001.30573700
111  37.75597100 -001.30569700
111  37.75602800 -001.30568400
111  37.75607500 -001.30573700
111  37.75607500 -001.30584300
111  37.75603900 -001.30596200
111  37.75598600 -001.30594900
113  37.75594400 -001.30584900
110 13 0.25 83.2700 Apron
111  37.75613300 -001.30849800
111  37.75612300 -001.30843200
111  37.75614400 -001.30837200
111  37.75620600 -001.30828000
111  37.75627500 -001.30827300
111  37.75631100 -001.30833900
111  37.75630100 -001.30841900
111  37.75625900 -001.30853800
111  37.75617500 -001.30858400
113  37.75614900 -001.30858400
110 13 0.25 83.2700 Apron
111  37.75663300 -001.30539500
111  37.75668600 -001.30541300
111  37.75670500 -001.30549900
111  37.75668100 -001.30560800
111  37.75665200 -001.30572400
111  37.75663700 -001.30573000
111  37.75656500 -001.30565700
111  37.75655500 -001.30557800
111  37.75656900 -001.30555300
113  37.75656900 -001.30546800
110 13 0.25 83.2700 Apron
111  37.75686400 -001.30751700
111  37.75682100 -001.30754100
111  37.75680600 -001.30743200
111  37.75684000 -001.30734600
111  37.75686900 -001.30728500
111  37.75693200 -001.30724800
111  37.75699000 -001.30729100
111  37.75699500 -001.30731500
111  37.75694600 -001.30746800
113  37.75691800 -001.30750400
110 13 0.25 83.2700 Apron
111  37.75584500 -001.30492500
111  37.75581600 -001.30500500
111  37.75578700 -001.30509000
111  37.75574400 -001.30510200
111  37.75571000 -001.30504100
111  37.75572000 -001.30491300
111  37.75572500 -001.30484000
111  37.75574900 -001.30479100
111  37.75581100 -001.30479700
113  37.75583600 -001.30484000
110 13 0.25 83.2700 Apron
111  37.75631900 -001.30440700
111  37.75627500 -001.30433400
111  37.75629500 -001.30428500
111  37.75634300 -001.30427900
111  37.75638100 -001.30431000
111  37.75643400 -001.30438900
111  37.75643000 -001.30448000
111  37.75638100 -001.30452300
113  37.75635200 -001.30449900
110 13 0.25 83.2700 Apron
111  37.75605800 -001.30263300
111  37.75602400 -001.30264500
111  37.75600500 -001.30257800
111  37.75598500 -001.30248600
111  37.75603800 -001.30243200
111  37.75608700 -001.30245600
111  37.75610100 -001.30251100
113  37.75610100 -001.30257800
110 13 0.25 83.2700 Apron
111  37.75741300 -001.30818400
111  37.75741300 -001.30831500
111  37.75731000 -001.30832700
111  37.75727600 -001.30819000
111  37.75731000 -001.30805300
111  37.75734400 -001.30805300
113  37.75741800 -001.30811600
110 13 0.25 83.2700 Apron
111  37.75755600 -001.30687700
111  37.75757100 -001.30674000
111  37.75763500 -001.30673400
111  37.75768400 -001.30674000
111  37.75769900 -001.30682100
111  37.75767500 -001.30690900
111  37.75763000 -001.30700800
113  37.75758600 -001.30698900
110 13 0.25 83.2700 Apron
111  37.75743300 -001.30498000
111  37.75741800 -001.30509800
111  37.75737900 -001.30519800
111  37.75729500 -001.30525400
111  37.75728500 -001.30521000
111  37.75725600 -001.30517900
111  37.75722100 -001.30511100
111  37.75726600 -001.30502300
113  37.75735400 -001.30496800
110 13 0.25 83.2700 Apron
111  37.75791800 -001.30786800
111  37.75794000 -001.30779900
111  37.75799500 -001.30774400
111  37.75802800 -001.30779900
111  37.75803900 -001.30796500
111  37.75800000 -001.30805600
111  37.75793400 -001.30809000
111  37.75791800 -001.30803500
113  37.75791200 -001.30795900
110 13 0.25 83.2700 Apron
111  37.75859300 -001.30708500
111  37.75867100 -001.30704200
111  37.75871100 -001.30709900
111  37.75872200 -001.30724100
111  37.75867700 -001.30736200
111  37.75863200 -001.30739000
111  37.75855900 -001.30731200
111  37.75857000 -001.30720500
113  37.75856400 -001.30717700
110 13 0.25 83.2700 Apron
111  37.75831700 -001.30625400
111  37.75827200 -001.30623900
111  37.75826600 -001.30620400
111  37.75828300 -001.30610400
111  37.75835700 -001.30601200
111  37.75837300 -001.30604000
111  37.75839600 -001.30611900
113  37.75837900 -001.30619000
110 13 0.25 83.2700 Apron
111  37.75536700 -001.30285800
111  37.75530200 -001.30282500
111  37.75530200 -001.30272700
111  37.75538600 -001.30262900
111  37.75548900 -001.30262100
111  37.75549600 -001.30271900
113  37.75545700 -001.30280900
110 13 0.25 83.2700 Apron
111  37.75216100 -001.29770800
111  37.75212000 -001.29771200
111  37.75208200 -001.29771200
111  37.75203500 -001.29771200
111  37.75200400 -001.29771200
111  37.75196300 -001.29769000
111  37.75194500 -001.29767000
111  37.75192700 -001.29763200
111  37.75194600 -001.29758300
111  37.75198300 -001.29755700
111  37.75203100 -001.29755300
111  37.75205800 -001.29755300
111  37.75208600 -001.29757000
111  37.75212600 -001.29756100
111  37.75214400 -001.29755300
111  37.75215700 -001.29750500
111  37.75215700 -001.29742300
111  37.75215400 -001.29737600
111  37.75217400 -001.29735000
111  37.75221200 -001.29733700
111  37.75227000 -001.29735900
111  37.75229000 -001.29741000
111  37.75228300 -001.29750100
111  37.75226700 -001.29756100
111  37.75224200 -001.29759600
113  37.75219800 -001.29766000
120 Centreline for Path
112  37.74979900 -001.30105700  37.74965033 -001.30103233 51
116  37.74956250 -001.30114000  37.74955350 -001.30122000
120 Centreline for Path
112  37.74982500 -001.30079700  37.74968100 -001.30076367 51
116  37.74959250 -001.30088350  37.74958150 -001.30097450
120 Centreline for Path
112  37.74986000 -001.30053600  37.74971067 -001.30050067 51
116  37.74962250 -001.30061500  37.74961350 -001.30070300
120 Centreline for Path
112  37.74988900 -001.30026700  37.74973900 -001.30023900 51
116  37.74965000 -001.30035400  37.74964067 -001.30044000
120 Centreline for Path
111  37.75000700 -001.29899400 51
112  37.74989700 -001.29897626  37.74982567 -001.29896475 51
116  37.74977950 -001.29905200  37.74977250 -001.29911400
120 Centreline for Path
111  37.75003000 -001.29873700 51
112  37.74992177 -001.29871737  37.74985059 -001.29870446 51
116  37.74980250 -001.29882850  37.74979417 -001.29891550
120 Centreline for Path
111  37.75005900 -001.29846900 51
112  37.74995385 -001.29845065  37.74988262 -001.29843822 51
116  37.74983100 -001.29856500  37.74982033 -001.29865367
120 Centreline for Path
111  37.75009300 -001.29820500 51
112  37.74998020 -001.29818911  37.74990873 -001.29817904 51
116  37.74986000 -001.29830300  37.74985133 -001.29838900
120 Centreline for Path
111  37.75017200 -001.30114400 51
112  37.75015185 -001.30114023  37.75003328 -001.30111808 51
116  37.74996200 -001.30121450  37.74995400 -001.30128617
120 Centreline for Path
111  37.75000100 -001.30083100 51
115  37.75020300 -001.30087900
120 Centreline for Path
111  37.75004100 -001.30056200 51
115  37.75023700 -001.30060800
120 Centreline for Path
111  37.75026800 -001.30033200 51
112  37.75024125 -001.30032756  37.75012242 -001.30030785 51
116  37.75007500 -001.30019350  37.75008300 -001.30012383
120 Centreline for Path
111  37.75058300 -001.30121600 51
112  37.75055155 -001.30120968  37.75043318 -001.30118589 51
116  37.75036200 -001.30128150  37.75035400 -001.30135317
120 Centreline for Path
111  37.75061200 -001.30094600 51
112  37.75058143 -001.30093968  37.75046314 -001.30091523 51
116  37.75038900 -001.30103850  37.75037900 -001.30112883
120 Centreline for Path
111  37.75064300 -001.30067600 51
112  37.75061176 -001.30067002  37.75049325 -001.30064734 51
116  37.75041900 -001.30076950  37.75040900 -001.30085850
120 Centreline for Path
111  37.75067000 -001.30040800 51
112  37.75064127 -001.30040186  37.75052309 -001.30037662 51
116  37.75047550 -001.30026300  37.75048317 -001.30019567
120 Centreline for Path
111  37.75039200 -001.29906300 51
112  37.75030262 -001.29904567  37.75023154 -001.29903189 51
116  37.75018650 -001.29912300  37.75018017 -001.29918833
120 Centreline for Path
111  37.75042000 -001.29878400 51
112  37.75033075 -001.29876761  37.75025958 -001.29875454 51
116  37.75021032 -001.29888332  37.75020120 -001.29897354
120 Centreline for Path
111  37.75045200 -001.29851600 51
112  37.75035953 -001.29849741  37.75028851 -001.29848314 51
116  37.75023859 -001.29861120  37.75022898 -001.29870133
120 Centreline for Path
111  37.75048300 -001.29825100 51
112  37.75039467 -001.29823424  37.75032356 -001.29822075 51
116  37.75029900 -001.29812950  37.75030633 -001.29807317
120 Centreline for Path
111  37.75080300 -001.29914000 51
112  37.75070473 -001.29912178  37.75063358 -001.29910859 51
116  37.75058500 -001.29919850  37.75057633 -001.29926283
120 Centreline for Path
111  37.75083100 -001.29886900 51
112  37.75073191 -001.29885216  37.75066064 -001.29884005 51
116  37.75061150 -001.29896800  37.75060250 -001.29905733
120 Centreline for Path
111  37.75086300 -001.29858900 51
112  37.75076146 -001.29856801  37.75069049 -001.29855334 51
116  37.75064091 -001.29868126  37.75063152 -001.29877143
120 Centreline for Path
111  37.75089400 -001.29832000 51
112  37.75078937 -001.29829768  37.75071846 -001.29828256 51
116  37.75069150 -001.29819350  37.75069717 -001.29813917
120 Centreline for Taxi
112  37.74979320 -001.29484552  37.74993573 -001.29486984 51
112  37.74999462 -001.29501752  37.74998637 -001.29510787 51
112  37.74975538 -001.29763748  37.74974713 -001.29772783 51
112  37.74972857 -001.29790820  37.74971896 -001.29799833 51
112  37.74972243 -001.29796580  37.74971281 -001.29805593 51
112  37.74969498 -001.29823642  37.74968630 -001.29832671 51
112  37.74963602 -001.29884958  37.74962734 -001.29893986 51
112  37.74960919 -001.29912030  37.74959999 -001.29921050 51
112  37.74960681 -001.29914370  37.74959760 -001.29923390 51
112  37.74957848 -001.29941418  37.74956880 -001.29950430 51
112  37.74954952 -001.29968382  37.74953984 -001.29977394 51
112  37.74952208 -001.29995444  37.74951347 -001.30004473 51
112  37.74951892 -001.29998756  37.74951031 -001.30007785 51
112  37.74949309 -001.30025844  37.74948449 -001.30034874 51
112  37.74942791 -001.30094256  37.74941930 -001.30103285 51
112  37.74940188 -001.30121341  37.74939314 -001.30130368 51
112  37.74939712 -001.30126259  37.74938837 -001.30135286 51
112  37.74946650 -001.30132900  37.74952150 -001.30128300 51
112  37.74972745 -001.30128759  37.74984642 -001.30130598 51
112  37.74977155 -001.30129441  37.74989052 -001.30131280 51
112  37.75012822 -001.30135185  37.75024704 -001.30137175 51
112  37.75017178 -001.30135915  37.75029059 -001.30137905 51
112  37.75052799 -001.30142101  37.75064665 -001.30144235 51
112  37.75058901 -001.30143199  37.75070767 -001.30145333 51
112  37.75079198 -001.30123883  37.75080863 -001.30108872 51
112  37.75087802 -001.30046317  37.75089467 -001.30031306 51
112  37.75072507 -001.30020549  37.75060644 -001.30018382 51
112  37.75066493 -001.30019451  37.75054631 -001.30017284 51
112  37.75030906 -001.30012953  37.75019044 -001.30010788 51
112  37.75026494 -001.30012147  37.75014631 -001.30009982 51
112  37.74990914 -001.30005585  37.74979057 -001.30003375 51
112  37.74986786 -001.30004815  37.74974929 -001.30002605 51
112  37.74967700 -001.30012000  37.74966833 -001.30019000 51
112  37.74965000 -001.30035400  37.74964067 -001.30044000 51
112  37.74962250 -001.30061500  37.74961350 -001.30070300 51
112  37.74959250 -001.30088350  37.74958150 -001.30097450 51
112  37.74956250 -001.30114000  37.74955350 -001.30122000 51
112  37.74948200 -001.30116900  37.74943733 -001.30110833 51
116  37.74940188 -001.30121341  37.74939314 -001.30130368
120 Centreline for Taxi
112  37.74949309 -001.30025844  37.74950170 -001.30016815 51
112  37.74959800 -001.30006900  37.74965933 -001.30003300 51
112  37.74961372 -001.29991854  37.74956287 -001.29985424 51
112  37.74961128 -001.29991546  37.74956043 -001.29985115 51
116  37.74952208 -001.29995444  37.74951347 -001.30004473
120 Centreline for Taxi
112  37.74957848 -001.29941418  37.74958816 -001.29932406 51
112  37.74968100 -001.29921200  37.74973967 -001.29916733 51
112  37.74969600 -001.29906500  37.74964733 -001.29901167 51
116  37.74960919 -001.29912030  37.74959999 -001.29921050
120 Centreline for Taxi
112  37.74969498 -001.29823642  37.74970366 -001.29814614 51
112  37.74980404 -001.29803889  37.74986806 -001.29799748 51
112  37.74981296 -001.29803311  37.74987699 -001.29799170 51
112  37.74983053 -001.29787740  37.74977821 -001.29781500 51
112  37.74982147 -001.29786660  37.74976916 -001.29780420 51
116  37.74972857 -001.29790820  37.74971896 -001.29799833
120 Centreline for Taxi
112  37.74977155 -001.30129441  37.74989052 -001.30131280 51
112  37.74996200 -001.30121450  37.74997000 -001.30114283 51
112  37.74999877 -001.30088180  37.75001529 -001.30073166 51
112  37.75003823 -001.30052320  37.75005474 -001.30037307 51
112  37.75007500 -001.30019350  37.75008300 -001.30012383 51
116  37.74990914 -001.30005585  37.74979057 -001.30003375
120 Centreline for Taxi
112  37.75017178 -001.30135915  37.75029059 -001.30137905 51
112  37.75036200 -001.30128150  37.75037000 -001.30120983 51
112  37.75038900 -001.30103850  37.75039900 -001.30094817 51
112  37.75041900 -001.30076950  37.75042900 -001.30068050 51
112  37.75044900 -001.30050000  37.75045900 -001.30040933 51
112  37.75047550 -001.30026300  37.75048317 -001.30019567 51
116  37.75030906 -001.30012953  37.75019044 -001.30010788
120 Centreline for Taxi
112  37.75072507 -001.30020549  37.75084369 -001.30022716 51
112  37.75091759 -001.30010283  37.75092731 -001.30001272 51
112  37.75098241 -001.29950217  37.75099214 -001.29941206 51
112  37.75101131 -001.29923178  37.75102085 -001.29914164 51
112  37.75110769 -001.29832122  37.75111723 -001.29823107 51
112  37.75101515 -001.29816726  37.75094392 -001.29815477 51
112  37.75080685 -001.29813074  37.75073562 -001.29811825 51
112  37.75059311 -001.29809364  37.75052186 -001.29808140 51
112  37.75041689 -001.29806336  37.75034563 -001.29805112 51
112  37.75020326 -001.29802530  37.75013210 -001.29801217 51
112  37.75001574 -001.29799070  37.74994458 -001.29797757 51
112  37.74989100 -001.29807250  37.74987900 -001.29814017 51
112  37.74986000 -001.29830300  37.74985133 -001.29838900 51
112  37.74983100 -001.29856500  37.74982033 -001.29865367 51
112  37.74980250 -001.29882850  37.74979417 -001.29891550 51
112  37.74977950 -001.29905200  37.74977250 -001.29911400 51
112  37.74987572 -001.29916488  37.74994686 -001.29917813 51
112  37.75007028 -001.29920112  37.75014143 -001.29921437 51
112  37.75028370 -001.29924099  37.75035484 -001.29925432 51
112  37.75046530 -001.29927501  37.75053643 -001.29928834 51
112  37.75067891 -001.29931311  37.75075019 -001.29932519 51
112  37.75089009 -001.29934889  37.75096136 -001.29936096 51
116  37.75101131 -001.29923178  37.75102085 -001.29914164
120 Centreline for Taxi
112  37.75007028 -001.29920112  37.75014143 -001.29921437 51
112  37.75018650 -001.29912300  37.75019283 -001.29905767 51
112  37.75020968 -001.29888968  37.75021880 -001.29879946 51
112  37.75021032 -001.29888332  37.75021944 -001.29879311 51
112  37.75023841 -001.29861280  37.75024802 -001.29852267 51
112  37.75023859 -001.29861120  37.75024820 -001.29852107 51
112  37.75027050 -001.29834500  37.75028217 -001.29825767 51
112  37.75029900 -001.29812950  37.75030633 -001.29807317 51
116  37.75020326 -001.29802530  37.75013210 -001.29801217
120 Centreline for Taxi
112  37.75067891 -001.29931311  37.75060764 -001.29930104 51
112  37.75058500 -001.29919850  37.75059367 -001.29913417 51
112  37.75061150 -001.29896800  37.75062050 -001.29887867 51
112  37.75063909 -001.29869874  37.75064848 -001.29860857 51
112  37.75064091 -001.29868126  37.75065030 -001.29859109 51
112  37.75066898 -001.29841073  37.75067829 -001.29832054 51
112  37.75066902 -001.29841027  37.75067834 -001.29832009 51
112  37.75069150 -001.29819350  37.75069717 -001.29813917 51
116  37.75059311 -001.29809364  37.75052186 -001.29808140
120 Centreline for Taxi
112  37.74851400 -001.30824050  37.74865600 -001.30826150 51
112  37.74873942 -001.30813649  37.74874769 -001.30804614 51
112  37.74904258 -001.30482751  37.74905086 -001.30473717 51
112  37.74906852 -001.30455665  37.74907753 -001.30446642 51
112  37.74937048 -001.30153335  37.74937949 -001.30144312 51
116  37.74946650 -001.30132900  37.74952150 -001.30128300
120 Centreline for Taxi
112  37.74904258 -001.30482751  37.74905086 -001.30473717 51
112  37.74923328 -001.30472132  37.74935213 -001.30474087 51
112  37.74970972 -001.30479968  37.74982857 -001.30481923 51
112  37.75001700 -001.30488100  37.75010300 -001.30491567 51
112  37.75027187 -001.30509534  37.75035579 -001.30520357 51
112  37.75044813 -001.30532266  37.75053204 -001.30543089 51
112  37.75069614 -001.30565184  37.75077757 -001.30576307 51
112  37.75072786 -001.30569516  37.75080929 -001.30580639 51
112  37.75094050 -001.30594350  37.75100083 -001.30599783 51
112  37.75115950 -001.30607900  37.75124517 -001.30611500 51
112  37.75139300 -001.30617150  37.75146300 -001.30619717 51
112  37.75150075 -001.30602813  37.75150258 -001.30590689 51
112  37.75150725 -001.30559687  37.75150908 -001.30547562 51
116  37.75149635 -001.30523392  37.75148725 -001.30511320
120 Centreline for Taxi
112  37.74972745 -001.30128759  37.74960848 -001.30126920 51
116  37.74956250 -001.30114000  37.74957150 -001.30106000
120 Centreline for Taxi
112  37.74972745 -001.30128759  37.74960848 -001.30126920 51
116  37.74948200 -001.30116900  37.74943733 -001.30110833
120 Centreline for Taxi
112  37.74956250 -001.30114000  37.74955350 -001.30122000 51
116  37.74946650 -001.30132900  37.74941150 -001.30137500
120 Centreline for Taxi
112  37.74946650 -001.30132900  37.74952150 -001.30128300 51
116  37.74948200 -001.30116900  37.74943733 -001.30110833
120 Centreline for Taxi
112  37.74986786 -001.30004815  37.74974929 -001.30002605 51
116  37.74959800 -001.30006900  37.74953667 -001.30010500
120 Centreline for Taxi
112  37.74986786 -001.30004815  37.74974929 -001.30002605 51
116  37.74961372 -001.29991854  37.74956287 -001.29985424
120 Centreline for Taxi
112  37.74967700 -001.30012000  37.74968567 -001.30005000 51
116  37.74959800 -001.30006900  37.74953667 -001.30010500
120 Centreline for Taxi
112  37.74967700 -001.30012000  37.74968567 -001.30005000 51
116  37.74961372 -001.29991854  37.74956287 -001.29985424
120 Centreline for Taxi
112  37.75026494 -001.30012147  37.75014631 -001.30009982 51
116  37.75007500 -001.30019350  37.75006700 -001.30026317
120 Centreline for Taxi
112  37.75012822 -001.30135185  37.75000941 -001.30133195 51
116  37.74996200 -001.30121450  37.74997000 -001.30114283
120 Centreline for Taxi join
112  37.74979900 -001.30105700  37.74965033 -001.30103233 51
116  37.74959250 -001.30088350  37.74960350 -001.30079250
120 Centreline for Taxi join
112  37.74982500 -001.30079700  37.74968100 -001.30076367 51
116  37.74962250 -001.30061500  37.74963150 -001.30052700
120 Centreline for Taxi join
112  37.74986000 -001.30053600  37.74971067 -001.30050067 51
116  37.74965000 -001.30035400  37.74965933 -001.30026800
120 Centreline for Taxi join
112  37.74967700 -001.30012000  37.74966833 -001.30019000 51
116  37.74988900 -001.30026700  37.75003900 -001.30029500
120 Centreline for Taxi
112  37.74939712 -001.30126259  37.74938837 -001.30135286 51
116  37.74937048 -001.30153335  37.74936147 -001.30162358
120 Centreline for Taxi
112  37.74948200 -001.30116900  37.74943733 -001.30110833 51
116  37.74942791 -001.30094256  37.74943651 -001.30085226
120 Centreline for Taxi
112  37.74959800 -001.30006900  37.74953667 -001.30010500 51
116  37.74951892 -001.29998756  37.74952753 -001.29989727
120 Centreline for Taxi
112  37.74961128 -001.29991546  37.74956043 -001.29985115 51
116  37.74954952 -001.29968382  37.74955920 -001.29959370
120 Centreline for Taxi
112  37.74968100 -001.29921200  37.74962233 -001.29925667 51
116  37.74960681 -001.29914370  37.74961601 -001.29905350
120 Centreline for Taxi
112  37.74968100 -001.29921200  37.74973967 -001.29916733 51
116  37.74987572 -001.29916488  37.74994686 -001.29917813
120 Centreline for Taxi
112  37.74968100 -001.29921200  37.74973967 -001.29916733 51
116  37.74977950 -001.29905200  37.74978650 -001.29899000
120 Centreline for Taxi
112  37.74969600 -001.29906500  37.74974467 -001.29911833 51
116  37.74987572 -001.29916488  37.74994686 -001.29917813
120 Centreline for Taxi
112  37.74969600 -001.29906500  37.74974467 -001.29911833 51
116  37.74977950 -001.29905200  37.74978650 -001.29899000
120 Centreline for Taxi
112  37.74969600 -001.29906500  37.74964733 -001.29901167 51
116  37.74963602 -001.29884958  37.74964470 -001.29875929
120 Centreline for Taxi
112  37.74980404 -001.29803889  37.74974001 -001.29808030 51
116  37.74972243 -001.29796580  37.74973204 -001.29787567
120 Centreline for Taxi
112  37.74981296 -001.29803311  37.74987699 -001.29799170 51
116  37.75001574 -001.29799070  37.75008690 -001.29800383
120 Centreline for Taxi
112  37.74981296 -001.29803311  37.74987699 -001.29799170 51
116  37.74989100 -001.29807250  37.74987900 -001.29814017
120 Centreline for Taxi
112  37.74983053 -001.29787740  37.74988284 -001.29793980 51
116  37.75001574 -001.29799070  37.75008690 -001.29800383
120 Centreline for Taxi
112  37.74983053 -001.29787740  37.74988284 -001.29793980 51
116  37.74989100 -001.29807250  37.74987900 -001.29814017
120 Centreline for Taxi
112  37.74975538 -001.29763748  37.74974713 -001.29772783 51
116  37.74982147 -001.29786660  37.74987379 -001.29792900
120 Centreline for Taxi
112  37.75041689 -001.29806336  37.75034563 -001.29805112 51
116  37.75029900 -001.29812950  37.75029167 -001.29818583
120 Centreline for Taxi
112  37.75028370 -001.29924099  37.75021257 -001.29922766 51
116  37.75018650 -001.29912300  37.75019283 -001.29905767
120 Centreline for Taxi join
112  37.74989700 -001.29897626  37.74982567 -001.29896475 51
116  37.74980250 -001.29882850  37.74981083 -001.29874150
120 Centreline for Taxi join
112  37.74992177 -001.29871737  37.74985059 -001.29870446 51
116  37.74983100 -001.29856500  37.74984167 -001.29847633
120 Centreline for Taxi join
112  37.74995385 -001.29845065  37.74988262 -001.29843822 51
116  37.74986000 -001.29830300  37.74986867 -001.29821700
120 Centreline for Taxi join
112  37.74989100 -001.29807250  37.74987900 -001.29814017 51
116  37.74998021 -001.29818911  37.75005168 -001.29819918
120 Centreline for Taxi
112  37.75066493 -001.30019451  37.75054631 -001.30017284 51
116  37.75047550 -001.30026300  37.75046783 -001.30033033
120 Centreline for Taxi
112  37.75052799 -001.30142101  37.75040933 -001.30139967 51
116  37.75036200 -001.30128150  37.75037000 -001.30120983
120 Centreline for Taxi
112  37.75087802 -001.30046317  37.75089467 -001.30031306 51
116  37.75091759 -001.30010283  37.75092731 -001.30001272
120 Centreline for Taxi join
112  37.75015185 -001.30114023  37.75003328 -001.30111808 51
116  37.74999877 -001.30088180  37.75001529 -001.30073166
120 Centreline for Taxi join
112  37.75003823 -001.30052320  37.75005474 -001.30037307 51
116  37.75024125 -001.30032756  37.75036009 -001.30034727
120 Centreline for Taxi join
112  37.75055155 -001.30120968  37.75043318 -001.30118589 51
116  37.75038900 -001.30103850  37.75039900 -001.30094817
120 Centreline for Taxi join
112  37.75058143 -001.30093968  37.75046314 -001.30091523 51
116  37.75041900 -001.30076950  37.75042900 -001.30068050
120 Centreline for Taxi join
112  37.75061176 -001.30067002  37.75049325 -001.30064734 51
116  37.75044900 -001.30050000  37.75045900 -001.30040933
120 Centreline for Taxi join
112  37.75044900 -001.30050000  37.75045900 -001.30040933 51
116  37.75064127 -001.30040186  37.75075945 -001.30042711
120 Centreline for Taxi
112  37.75089009 -001.29934889  37.75096136 -001.29936096 51
116  37.75098241 -001.29950217  37.75097269 -001.29959228
120 Centreline for Taxi
112  37.75080685 -001.29813074  37.75073562 -001.29811825 51
116  37.75069150 -001.29819350  37.75068583 -001.29824783
120 Centreline for Taxi
112  37.75046530 -001.29927501  37.75053643 -001.29928834 51
116  37.75058500 -001.29919850  37.75059367 -001.29913417
120 Centreline for Taxi join
112  37.75030262 -001.29904567  37.75023154 -001.29903189 51
116  37.75020968 -001.29888968  37.75021880 -001.29879946
120 Centreline for Taxi join
112  37.75033075 -001.29876761  37.75025958 -001.29875454 51
116  37.75023841 -001.29861280  37.75024802 -001.29852267
120 Centreline for Taxi join
112  37.75035953 -001.29849741  37.75028851 -001.29848314 51
116  37.75027050 -001.29834500  37.75028217 -001.29825767
120 Centreline for Taxi join
112  37.75027050 -001.29834500  37.75028217 -001.29825767 51
116  37.75039467 -001.29823424  37.75046579 -001.29824773
120 Centreline for Taxi join
112  37.75070473 -001.29912178  37.75063358 -001.29910859 51
116  37.75061150 -001.29896800  37.75062050 -001.29887867
120 Centreline for Taxi join
112  37.75073191 -001.29885216  37.75066064 -001.29884005 51
116  37.75063909 -001.29869874  37.75064848 -001.29860857
120 Centreline for Taxi join
112  37.75076145 -001.29856801  37.75069048 -001.29855334 51
116  37.75066898 -001.29841073  37.75067829 -001.29832054
120 Centreline for Taxi join
112  37.75066902 -001.29841027  37.75067834 -001.29832009 51
116  37.75078937 -001.29829768  37.75086028 -001.29831281
120 Centreline for Taxi
112  37.74906852 -001.30455665  37.74905951 -001.30464688 51
116  37.74923328 -001.30472132  37.74935213 -001.30474087
120 Centreline for Taxi
112  37.74970972 -001.30479968  37.74982857 -001.30481923 51
116  37.74990028 -001.30464777  37.74990846 -001.30452695
120 Centreline for Taxi
112  37.74970972 -001.30479968  37.74982857 -001.30481923 51
116  37.74986362 -001.30500826  37.74984736 -001.30512777
120 Centreline for Taxi
112  37.75001700 -001.30488100  37.74993100 -001.30484633 51
116  37.74990028 -001.30464777  37.74990846 -001.30452695
120 Centreline for Taxi
112  37.75001700 -001.30488100  37.74993100 -001.30484633 51
116  37.74986362 -001.30500826  37.74984736 -001.30512777
120 Centreline for Taxi
112  37.75001700 -001.30488100  37.75010300 -001.30491567 51
116  37.75011722 -001.30506448  37.75009803 -001.30515213
120 Centreline for Taxi
112  37.75001700 -001.30488100  37.75010300 -001.30491567 51
116  37.75020055 -001.30481531  37.75023692 -001.30473685
120 Centreline for Taxi
112  37.75027187 -001.30509534  37.75018796 -001.30498711 51
116  37.75011722 -001.30506448  37.75009803 -001.30515213
120 Centreline for Taxi
112  37.75027187 -001.30509534  37.75018796 -001.30498711 51
116  37.75020055 -001.30481531  37.75023692 -001.30473685
120 Centreline for Taxi
112  37.75044813 -001.30532266  37.75053204 -001.30543089 51
116  37.75061543 -001.30531081  37.75064305 -001.30519469
120 Centreline for Taxi
112  37.75044813 -001.30532266  37.75053204 -001.30543089 51
116  37.75050857 -001.30564698  37.75046495 -001.30575497
120 Centreline for Taxi
112  37.75069614 -001.30565184  37.75061471 -001.30554061 51
116  37.75061543 -001.30531081  37.75064305 -001.30519469
120 Centreline for Taxi
112  37.75069614 -001.30565184  37.75061471 -001.30554061 51
116  37.75050857 -001.30564698  37.75046495 -001.30575497
120 Centreline for Taxi
112  37.75072786 -001.30569516  37.75080929 -001.30580639 51
116  37.75080148 -001.30598384  37.75076913 -001.30606507
120 Centreline for Taxi
112  37.75094050 -001.30594350  37.75088017 -001.30588917 51
116  37.75080148 -001.30598384  37.75076913 -001.30606507
120 Centreline for Taxi
112  37.75094050 -001.30594350  37.75100083 -001.30599783 51
116  37.75098613 -001.30619782  37.75095622 -001.30631303
120 Centreline for Taxi
112  37.75098613 -001.30619782  37.75101604 -001.30608261 51
116  37.75115950 -001.30607900  37.75124517 -001.30611500
120 Centreline for Taxi
112  37.75150075 -001.30602813  37.75149892 -001.30614938 51
116  37.75149893 -001.30639190  37.75149956 -001.30651316
120 Centreline for Taxi
112  37.75149893 -001.30639190  37.75149831 -001.30627063 51
116  37.75139300 -001.30617150  37.75132300 -001.30614583
120 Centreline for Taxi
112  37.75115950 -001.30607900  37.75124517 -001.30611500 51
116  37.75126612 -001.30626659  37.75125154 -001.30635565
120 Centreline for Taxi
112  37.75139300 -001.30617150  37.75132300 -001.30614583 51
116  37.75126612 -001.30626659  37.75125154 -001.30635565
120 GA Ramp  1
111  37.74981070 -001.30094435 51
115  37.74978730 -001.30116965
120 GA Ramp  2
111  37.74984120 -001.30068525 51
115  37.74980880 -001.30090875
120 GA Ramp  3
111  37.74987655 -001.30042433 51
115  37.74984345 -001.30064767
120 GA Ramp  4
111  37.74990214 -001.30015461 51
115  37.74987586 -001.30037939
120 GA Ramp  5
111  37.75001042 -001.29896019 51
115  37.75000358 -001.29902781
120 GA Ramp  6
111  37.75003383 -001.29870326 51
115  37.75002617 -001.29877074
120 GA Ramp  7
111  37.75006269 -001.29843524 51
115  37.75005531 -001.29850276
120 GA Ramp  8
111  37.75009599 -001.29817113 51
115  37.75009001 -001.29823887
120 GA Ramp  9
111  37.75017858 -001.30108780 51
115  37.75016542 -001.30120020
120 GA Ramp 10
111  37.75021131 -001.30082317 51
115  37.75019469 -001.30093483
120 GA Ramp 11
111  37.75024521 -001.30055215 51
115  37.75022879 -001.30066385
120 GA Ramp 12
111  37.75027385 -001.30027568 51
115  37.75026215 -001.30038832
120 GA Ramp 13
111  37.75059006 -001.30115990 51
115  37.75057594 -001.30127210
120 GA Ramp 14
111  37.75061926 -001.30088994 51
115  37.75060474 -001.30100206
120 GA Ramp 15
111  37.75064973 -001.30061983 51
115  37.75063627 -001.30073217
120 GA Ramp 16
111  37.75067749 -001.30035199 51
115  37.75066251 -001.30046401
120 GA Ramp 17
111  37.75080691 -001.29910628 51
115  37.75079909 -001.29917372
120 GA Ramp 18
111  37.75083459 -001.29883522 51
115  37.75082741 -001.29890278
120 GA Ramp 19
111  37.75086735 -001.29855536 51
115  37.75085865 -001.29862264
120 GA Ramp 20
111  37.75089849 -001.29828639 51
115  37.75088951 -001.29835361
120 GA Ramp 21
111  37.75039609 -001.29902931 51
115  37.75038791 -001.29909669
120 GA Ramp 22
111  37.75042388 -001.29875027 51
115  37.75041612 -001.29881773
120 GA Ramp 23
111  37.75045624 -001.29848234 51
115  37.75044776 -001.29854966
120 GA Ramp 24
111  37.75048701 -001.29821729 51
115  37.75047899 -001.29828471
14  37.74820200 -001.30009900   6.00 0 Alhama de Murcia Tower
1300  37.74979900 -001.30105700 169.71 misc props|helos GA Ramp  1
1300  37.74982500 -001.30079700 169.63 misc props|helos GA Ramp  2
1300  37.74986000 -001.30053600 168.38 misc props|helos GA Ramp  3
1300  37.74988900 -001.30026700 170.00 misc props|helos GA Ramp  4
1300  37.75000700 -001.29899400 168.68 misc props|helos GA Ramp  5
1300  37.75003000 -001.29873700 171.52 misc props|helos GA Ramp  6
1300  37.75005900 -001.29846900 168.38 misc props|helos GA Ramp  7
1300  37.75009300 -001.29820500 170.63 misc props|helos GA Ramp  8
1300  37.75017200 -001.30114400 170.01 misc props|helos GA Ramp  9
1300  37.75020300 -001.30087900 170.98 misc props|helos GA Ramp 10
1300  37.75023700 -001.30060800 170.55 misc props|helos GA Ramp 11
1300  37.75026800 -001.30033200 171.07 misc props|helos GA Ramp 12
1300  37.75058300 -001.30121600 172.15 misc props|helos GA Ramp 13
1300  37.75061200 -001.30094600 171.01 misc props|helos GA Ramp 14
1300  37.75064300 -001.30067600 170.10 misc props|helos GA Ramp 15
1300  37.75067000 -001.30040800 169.55 misc props|helos GA Ramp 16
1300  37.75080300 -001.29914000 173.19 misc props|helos GA Ramp 17
1300  37.75083100 -001.29886900 172.16 misc props|helos GA Ramp 18
1300  37.75086300 -001.29858900 169.95 misc props|helos GA Ramp 19
1300  37.75089400 -001.29832000 170.73 misc props|helos GA Ramp 20
1300  37.75039200 -001.29906300 170.97 misc props|helos GA Ramp 21
1300  37.75042000 -001.29878400 170.79 misc props|helos GA Ramp 22
1300  37.75045200 -001.29851600 170.34 misc props|helos GA Ramp 23
1300  37.75048300 -001.29825100 171.67 misc props|helos GA Ramp 24
19  37.75016625 -001.29625637 1 New Windsock 1
99
