I
1000 Generated by WorldEditor

1   2870 0 0 LEG4 Chozas de Abajo
100 21.00 12 0 0.25 1 0 0 18  42.49263730 -005.68320592    0    0 1 0 0 0 36  42.49981670 -005.68249208    0    0 1 0 0 0
110 1 0.25 4.2000 Taxiway
112  42.50148400 -005.68288800  42.50150200 -005.68288700
111  42.50171300 -005.68288200
111  42.50171400 -005.68291900
112  42.50148600 -005.68292400  42.50146800 -005.68292500
112  42.50143200 -005.68293000  42.50141400 -005.68293300
111  42.50112200 -005.68299300
112  42.50090100 -005.68303900  42.50088300 -005.68304200
112  42.50084700 -005.68304600  42.50082900 -005.68304700
112  42.50062100 -005.68305900  42.50060300 -005.68306000
112  42.50056700 -005.68305800  42.50054900 -005.68305600
112  42.50048200 -005.68304700  42.50046400 -005.68304500
112  42.50043200 -005.68302600  42.50041700 -005.68301400
112  42.50033400 -005.68295200  42.50031900 -005.68294000
112  42.50029200 -005.68290800  42.50027900 -005.68289100
112  42.49997600 -005.68248900  42.49996300 -005.68247200
112  42.49993600 -005.68244000  42.49992200 -005.68242500
112  42.49982000 -005.68231500  42.49980600 -005.68230000
112  42.49977400 -005.68227800  42.49975700 -005.68226900
111  42.49962000 -005.68219000
111  42.49821100 -005.68157300
111  42.49797600 -005.68145900
111  42.49798400 -005.68142500
111  42.49821900 -005.68153900
111  42.49963000 -005.68215600
112  42.49978800 -005.68224600  42.49980500 -005.68225500
112  42.49983400 -005.68228300  42.49984800 -005.68229800
112  42.49995400 -005.68241200  42.49996800 -005.68242700
112  42.49999400 -005.68246100  42.50000700 -005.68247800
112  42.50030800 -005.68287800  42.50032100 -005.68289500
112  42.50035000 -005.68292200  42.50036500 -005.68293400
112  42.50044000 -005.68299000  42.50045500 -005.68300200
112  42.50049000 -005.68301100  42.50050800 -005.68301300
112  42.50056700 -005.68302200  42.50058500 -005.68302400
112  42.50062100 -005.68302300  42.50063900 -005.68302200
112  42.50084500 -005.68301000  42.50086300 -005.68300900
112  42.50089900 -005.68300200  42.50091700 -005.68299800
111  42.50111800 -005.68295700
114  42.50143000 -005.68289400  42.50144800 -005.68289100
110 12 0.25 4.2000 Taxiway
112  42.50029000 -005.68303000  42.50030800 -005.68302600
111  42.50044000 -005.68299800
111  42.50044400 -005.68303400
112  42.50029000 -005.68306600  42.50027200 -005.68307000
112  42.50023600 -005.68306900  42.50021800 -005.68306700
111  42.50006300 -005.68304600
112  42.49991200 -005.68302800  42.49989400 -005.68302600
112  42.49985800 -005.68302600  42.49984000 -005.68302700
111  42.49906600 -005.68305400
111  42.49833300 -005.68304000
111  42.49797800 -005.68305500
111  42.49724700 -005.68310500
111  42.49672000 -005.68314700
111  42.49621500 -005.68319100
111  42.49555500 -005.68322500
111  42.49484600 -005.68328500
111  42.49450600 -005.68330200
111  42.49403400 -005.68332300
111  42.49235300 -005.68340900
111  42.49178400 -005.68342200
111  42.49178300 -005.68338500
112  42.49227900 -005.68337500  42.49229700 -005.68337400
112  42.49228300 -005.68335500  42.49226800 -005.68334200
111  42.49222000 -005.68330300
112  42.49200900 -005.68309200  42.49199400 -005.68307700
112  42.49196200 -005.68305500  42.49194500 -005.68304500
111  42.49184200 -005.68298100
111  42.49146600 -005.68270000
111  42.49147900 -005.68266800
111  42.49185400 -005.68294900
112  42.49197600 -005.68302300  42.49199300 -005.68303300
112  42.49202300 -005.68306000  42.49203800 -005.68307500
111  42.49223600 -005.68327300
112  42.49233400 -005.68335400  42.49234900 -005.68336700
112  42.49238400 -005.68337200  42.49240200 -005.68337100
111  42.49403400 -005.68328700
111  42.49450600 -005.68326600
111  42.49484400 -005.68324900
111  42.49555300 -005.68318900
111  42.49621300 -005.68315500
111  42.49671800 -005.68311100
111  42.49724500 -005.68306900
111  42.49797600 -005.68301900
111  42.49833300 -005.68300400
111  42.49906600 -005.68301800
112  42.49985800 -005.68299000  42.49987600 -005.68298900
112  42.49991200 -005.68299200  42.49993000 -005.68299400
111  42.50006500 -005.68301000
114  42.50023600 -005.68303200  42.50025400 -005.68303500
110 12 0.25 4.2000 Taxiway
112  42.49672500 -005.68071300  42.49673200 -005.68069000
111  42.49674500 -005.68064800
111  42.49757000 -005.67853600
111  42.49759400 -005.67855300
111  42.49676900 -005.68066400
112  42.49675300 -005.68071700  42.49674600 -005.68074000
112  42.49674800 -005.68078700  42.49675100 -005.68081100
112  42.49676000 -005.68086000  42.49676300 -005.68088400
112  42.49679100 -005.68090700  42.49680800 -005.68091400
111  42.49685300 -005.68093300
111  42.49798400 -005.68142500
111  42.49797600 -005.68145900
111  42.49684500 -005.68096700
111  42.49674900 -005.68092700
111  42.49666600 -005.68088500
111  42.49420400 -005.67981500
111  42.49310300 -005.67931800
111  42.49227800 -005.67892800
111  42.49228700 -005.67889400
111  42.49311100 -005.67928400
111  42.49421200 -005.67978100
111  42.49667400 -005.68085100
112  42.49671000 -005.68086900  42.49672700 -005.68087700
112  42.49673000 -005.68084500  42.49672700 -005.68082100
114  42.49672000 -005.68078300  42.49671700 -005.68075900
110 2 0.25 4.2000 Apron
111  42.49784100 -005.68199400
111  42.49784700 -005.68171400
111  42.49801500 -005.68172000
111  42.49807600 -005.68168200
111  42.49830100 -005.68168600
113  42.49829800 -005.68201700
110 2 0.25 4.2000 Apron
111  42.49771400 -005.68111200
111  42.49760400 -005.68105900
111  42.49763700 -005.68094400
113  42.49774700 -005.68099600
110 3 0.25 4.2000 Apron
111  42.49777700 -005.68155200
111  42.49776300 -005.68148600
111  42.49777700 -005.68138300
111  42.49782200 -005.68141400
111  42.49789300 -005.68144100
111  42.49794600 -005.68146400
111  42.49797700 -005.68150100
111  42.49796800 -005.68154000
111  42.49792900 -005.68155500
113  42.49786700 -005.68155500
110 2 0.25 4.2000 Apron
111  42.49693400 -005.68148300
111  42.49695800 -005.68137800
111  42.49697100 -005.68137100
111  42.49710800 -005.68142500
111  42.49711800 -005.68144300
111  42.49709500 -005.68153900
111  42.49707900 -005.68154800
113  42.49694100 -005.68149700
110 13 0.25 4.2000 Apron
111  42.49708200 -005.68152800
111  42.49695100 -005.68147700
111  42.49697300 -005.68138700
113  42.49710300 -005.68144000
110 3 0.25 4.2000 Apron
111  42.49691685 -005.68140332
111  42.49691500 -005.68140200
111  42.49693100 -005.68131600
111  42.49695200 -005.68130300
111  42.49715600 -005.68138300
111  42.49716800 -005.68140800
111  42.49713200 -005.68158500
111  42.49711300 -005.68159500
111  42.49690800 -005.68152300
113  42.49689400 -005.68150600
111  42.49692954 -005.68141300
111  42.49694200 -005.68142400
111  42.49693100 -005.68148400
111  42.49709000 -005.68154900
111  42.49711900 -005.68142500
111  42.49696100 -005.68136300
113  42.49694400 -005.68142400
110 3 0.25 4.2000 Apron
111  42.49750000 -005.68171400
111  42.49713500 -005.68158900
111  42.49718000 -005.68138900
111  42.49715400 -005.68136800
111  42.49693600 -005.68128100
111  42.49692600 -005.68129900
111  42.49690400 -005.68140200
111  42.49682400 -005.68140200
111  42.49677300 -005.68137600
111  42.49677900 -005.68105100
111  42.49679800 -005.68100800
111  42.49766300 -005.68139800
111  42.49766700 -005.68144500
111  42.49769500 -005.68147600
111  42.49774300 -005.68152800
111  42.49772700 -005.68158000
111  42.49769200 -005.68160200
111  42.49766000 -005.68160600
113  42.49764700 -005.68164900
14  42.49526600 -005.68305900  82.00 0 Chozas de Abajo Tower
1300  42.49758200 -005.68245700 105.86 misc props|helos GA Ramp  1
1300  42.49788400 -005.68242000  92.41 misc props|helos GA Ramp  2
19  42.49738783 -005.68245752 0 New Windsock 1
99
