I
1000 Generated by WorldEditor

1    679 0 0 LEAT Alfes
100 50.00 4 0 0.25 0 0 0 11  41.54612928  000.65949956    0    0 1 0 0 0 29  41.55082272  000.64364644    0    0 1 0 0 0
100 45.00 4 0 0.25 0 0 0 01  41.54242678  000.65391390    0    0 1 0 0 0 19  41.55097522  000.65387210    0    0 1 0 0 0
100 45.00 4 0 0.25 0 0 0 07  41.54543679  000.64933377    0    0 1 0 0 0 25  41.54833721  000.65812223    0    0 1 0 0 0
102 H1  41.55074200  000.65081300 101.91 21.00 21.00 2 0 0 0.25 1
110 1 0.25 111.5500 Taxiway
112  41.55096200  000.65255000  41.55093200  000.65255500
112  41.55082600  000.65257100  41.55079600  000.65257600
112  41.55073800  000.65256200  41.55070900  000.65255100
111  41.55059600  000.65251100
111  41.55030100  000.65236800
111  41.55028500  000.65242400
111  41.55058200  000.65256900
112  41.55073400  000.65262300  41.55076300  000.65263300
112  41.55082200  000.65263100  41.55085200  000.65262600
112  41.55097600  000.65260800  41.55100600  000.65260300
112  41.55106000  000.65257200  41.55108600  000.65255300
111  41.55133300  000.65237300
111  41.55131100  000.65232000
114  41.55104600  000.65251400  41.55102000  000.65253300
110 1 0.25 111.5500 Taxiway
112  41.55237600  000.65143200  41.55241100  000.65144500
111  41.55334400  000.65179100
111  41.55335800  000.65172200
112  41.55238200  000.65136000  41.55234700  000.65134700
112  41.55227600  000.65134400  41.55224000  000.65134600
111  41.55073400  000.65142900
111  41.55074000  000.65151900
114  41.55227000  000.65141700  41.55230600  000.65141400
110 4 0.25 111.5500 Taxiway
112  41.54918300  000.65243900  41.54914400  000.65246000
112  41.54858700  000.65276000  41.54854800  000.65278100
112  41.54846800  000.65281000  41.54842700  000.65282300
111  41.54791500  000.65298000
111  41.54848100  000.65289200
112  41.54851400  000.65288200  41.54853600  000.65287500
112  41.54860500  000.65284000  41.54864400  000.65281900
112  41.54935100  000.65243900  41.54939000  000.65241800
111  41.54940900  000.65240800
113  41.54924100  000.65240800
110 4 0.25 111.5500 Taxiway
112  41.54890600  000.65272600  41.54886600  000.65274300
112  41.54853000  000.65287800  41.54849000  000.65289500
112  41.54842400  000.65296100  41.54839300  000.65300000
112  41.54807300  000.65340400  41.54804200  000.65344300
111  41.54802700  000.65346200
111  41.54817900  000.65338600
112  41.54822500  000.65332800  41.54825600  000.65328900
112  41.54845600  000.65303500  41.54848700  000.65299600
112  41.54856200  000.65295300  41.54860200  000.65293700
112  41.54892200  000.65280700  41.54896200  000.65279100
112  41.54904400  000.65276700  41.54908500  000.65275600
112  41.54939900  000.65267600  41.54944000  000.65266500
112  41.54945500  000.65267500  41.54945100  000.65268500
111  41.54944900  000.65268900
111  41.54929900  000.65305400
111  41.54796000  000.65631800
112  41.54705200  000.65869900  41.54703300  000.65874900
112  41.54697800  000.65883200  41.54694800  000.65887100
112  41.54687200  000.65896900  41.54684200  000.65900800
112  41.54676500  000.65901600  41.54672400  000.65900900
112  41.54670400  000.65900600  41.54666300  000.65899900
112  41.54659200  000.65896500  41.54655900  000.65894500
112  41.54670800  000.65837700  41.54681900  000.65800500
111  41.54670800  000.65837700
111  41.54611500  000.65874200
111  41.54647400  000.65917800
112  41.54647400  000.65917800  41.54650400  000.65906800
112  41.54657100  000.65904500  41.54660600  000.65906600
112  41.54668600  000.65908800  41.54672700  000.65909500
112  41.54678700  000.65910400  41.54682800  000.65911100
112  41.54689400  000.65905700  41.54692400  000.65901800
112  41.54703000  000.65888200  41.54706000  000.65884300
112  41.54710400  000.65874900  41.54712300  000.65869900
111  41.54801600  000.65635800
111  41.54935500  000.65309400
111  41.54950500  000.65272900
111  41.54954900  000.65262200
111  41.54955300  000.65256500
111  41.54952500  000.65254700
112  41.54951300  000.65255600  41.54950400  000.65256200
112  41.54943800  000.65258100  41.54939700  000.65259200
114  41.54902800  000.65268500  41.54898700  000.65269600
110 4 0.25 111.5500 Taxiway
112  41.55053300  000.65263400  41.55050600  000.65260300
111  41.55033900  000.65241300
111  41.55030400  000.65246800
112  41.55048500  000.65267400  41.55051200  000.65270500
112  41.55053900  000.65279100  41.55054800  000.65283800
112  41.55057300  000.65296900  41.55058200  000.65301600
112  41.55059100  000.65311100  41.55059400  000.65315900
112  41.55061000  000.65342100  41.55061300  000.65346900
112  41.55062300  000.65354500  41.55062800  000.65358000
112  41.55022700  000.65360000  41.54995800  000.65360200
111  41.55022700  000.65360000
111  41.55036700  000.65414000
112  41.55036700  000.65414000  41.55063600  000.65413800
112  41.55076000  000.65406600  41.55075300  000.65401900
112  41.55068000  000.65355400  41.55067300  000.65350700
112  41.55066400  000.65341100  41.55066100  000.65336300
112  41.55064500  000.65309900  41.55064200  000.65305100
112  41.55062700  000.65295700  41.55061800  000.65291000
114  41.55058700  000.65275100  41.55057800  000.65270400
110 4 0.25 111.5500 Taxiway
112  41.54824200  000.65111500  41.54828300  000.65112800
112  41.54830000  000.65113400  41.54834100  000.65114700
111  41.54819600  000.65171200
111  41.54877000  000.65134800
111  41.54946100  000.65199000
111  41.54951300  000.65203800
111  41.54938700  000.65182400
111  41.54933400  000.65177900
111  41.54878300  000.65130800
111  41.54877100  000.65126800
111  41.54912300  000.65120900
112  41.54924600  000.65117700  41.54928700  000.65116300
112  41.54945100  000.65110500  41.54949200  000.65109100
112  41.54957400  000.65107200  41.54961500  000.65106400
112  41.54964300  000.65105800  41.54968400  000.65105000
112  41.54976300  000.65107800  41.54980200  000.65109900
111  41.55000700  000.65121000
111  41.55003100  000.65113200
112  41.54977100  000.65099200  41.54973200  000.65097100
112  41.54965100  000.65097200  41.54961000  000.65098000
112  41.54956200  000.65099000  41.54952100  000.65099800
112  41.54943900  000.65102300  41.54939800  000.65103700
112  41.54923400  000.65109500  41.54919300  000.65110900
112  41.54911100  000.65112700  41.54907000  000.65113400
111  41.54875400  000.65118700
111  41.54875700  000.65122100
111  41.54854900  000.65051500
112  41.54832400  000.65105500  41.54828300  000.65104200
112  41.54824200  000.65102900  41.54820100  000.65101600
112  41.54811900  000.65102700  41.54807800  000.65103800
112  41.54644400  000.65149700  41.54640300  000.65150800
112  41.54621900  000.65101900  41.54611000  000.65068900
111  41.54621900  000.65101900
111  41.54600700  000.65171900
111  41.54657000  000.65208800
112  41.54657000  000.65208800  41.54646100  000.65175800
112  41.54646900  000.65157600  41.54651000  000.65156500
114  41.54811900  000.65111300  41.54816000  000.65110200
110 5 0.25 111.5500 Taxiway
112  41.55033200  000.65151200  41.55028100  000.65153400
111  41.54997200  000.65166600
111  41.54999700  000.65176900
112  41.55035000  000.65161800  41.55040100  000.65159600
112  41.55050700  000.65156800  41.55056000  000.65155700
111  41.55074000  000.65151900
111  41.55073400  000.65142900
114  41.55048900  000.65146700  41.55043600  000.65147500
110 1 0.25 111.5500 Apron
111  41.54951400  000.65174500
111  41.54933500  000.65239600
111  41.54934900  000.65242900
111  41.54990400  000.65271600
111  41.54994300  000.65270600
111  41.55004100  000.65241100
111  41.55020700  000.65242200
111  41.55039500  000.65243900
111  41.55049200  000.65209400
111  41.55030000  000.65199300
111  41.55022800  000.65222500
111  41.55005600  000.65212600
111  41.55004200  000.65217400
111  41.54966700  000.65197200
113  41.54970300  000.65184800
110 2 0.25 111.5500 Apron
111  41.55011900  000.65189300
111  41.55005000  000.65212400
111  41.55023100  000.65222300
113  41.55030300  000.65198900
110 2 0.25 111.5500 Apron
111  41.54973200  000.65172500
111  41.54966100  000.65196900
111  41.54987000  000.65207500
113  41.54994500  000.65183000
110 2 0.25 111.5500 Apron
111  41.55004800  000.65196900
111  41.55000800  000.65194800
111  41.54995600  000.65212000
113  41.54999700  000.65214100
110 5 0.25 111.5500 Apron
111  41.54990900  000.65137600
111  41.54979600  000.65174800
111  41.54995500  000.65184600
111  41.55006600  000.65146800
113  41.55005700  000.65143900
110 1 0.25 111.5500 Apron
111  41.55159900  000.65224000
111  41.55158500  000.65218400
111  41.55156000  000.65213600
111  41.55151800  000.65210300
111  41.55147200  000.65209400
111  41.55143300  000.65209900
111  41.55139700  000.65212700
111  41.55124200  000.65236800
111  41.55128100  000.65242000
111  41.55142200  000.65234400
111  41.55147900  000.65232000
111  41.55153900  000.65231500
111  41.55157400  000.65230600
113  41.55159900  000.65229200
110 12 0.25 111.5500 Apron
111  41.55098700  000.65061500
111  41.55094400  000.65056800
111  41.55087300  000.65052100
111  41.55083100  000.65049200
111  41.55076400  000.65048800
111  41.55068900  000.65048300
111  41.55064000  000.65050200
111  41.55056900  000.65059200
111  41.55049900  000.65077400
111  41.55053000  000.65078600
111  41.55055900  000.65070500
111  41.55060900  000.65061200
111  41.55066200  000.65056700
111  41.55072000  000.65054800
111  41.55079400  000.65055500
111  41.55085600  000.65057800
111  41.55091300  000.65062500
111  41.55094400  000.65070500
111  41.55096200  000.65080900
111  41.55096200  000.65088900
111  41.55094800  000.65096500
111  41.55089500  000.65104000
111  41.55084500  000.65109700
111  41.55077000  000.65112000
111  41.55070200  000.65111000
111  41.55066100  000.65108700
111  41.55062400  000.65106800
111  41.55059000  000.65102700
111  41.55056400  000.65098300
111  41.55054300  000.65093100
111  41.55053100  000.65086200
111  41.55052900  000.65079400
111  41.55049700  000.65080100
111  41.55045600  000.65097900
111  41.55041000  000.65105400
111  41.55036400  000.65109200
111  41.55030000  000.65109700
111  41.55020100  000.65112100
111  41.55017300  000.65113000
111  41.55005900  000.65113000
111  41.55002000  000.65114400
111  41.54991400  000.65139000
111  41.55006300  000.65145600
111  41.55006600  000.65148100
111  41.55001400  000.65165900
111  41.55038500  000.65151300
111  41.55075000  000.65143200
111  41.55073600  000.65137100
111  41.55075000  000.65131400
111  41.55077800  000.65126200
111  41.55082700  000.65122000
111  41.55089500  000.65115800
111  41.55094100  000.65110200
111  41.55099000  000.65103100
111  41.55102600  000.65089800
111  41.55102900  000.65079000
113  41.55101900  000.65070000
110 12 0.25 111.5500 Apron
111  41.55012100  000.65189200
111  41.55050500  000.65209600
111  41.55054100  000.65199600
111  41.55054500  000.65189700
111  41.55054500  000.65183000
111  41.55056300  000.65175500
111  41.55058400  000.65166100
111  41.55060800  000.65159900
111  41.55065400  000.65154000
111  41.55042800  000.65157200
111  41.55024000  000.65166500
111  41.55014900  000.65171200
113  41.55013000  000.65177700
110 5 0.25 111.5500 Apron
111  41.54998800  000.65174200
111  41.54994900  000.65184400
111  41.55003700  000.65198300
111  41.55008200  000.65200900
111  41.55011100  000.65192300
111  41.55011400  000.65185000
111  41.55013000  000.65179000
111  41.55018700  000.65168200
113  41.55013400  000.65167900
110 3 0.25 111.5500 Apron
111  41.54994100  000.65184100
111  41.54987500  000.65207600
111  41.54995100  000.65211700
113  41.55000800  000.65192800
110 2 0.25 111.5500 Apron
111  41.55055100  000.65079400
111  41.55055200  000.65084100
111  41.55055600  000.65088600
111  41.55056800  000.65092400
111  41.55058400  000.65095900
111  41.55060500  000.65098800
111  41.55062800  000.65101700
111  41.55065300  000.65103800
111  41.55068600  000.65105500
111  41.55071900  000.65106200
111  41.55075400  000.65106400
111  41.55079200  000.65106000
111  41.55082600  000.65104500
111  41.55086200  000.65101500
111  41.55089000  000.65097600
111  41.55091200  000.65091800
111  41.55092600  000.65085600
111  41.55093000  000.65079300
111  41.55092400  000.65072800
111  41.55090300  000.65067200
111  41.55087900  000.65063100
111  41.55085000  000.65060200
111  41.55081000  000.65057900
111  41.55077100  000.65056600
111  41.55072900  000.65056000
111  41.55069200  000.65056400
111  41.55065700  000.65058000
111  41.55062800  000.65060500
111  41.55060300  000.65063700
111  41.55058400  000.65066800
111  41.55056900  000.65070600
113  41.55055900  000.65075000
110 1 0.25 111.5500 Apron
111  41.55068300  000.65065200
111  41.55065800  000.65067500
111  41.55064500  000.65069400
111  41.55063200  000.65071600
111  41.55062200  000.65074400
111  41.55061500  000.65077000
111  41.55061200  000.65079900
111  41.55061000  000.65083200
111  41.55061400  000.65085900
111  41.55061800  000.65088200
111  41.55062800  000.65091300
111  41.55063600  000.65092800
111  41.55064500  000.65094500
111  41.55065500  000.65096000
111  41.55066400  000.65097000
111  41.55068000  000.65097900
111  41.55069800  000.65099400
111  41.55071800  000.65100100
111  41.55074000  000.65100600
111  41.55076600  000.65100100
111  41.55078800  000.65099400
111  41.55080700  000.65098200
111  41.55082600  000.65096900
111  41.55083600  000.65095300
111  41.55084800  000.65092700
111  41.55085900  000.65090500
111  41.55086700  000.65087600
111  41.55087500  000.65084900
111  41.55087900  000.65081000
111  41.55087800  000.65078000
111  41.55086900  000.65075000
111  41.55086300  000.65072400
111  41.55085300  000.65070300
111  41.55083700  000.65068400
111  41.55082000  000.65066200
111  41.55079700  000.65064800
111  41.55077000  000.65064300
111  41.55074600  000.65063800
111  41.55072900  000.65063500
113  41.55070900  000.65064000
110 4 0.25 111.5500 Apron
111  41.54602400  000.65925700
111  41.54606100  000.65936100
111  41.54626100  000.65947000
111  41.54633000  000.65940900
111  41.55093000  000.64392900
111  41.55091000  000.64380900
111  41.55070100  000.64368900
113  41.55061900  000.64375400
110 4 0.25 111.5500 Apron
111  41.54541000  000.64961600
111  41.54816800  000.65796600
111  41.54822800  000.65802300
111  41.54838200  000.65789700
111  41.54838200  000.65784000
111  41.54563200  000.64953700
111  41.54557200  000.64944600
113  41.54542700  000.64950200
110 4 0.25 111.5500 Apron
111  41.54259200  000.65377800
111  41.54254900  000.65380700
111  41.54253400  000.65398200
111  41.54258500  000.65405000
111  41.55077400  000.65402000
111  41.55083200  000.65397200
111  41.55083200  000.65379700
111  41.55078900  000.65372000
113  41.54263600  000.65376800
120 Centreline for Taxi
111  41.54978400  000.65256900 51
111  41.54987900  000.65228000 51
111  41.54987900  000.65228000 51
111  41.55000400  000.65234500 51
115  41.55000400  000.65234500
120 Centreline for Taxi
111  41.54967800  000.65250700 51
111  41.54976600  000.65221800 51
111  41.54976600  000.65221800 51
111  41.54987900  000.65228000 51
115  41.54987900  000.65228000
120 Centreline for Path
111  41.54991500  000.65264900 51
115  41.55000400  000.65234500
120 Centreline for Taxi
111  41.54966900  000.65216300 51
111  41.54966900  000.65216300 51
111  41.54976600  000.65221800 51
115  41.54976600  000.65221800
120 Centreline for Taxi
111  41.54948600  000.65199200 51
111  41.54948600  000.65199200 51
111  41.54960000  000.65209500 51
111  41.54960000  000.65209500 51
111  41.54955100  000.65223100 51
111  41.54955100  000.65223100 51
111  41.54948000  000.65240800 51
115  41.54948000  000.65240800
120 Centreline for Taxi
111  41.54960000  000.65209500 51
115  41.54960000  000.65209500
120 Centreline for Taxi
111  41.54960000  000.65209500 51
115  41.54960000  000.65209500
120 Centreline for Taxi
111  41.54987900  000.65228000 51
115  41.54987900  000.65228000
120 Centreline for Taxi
111  41.54976600  000.65221800 51
115  41.54976600  000.65221800
120 Centreline for Taxi
111  41.54966900  000.65216300 51
115  41.54966900  000.65216300
120 Centreline for Taxi join
111  41.54955100  000.65223100 51
115  41.54955100  000.65223100
120 Centreline for Taxi join
111  41.54955100  000.65223100 51
115  41.54955100  000.65223100
14  41.55034700  000.65559700  91.00 0 Alfes Tower
1300  41.54991500  000.65264900 293.12 misc props|helos GA Ramp  1
1300  41.54943300  000.65217200  23.24 misc props|helos GA Ramp  2
19  41.54902998  000.65175355 0 New Windsock 1
99
