I
1000 Generated by WorldEditor

1   3586 1 0 LECD La Cerdanya
100 23.00 1 0 0.25 0 0 0 07  42.38471346  001.85673413    0    0 2 0 0 0 25  42.38931817  001.86923818    0    0 1 0 0 0
110 2 0.35 70.0000 New Taxiway 1
112  42.38574938  001.86870359  42.38574441  001.86913284
111  42.38574938  001.86870359
112  42.38574938  001.86870359  42.38638888  001.86867646 20
112  42.38738227  001.86871007  42.38761004  001.86871452
111  42.38738227  001.86871007
112  42.38738227  001.86871007  42.38738789  001.86851820 20
112  42.38745238  001.86737463  42.38747640  001.86707130
111  42.38745238  001.86737463
112  42.38745238  001.86737463  42.38754698  001.86726407 20
112  42.38784353  001.86706468  42.38800793  001.86699140
111  42.38784353  001.86706468
112  42.38784353  001.86706468  42.38827302  001.86696838 20
112  42.38848402  001.86728687  42.38862360  001.86742294
111  42.38848402  001.86728687
112  42.38848402  001.86728687  42.38846212  001.86720793 20
112  42.38841566  001.86708747  42.38838674  001.86702035
111  42.38841566  001.86708747
112  42.38841566  001.86708747  42.38835148  001.86699039 20
112  42.38791557  001.86693408  42.38768594  001.86701857
111  42.38791557  001.86693408
112  42.38791557  001.86693408  42.38787324  001.86690283 20
112  42.38791816  001.86686276  42.38794265  001.86682448
111  42.38791816  001.86686276
112  42.38791816  001.86686276  42.38807276  001.86671477 20
112  42.38808619  001.86620117  42.38810847  001.86613010
111  42.38808619  001.86620117
112  42.38808619  001.86620117  42.38805953  001.86611179 20
112  42.38799983  001.86596491  42.38797124  001.86588510
111  42.38799983  001.86596491
112  42.38799983  001.86596491  42.38800309  001.86613470 20
112  42.38777485  001.86688783  42.38754971  001.86711001
111  42.38777485  001.86688783
112  42.38777485  001.86688783  42.38763643  001.86700787 20
112  42.38736310  001.86719520  42.38720536  001.86729227
111  42.38736310  001.86719520
112  42.38736310  001.86719520  42.38717722  001.86706135 20
112  42.38687148  001.86685924  42.38671221  001.86675225
111  42.38687148  001.86685924
112  42.38687148  001.86685924  42.38682129  001.86696116 20
112  42.38654691  001.86737283  42.38646087  001.86751844
111  42.38654691  001.86737283
112  42.38654691  001.86737283  42.38643577  001.86738739 20
112  42.38576254  001.86738243  42.38562989  001.86736302
111  42.38576254  001.86738243
114  42.38576254  001.86738243  42.38576379  001.86767218 20
120 Linear Feature 3
111  42.38667354  001.86775324 20
112  42.38628937  001.86777671  42.38622927  001.86778411 20
112  42.38615410  001.86799761  42.38615730  001.86823228 20
111  42.38629220  001.86821418 20
115  42.38667034  001.86821928
120 Linear Feature 2
112  42.38804316  001.86579880  42.38808362  001.86602493 20
112  42.38797503  001.86658454  42.38793056  001.86678982 20
116  42.38779052  001.86701226  42.38774346  001.86705210
120 Linear Feature 1
111  42.38740440  001.86728870 20
112  42.38779052  001.86701226  42.38789333  001.86695871 20
112  42.38827974  001.86702868  42.38838688  001.86708616 20
116  42.38860319  001.86730238  42.38863958  001.86738723
1300  42.38734706  001.86796187 184.57 misc props New Ramp Start 6
1300  42.38679597  001.86708766  41.19 misc props New Ramp Start 4
1300  42.38612242  001.86746447  90.00 misc props New Ramp Start 3
1300  42.38638962  001.86747201  88.96 misc props New Ramp Start 1
1300  42.38644568  001.86831245   0.00 misc props Custom Startup Location
19  42.38488357  001.85810779 0 Windsock 
19  42.38951079  001.86839739 0 Windsock
54 12350 TWR
99
