I
1000 Generated by WorldEditor

1   2187 0 0 LE48 Andujar
100 40.00 4 0 0.25 0 0 0 06  38.11311263 -004.12038492    0    0 0 0 0 0 24  38.11717137 -004.10953908    0    0 0 0 0 0
120 Apron edge
111  38.11313500 -004.12065800 102
115  38.11321500 -004.12042500
120 Apron edge
111  38.11291200 -004.12054400 102
115  38.11299700 -004.12032300
120 Apron edge
111  38.11709500 -004.10949000 102
115  38.11695400 -004.10985200
120 Apron edge
111  38.11724900 -004.10960400 102
115  38.11714400 -004.10990000
14  38.11541500 -004.11710100  32.81 0 Andujar Tower
99
