I
1000 Generated by WorldEditor

1    880 1 0 LEEP Casimiro Patinio
100 35.00 12 0 0.25 0 0 0 05  38.70396687 -007.00262159    0    0 3 0 0 0 23  38.70743513 -006.99835041    0    0 3 0 0 0
100 35.00 12 0 0.25 0 0 0 05L  38.70417945 -007.00290575    0    0 0 0 0 0 23R  38.70764055 -006.99865825    0    0 0 0 0 0
110 12 0.25 43.9100 Taxiway
112  38.70396000 -007.00223500  38.70399100 -007.00219900
112  38.70396400 -007.00212100  38.70393600 -007.00208100
111  38.70391100 -007.00204400
111  38.70395700 -007.00199000
112  38.70401000 -007.00206600  38.70403800 -007.00210600
112  38.70409700 -007.00207000  38.70412700 -007.00203300
112  38.70435800 -007.00174500  38.70438800 -007.00170800
112  38.70436200 -007.00162800  38.70433500 -007.00158700
111  38.70431400 -007.00155900
111  38.70436100 -007.00150600
112  38.70440600 -007.00157200  38.70443400 -007.00161200
112  38.70449300 -007.00157600  38.70452300 -007.00153900
112  38.70451500 -007.00154800  38.70454500 -007.00151100
112  38.70451900 -007.00143100  38.70449200 -007.00139000
111  38.70447000 -007.00135900
111  38.70451700 -007.00130600
112  38.70456400 -007.00137500  38.70459100 -007.00141600
112  38.70465000 -007.00138000  38.70468000 -007.00134300
112  38.70723000 -006.99820700  38.70726000 -006.99817000
112  38.70730700 -006.99819400  38.70732800 -006.99822300
111  38.70733800 -006.99823600
111  38.70729200 -006.99829100
112  38.70728300 -006.99827800  38.70727600 -006.99826900
112  38.70722800 -006.99832100  38.70719800 -006.99835800
111  38.70462500 -007.00152300
111  38.70446800 -007.00172000
111  38.70407200 -007.00221300
112  38.70389300 -007.00242300  38.70386200 -007.00245900
112  38.70389200 -007.00253300  38.70392200 -007.00257000
111  38.70408400 -007.00277500
111  38.70419500 -007.00292700
111  38.70414900 -007.00298200
111  38.70403800 -007.00283100
112  38.70380000 -007.00253100  38.70377000 -007.00249400
114  38.70380100 -007.00242100  38.70383200 -007.00238500
110 12 0.25 43.9100 Road
112  38.70674600 -006.99826800  38.70677900 -006.99822700
112  38.70685000 -006.99815400  38.70688700 -006.99811900
112  38.70696700 -006.99806400  38.70700800 -006.99803900
112  38.70705600 -006.99801300  38.70709700 -006.99798800
112  38.70718600 -006.99796800  38.70723100 -006.99796300
112  38.70720000 -006.99796600  38.70724500 -006.99796100
112  38.70732100 -006.99790200  38.70735600 -006.99786500
112  38.70736300 -006.99785700  38.70739800 -006.99782000
112  38.70747200 -006.99785100  38.70750900 -006.99788400
111  38.70786000 -006.99819500
111  38.70782100 -006.99826700
112  38.70747600 -006.99796100  38.70743900 -006.99792800
112  38.70736700 -006.99796700  38.70733200 -006.99800400
112  38.70734900 -006.99798600  38.70731400 -006.99802300
112  38.70722800 -006.99805100  38.70718300 -006.99805700
112  38.70720400 -006.99805300  38.70715900 -006.99805900
112  38.70707400 -006.99809900  38.70703300 -006.99812400
112  38.70700300 -006.99814000  38.70696200 -006.99816500
112  38.70689000 -006.99822500  38.70685600 -006.99825700
112  38.70679000 -006.99833400  38.70675700 -006.99837500
111  38.70495600 -007.00062200
112  38.70439500 -007.00120400  38.70436000 -007.00124100
112  38.70427900 -007.00129300  38.70423700 -007.00131600
111  38.70412500 -007.00137500
111  38.70409800 -007.00129400
112  38.70424300 -007.00121700  38.70428500 -007.00119400
112  38.70435900 -007.00112800  38.70439400 -007.00109100
113  38.70491000 -007.00055600
110 2 0.25 43.9100 Apron
111  38.70438700 -007.00147900
111  38.70428700 -007.00158700
111  38.70421600 -007.00147800
113  38.70431800 -007.00137300
110 2 0.25 43.9100 Apron
111  38.70443200 -007.00140100
111  38.70435400 -007.00127600
111  38.70447100 -007.00115700
113  38.70454800 -007.00127200
14  38.70385300 -007.00144100   6.56 0 Casimiro Patinio Tower
1300  38.70445100 -007.00127700 309.41 misc props|helos GA Ramp  1
1300  38.70430300 -007.00147900 306.94 misc props|helos GA Ramp  2
1300  38.70391500 -007.00199100 310.69 misc props|helos GA Ramp  3
19  38.70495446 -006.99985661 0 New Windsock 1
54 13012 TWR
1000 Default Flow
1001 LEEP 000 359 999
1002 LEEP 0
1003 LEEP 0
1004 0000 2400
1101 05 left
1100 05  13012 arrivals|departures heavy|jets|turboprops|props 000359 000359 Runway 05
1100 23  13012 arrivals|departures heavy|jets|turboprops|props 000359 000359 Runway 23
1100 05L  13012 arrivals|departures heavy|jets|turboprops|props 000359 000359 Runway 05L
1100 23R  13012 arrivals|departures heavy|jets|turboprops|props 000359 000359 Runway 23R
1200 
1201  38.70755200 -006.99876400 both 116 
1201  38.70435800 -007.00156300 both 117 
1201  38.70391500 -007.00199100 both 118 GA Ramp  3
1201  38.70380100 -007.00247600 both 103 
1201  38.70729300 -006.99823400 both 104 
1201  38.70406500 -007.00250400 both 105 
1201  38.70733900 -006.99846400 both 106 
1201  38.70451400 -007.00136300 both 107 
1201  38.70393400 -007.00201700 both 108 
1201  38.70406100 -007.00280300 both 109 
1201  38.70727400 -006.99820800 both 110 
1201  38.70415000 -007.00292500 both 111 
1201  38.70426600 -007.00276800 both 112 
1201  38.70444600 -007.00169100 both 113 
1201  38.70460300 -007.00149400 both 114 
1201  38.70405000 -007.00218400 both 115 
1202 103 109 twoway taxiway 
1202 114 107 twoway taxiway 
1202 109 111 twoway taxiway 
1202 113 117 twoway taxiway 
1202 108 118 twoway taxiway 
1202 105 106 twoway runway 05/23
1204 departure 05,23
1204 arrival 05,23
1202 116 112 twoway runway 05L/23R
1204 departure 05L,23R
1204 arrival 05L,23R
1202 110 114 twoway taxiway 
1202 114 113 twoway taxiway 
1202 113 115 twoway taxiway 
1202 110 104 twoway taxiway 
1202 115 103 twoway taxiway 
1202 115 108 twoway taxiway 
99
