I
1000 Generated by WorldEditor

1   2208 0 0 LE32 Villanueva del Pardillo
100 20.00 12 0 0.25 0 0 0 13  40.49861374 -003.99008577    0    0 0 0 0 0 31  40.50119826 -003.99354223    0    0 0 0 0 0
100 20.00 3 0 0.25 0 0 0 06  40.49963337 -003.99315295    0    0 0 0 0 0 24  40.50040663 -003.99115105    0    0 0 0 0 0
110 1 0.25 134.4700 Taxiway
112  40.50284600 -003.99428300  40.50282100 -003.99426100
112  40.50275700 -003.99420400  40.50273200 -003.99418200
112  40.50267600 -003.99416000  40.50264700 -003.99415300
112  40.50254200 -003.99412700  40.50251300 -003.99412000
112  40.50245300 -003.99411800  40.50242300 -003.99411900
111  40.50199200 -003.99413800
111  40.50146700 -003.99413200
112  40.50122700 -003.99411700  40.50119700 -003.99411500
112  40.50113800 -003.99410300  40.50110900 -003.99409600
111  40.50091900 -003.99404900
112  40.50070500 -003.99397100  40.50067600 -003.99396000
112  40.50062100 -003.99393000  40.50059400 -003.99391300
111  40.50023200 -003.99368900
111  40.49979700 -003.99336500
112  40.49933900 -003.99302500  40.49931300 -003.99300600
112  40.49925900 -003.99297300  40.49923200 -003.99295800
112  40.49908100 -003.99287500  40.49905400 -003.99286000
112  40.49899600 -003.99283800  40.49896700 -003.99282900
111  40.49861800 -003.99271300
111  40.49812100 -003.99253000
111  40.49776300 -003.99236000
111  40.49751200 -003.99223000
111  40.49712200 -003.99207300
111  40.49685700 -003.99197900
111  40.49686900 -003.99192200
111  40.49713400 -003.99201700
111  40.49752600 -003.99217400
111  40.49777900 -003.99230400
111  40.49813500 -003.99247400
111  40.49863000 -003.99265500
112  40.49901000 -003.99278200  40.49903900 -003.99279100
112  40.49909500 -003.99281900  40.49912200 -003.99283400
112  40.49927900 -003.99291900  40.49930600 -003.99293400
112  40.49935900 -003.99297100  40.49938500 -003.99299000
111  40.49981900 -003.99331300
111  40.50025200 -003.99363700
112  40.50063700 -003.99387400  40.50066400 -003.99389100
112  40.50072100 -003.99391500  40.50075000 -003.99392600
111  40.50092900 -003.99399100
112  40.50114400 -003.99404500  40.50117300 -003.99405200
112  40.50123300 -003.99405900  40.50126300 -003.99406100
111  40.50146900 -003.99407200
111  40.50199200 -003.99407800
112  40.50245700 -003.99405800  40.50248700 -003.99405700
112  40.50254600 -003.99406700  40.50257500 -003.99407400
112  40.50265500 -003.99409500  40.50268400 -003.99410200
112  40.50269600 -003.99409100  40.50269400 -003.99408100
111  40.50269600 -003.99409100
111  40.50273100 -003.99408400
112  40.50273100 -003.99408400  40.50273800 -003.99410700
112  40.50277800 -003.99415100  40.50280300 -003.99417300
112  40.50287600 -003.99423900  40.50290100 -003.99426100
112  40.50294200 -003.99431700  40.50296100 -003.99434700
111  40.50302800 -003.99444700
111  40.50299400 -003.99448600
114  40.50291200 -003.99436100  40.50289300 -003.99433100
110 4 0.25 134.4700 Taxiway
111  40.49892600 -003.99040800
111  40.49878900 -003.99048800
111  40.49889000 -003.99033100
111  40.49890600 -003.99030700
111  40.49896500 -003.99038600
113  40.49892800 -003.99041200
110 12 0.25 134.4700 Taxiway
112  40.50042000 -003.99129400  40.50041900 -003.99132100
111  40.50041800 -003.99133600
111  40.50030200 -003.99125800
112  40.50032900 -003.99122400  40.50034800 -003.99120100
111  40.50035700 -003.99118900
112  40.50035100 -003.99118300  40.50034700 -003.99118000
112  40.50027200 -003.99113200  40.50022300 -003.99110100
111  40.49955500 -003.99067600
112  40.49910300 -003.99036500  40.49905500 -003.99033200
112  40.49898000 -003.99036400  40.49894600 -003.99039600
111  40.49896132 -003.99038070
111  40.49890504 -003.99030322
112  40.49895900 -003.99025400  40.49900300 -003.99021300
112  40.49909700 -003.99024100  40.49914500 -003.99027400
111  40.49959100 -003.99058200
112  40.50031200 -003.99104000  40.50036100 -003.99107100
112  40.50040900 -003.99110700  40.50042500 -003.99112100
111  40.50043300 -003.99112800
111  40.50083200 -003.99154900
112  40.50115900 -003.99193400  40.50119900 -003.99198100
112  40.50126100 -003.99209600  40.50128900 -003.99215700
112  40.50148300 -003.99258700  40.50151100 -003.99264800
112  40.50153600 -003.99279500  40.50154300 -003.99287300
111  40.50154600 -003.99291100
112  40.50155500 -003.99300600  40.50156100 -003.99306900
111  40.50160800 -003.99309000
111  40.50165200 -003.99307900
111  40.50166800 -003.99331500
111  40.50158100 -003.99333700
112  40.50148000 -003.99335800  40.50147100 -003.99335700
112  40.50148600 -003.99346000  40.50149900 -003.99352900
112  40.50150900 -003.99358400  40.50152200 -003.99365300
112  40.50158600 -003.99375700  40.50162500 -003.99380400
112  40.50172400 -003.99383900  40.50177700 -003.99384700
112  40.50174400 -003.99384200  40.50179700 -003.99385000
112  40.50190500 -003.99385400  40.50195900 -003.99385400
111  40.50210100 -003.99385300
111  40.50218200 -003.99385300
111  40.50222200 -003.99395900
111  40.50214100 -003.99395900
112  40.50214100 -003.99395900  40.50208700 -003.99395900
112  40.50190100 -003.99396000  40.50184700 -003.99396000
112  40.50174000 -003.99394800  40.50168700 -003.99394000
112  40.50168800 -003.99394100  40.50163500 -003.99393300
112  40.50154900 -003.99385700  40.50151000 -003.99380900
112  40.50151500 -003.99381500  40.50147600 -003.99376700
112  40.50143600 -003.99364000  40.50142300 -003.99357100
112  40.50140200 -003.99345500  40.50138900 -003.99338600
112  40.50122700 -003.99333200  40.50112400 -003.99331900
111  40.50114352 -003.99329587
111  40.50109406 -003.99323250
111  40.50102824 -003.99314263
111  40.50086400 -003.99292800
112  40.50086400 -003.99292800  40.50094800 -003.99304100
112  40.50110678 -003.99308500  40.50112878 -003.99307600
111  40.50123300 -003.99309500
111  40.50138400 -003.99311700
111  40.50136800 -003.99293900
112  40.50134300 -003.99267300  40.50132800 -003.99251600
112  40.50127900 -003.99234700  40.50125100 -003.99228600
112  40.50119700 -003.99216400  40.50116900 -003.99210300
112  40.50109500 -003.99200200  40.50105500 -003.99195500
111  40.50078000 -003.99163100
114  40.50048500 -003.99132000  40.50044300 -003.99127500
110 12 0.25 134.4700 Taxiway
112  40.50132900 -003.99424100  40.50131400 -003.99421700
111  40.50124400 -003.99411000
111  40.50127100 -003.99408000
112  40.50135300 -003.99420700  40.50136800 -003.99423100
112  40.50140500 -003.99427100  40.50142400 -003.99429000
111  40.50166500 -003.99452300
112  40.50173500 -003.99457800  40.50175600 -003.99459400
112  40.50180200 -003.99460100  40.50182600 -003.99460000
112  40.50184600 -003.99460100  40.50187000 -003.99460000
112  40.50191500 -003.99458300  40.50193700 -003.99457200
112  40.50196200 -003.99455800  40.50198400 -003.99454700
112  40.50202300 -003.99451100  40.50204200 -003.99449100
112  40.50206400 -003.99446400  40.50208300 -003.99444400
112  40.50211700 -003.99440000  40.50213400 -003.99437700
111  40.50234100 -003.99408900
111  40.50236700 -003.99412100
112  40.50214100 -003.99443400  40.50212400 -003.99445700
112  40.50208800 -003.99449800  40.50206900 -003.99451800
112  40.50204100 -003.99455100  40.50202200 -003.99457100
112  40.50198000 -003.99459900  40.50195800 -003.99461100
112  40.50192300 -003.99463000  40.50190100 -003.99464200
112  40.50185400 -003.99464900  40.50183000 -003.99465000
112  40.50179200 -003.99464900  40.50176800 -003.99465000
112  40.50172500 -003.99462600  40.50170400 -003.99461000
111  40.50164500 -003.99456300
114  40.50138100 -003.99430500  40.50136200 -003.99428600
110 12 0.25 134.4700 Taxiway
112  40.50273100 -003.99408400  40.50273800 -003.99410700
112  40.50277800 -003.99415100  40.50280300 -003.99417300
111  40.50277800 -003.99415100
111  40.50275700 -003.99420400
112  40.50275700 -003.99420400  40.50273200 -003.99418200
112  40.50267600 -003.99416000  40.50264700 -003.99415300
111  40.50267600 -003.99416000
111  40.50265500 -003.99409500
112  40.50265500 -003.99409500  40.50268400 -003.99410200
112  40.50269600 -003.99409100  40.50269400 -003.99408100
112  40.50266600 -003.99404500  40.50264900 -003.99402400
112  40.50264800 -003.99402400  40.50263100 -003.99400300
112  40.50260600 -003.99395000  40.50259500 -003.99392200
111  40.50252600 -003.99374200
111  40.50240100 -003.99342200
112  40.50227600 -003.99316700  40.50226300 -003.99314000
112  40.50223300 -003.99309200  40.50221700 -003.99306900
111  40.50210000 -003.99290400
111  40.50171700 -003.99242800
111  40.50131300 -003.99197900
111  40.50079900 -003.99140500
112  40.50050800 -003.99111300  40.50048900 -003.99109400
112  40.50044600 -003.99106600  40.50042400 -003.99105400
112  40.50032800 -003.99100500  40.50030600 -003.99099300
112  40.50026300 -003.99096500  40.50024200 -003.99095000
111  40.49995100 -003.99075100
112  40.49970900 -003.99056400  40.49968800 -003.99054800
112  40.49965500 -003.99050400  40.49964000 -003.99048000
111  40.49949700 -003.99026000
111  40.49932300 -003.99000500
111  40.49904900 -003.98967200
112  40.49884900 -003.98941400  40.49883200 -003.98939200
112  40.49879400 -003.98935300  40.49877500 -003.98933400
111  40.49856600 -003.98913300
111  40.49858700 -003.98909500
112  40.49881800 -003.98931700  40.49883700 -003.98933600
112  40.49887300 -003.98937800  40.49889000 -003.98940000
111  40.49907300 -003.98963800
111  40.49934900 -003.98997100
111  40.49952500 -003.99022800
112  40.49967900 -003.99046800  40.49969400 -003.99049200
112  40.49973300 -003.99052800  40.49975400 -003.99054400
111  40.49996900 -003.99070900
112  40.50027900 -003.99092300  40.50030000 -003.99093800
112  40.50034400 -003.99096200  40.50036600 -003.99097300
112  40.50046400 -003.99102500  40.50048600 -003.99103600
112  40.50052600 -003.99107100  40.50054500 -003.99109000
111  40.50082100 -003.99136900
111  40.50133700 -003.99194300
111  40.50174100 -003.99239200
111  40.50212600 -003.99287000
112  40.50226100 -003.99306200  40.50227700 -003.99308500
112  40.50230500 -003.99313700  40.50231800 -003.99316400
111  40.50243300 -003.99339800
111  40.50255800 -003.99372000
112  40.50263600 -003.99392200  40.50264700 -003.99395000
112  40.50267800 -003.99399600  40.50269500 -003.99401700
114  40.50269600 -003.99401900  40.50271300 -003.99404000
110 1 0.25 134.4700 Apron
111  40.50231800 -003.99396300
111  40.50231500 -003.99367600
111  40.50243400 -003.99367100
113  40.50244200 -003.99396000
110 1 0.25 134.4700 Apron
111  40.50167000 -003.99282400
111  40.50167600 -003.99265400
111  40.50181600 -003.99266100
113  40.50181000 -003.99282800
110 1 0.25 134.4700 Apron
111  40.50210400 -003.99322300
111  40.50192400 -003.99321100
111  40.50192700 -003.99303700
113  40.50211600 -003.99305400
110 12 0.25 134.4700 Apron
111  40.50038000 -003.99260000
111  40.49857800 -003.99020500
111  40.49858100 -003.99016500
111  40.49861100 -003.99011400
111  40.49864800 -003.99006800
111  40.49867400 -003.99005000
111  40.49871700 -003.99006600
111  40.50048300 -003.99241800
113  40.50051300 -003.99246700
110 2 0.25 134.4700 Apron
111  40.50190500 -003.99372200
111  40.50190900 -003.99357500
111  40.50213500 -003.99358100
113  40.50213200 -003.99373100
110 2 0.25 134.4700 Apron
111  40.50191200 -003.99357000
111  40.50191600 -003.99344600
111  40.50213500 -003.99345200
113  40.50213700 -003.99357700
110 2 0.25 134.4700 Apron
111  40.50204400 -003.99344700
111  40.50191900 -003.99344200
111  40.50192800 -003.99327200
113  40.50205600 -003.99328300
110 3 0.25 134.4700 Apron
111  40.49955000 -003.99309200
111  40.50029300 -003.99117600
111  40.50030400 -003.99116900
111  40.50043800 -003.99125400
111  40.50044400 -003.99129600
111  40.49971200 -003.99319800
111  40.49969600 -003.99321900
113  40.49957100 -003.99312000
14  40.49871000 -003.99724600 121.00 0 Villanueva del Pardillo Tower
1300  40.50225400 -003.99354900 249.49 misc props|helos GA Ramp  1
1300  40.50177700 -003.99319900 158.84 misc props|helos GA Ramp  2
99
