I
1000 Generated by WorldEditor

1   3645 0 0 LETP Club_Loreto
100 49.99 15 0 0.25 0 0 0 12  41.20476700 -003.59367700    0    0 0 0 0 0 30  41.20116700 -003.58540300    0    0 0 0 0 0
100 49.99 15 0 0.25 0 0 0 15  41.20809500 -003.59756400    0    0 0 0 0 0 33  41.20030500 -003.59159600    0    0 0 0 0 0
110 4 0.25 120.0000 Taxiway
112  41.20015900 -003.59140800  41.20018400 -003.59134300
112  41.20027500 -003.59110900  41.20030000 -003.59104400
112  41.20031600 -003.59090300  41.20031900 -003.59083000
111  41.20037700 -003.58901500
111  41.20036000 -003.58786700
111  41.20035800 -003.58775800
111  41.20035700 -003.58755000
111  41.20037600 -003.58744400
112  41.20064500 -003.58591800  41.20065800 -003.58584700
112  41.20070100 -003.58571400  41.20072600 -003.58564900
112  41.20080700 -003.58543300  41.20083200 -003.58536800
112  41.20091400 -003.58527900  41.20096100 -003.58524200
112  41.20105200 -003.58516800  41.20109900 -003.58513100
112  41.20116200 -003.58520800  41.20118900 -003.58527200
111  41.20139400 -003.58576800
111  41.20132200 -003.58582000
112  41.20113200 -003.58536000  41.20110500 -003.58529600
112  41.20102200 -003.58532000  41.20097500 -003.58535700
112  41.20097600 -003.58535700  41.20092900 -003.58539400
112  41.20086900 -003.58551100  41.20084400 -003.58557600
112  41.20077900 -003.58575200  41.20075400 -003.58581700
112  41.20072300 -003.58595600  41.20071000 -003.58602700
112  41.20045600 -003.58747100  41.20044300 -003.58754200
112  41.20043900 -003.58768600  41.20044000 -003.58775900
111  41.20045900 -003.58901700
112  41.20039800 -003.59093100  41.20039500 -003.59100400
112  41.20035700 -003.59113700  41.20033200 -003.59120200
112  41.20026700 -003.59136800  41.20024200 -003.59143300
112  41.20030000 -003.59152300  41.20034700 -003.59156200
111  41.20071600 -003.59186900
111  41.20067200 -003.59196100
114  41.20019200 -003.59156300  41.20014500 -003.59152400
110 4 0.25 120.0000 Apron
111  41.19991000 -003.58901000
111  41.19927600 -003.58834200
111  41.19997000 -003.58688900
111  41.20036400 -003.58717800
113  41.20030200 -003.58816200
110 4 0.25 120.0000 Apron
111  41.19988100 -003.58892200
111  41.19945500 -003.58969300
111  41.19929400 -003.58986300
111  41.19904000 -003.58985300
111  41.19882500 -003.58969300
111  41.19865100 -003.58937100
111  41.19801300 -003.58227500
111  41.19814900 -003.58226000
111  41.19878500 -003.58919400
111  41.19892600 -003.58948600
111  41.19908000 -003.58960400
111  41.19923400 -003.58963000
111  41.19933400 -003.58951700
113  41.19973700 -003.58877200
110 4 0.25 120.0000 Apron
111  41.20811800 -003.59843900
111  41.19976500 -003.59200900
111  41.20024700 -003.59074600
113  41.20857400 -003.59718200
15  41.19970100 -003.58840000 316.39 GA_Ramp_1
15  41.19983100 -003.58814300 319.90 GA_Ramp_2
54 12355 Loreto TWR
99
