I
1000 Generated by WorldEditor

1    669 0 0 LE31 Olocau
100 20.00 4 0 0.25 0 0 0 15  39.67288957 -000.54727337    0    0 0 0 0 0 33  39.67775043 -000.55058063    0    0 0 0 0 0
110 4 0.25 152.3200 Taxiway
111  39.67542000 -000.54826300
111  39.67538200 -000.54819900
111  39.67534500 -000.54813500
111  39.67534300 -000.54812200
111  39.67529000 -000.54802700
111  39.67516700 -000.54780700
111  39.67527900 -000.54792000
111  39.67528500 -000.54791400
111  39.67534900 -000.54784600
112  39.67552500 -000.54765900  39.67557200 -000.54761000
112  39.67565000 -000.54767700  39.67568700 -000.54773800
111  39.67601100 -000.54828300
112  39.67620000 -000.54859700  39.67623700 -000.54865800
112  39.67618100 -000.54879100  39.67613200 -000.54885900
112  39.67606100 -000.54895300  39.67601200 -000.54902100
112  39.67589400 -000.54901900  39.67583100 -000.54899600
111  39.67569700 -000.54898800
111  39.67559400 -000.54899300
111  39.67542700 -000.54913800
111  39.67543500 -000.54888100
112  39.67545800 -000.54883400  39.67547300 -000.54880300
112  39.67560000 -000.54878200  39.67568000 -000.54877900
111  39.67572000 -000.54877700
112  39.67572100 -000.54877400  39.67572200 -000.54877100
112  39.67566200 -000.54866900  39.67562100 -000.54860100
113  39.67546400 -000.54833700
111  39.67553000 -000.54825000
111  39.67553800 -000.54826100
112  39.67577600 -000.54865000  39.67581700 -000.54871700
112  39.67581700 -000.54879400  39.67580400 -000.54882300
112  39.67587600 -000.54886700  39.67592900 -000.54888700
112  39.67602900 -000.54879500  39.67607800 -000.54872700
112  39.67605100 -000.54876500  39.67610000 -000.54869700
112  39.67607000 -000.54857100  39.67603300 -000.54851000
111  39.67602000 -000.54849000
111  39.67596500 -000.54839800
111  39.67591000 -000.54830500
111  39.67585500 -000.54821300
112  39.67563600 -000.54784300  39.67559900 -000.54778200
112  39.67551100 -000.54782500  39.67546400 -000.54787400
112  39.67544100 -000.54789900  39.67539400 -000.54794800
112  39.67539500 -000.54801400  39.67541100 -000.54804100
111  39.67541900 -000.54805400
111  39.67544500 -000.54809800
111  39.67547200 -000.54814200
113  39.67552200 -000.54823900
110 4 0.25 152.3200 Apron
111  39.67768900 -000.55064200
111  39.67285800 -000.54739400
111  39.67293000 -000.54717700
113  39.67775000 -000.55047400
110 2 0.25 152.3200 Apron
111  39.67582500 -000.54875400
111  39.67538700 -000.54799100
111  39.67559500 -000.54778700
113  39.67604400 -000.54853900
110 4 0.25 152.3200 Apron
111  39.67538100 -000.54799900
111  39.67534200 -000.54797600
111  39.67555600 -000.54778400
113  39.67559300 -000.54779100
14  39.67534293 -000.54980913  65.00 0 Olocau Tower
1300  39.67526600 -000.54820900 333.10 misc props|helos GA Ramp  1
1300  39.67519400 -000.54783000 310.78 misc props|helos GA Ramp  2
1300  39.67554300 -000.54814900 215.17 misc props|helos GA Ramp  3
1300  39.67591600 -000.54837000  40.41 misc props|helos GA Ramp  4
99
