I
1000 Generated by WorldEditor

1   2548 0 0 LE60 Valdelaguna
100 14.63 1 0 0.00 1 0 1 08  40.15773024 -003.38249184    0    0 1 0 0 0 26  40.15842793 -003.37948931    0    0 1 0 0 0
110 4 0.00 117.0000 New Taxiway 1
112  40.15767633 -003.38234748  40.15769581 -003.38231836
112  40.15785838 -003.38237683  40.15786766 -003.38239867
111  40.15789243 -003.38239184
111  40.15792611 -003.38234471
112  40.15794054 -003.38225659  40.15794294 -003.38225030
111  40.15796459 -003.38214959
111  40.15799105 -003.38204888
111  40.15800789 -003.38198279
111  40.15802473 -003.38190411
111  40.15804397 -003.38179711
111  40.15809929 -003.38170269
111  40.15814980 -003.38151072
111  40.15818411 -003.38150393
112  40.15823158 -003.38149184  40.15824615 -003.38147858
111  40.15825564 -003.38142575
112  40.15826285 -003.38134077  40.15825842 -003.38130845
112  40.15823399 -003.38126839  40.15822702 -003.38124436
111  40.15823158 -003.38117397
111  40.15823639 -003.38104494
111  40.15823399 -003.38097256
111  40.15824842 -003.38088444
112  40.15827728 -003.38081205  40.15828209 -003.38080261
111  40.15829893 -003.38071134
112  40.15831817 -003.38059490  40.15832779 -003.38056343
112  40.15834223 -003.38049734  40.15834463 -003.38049104
112  40.15838793 -003.38035257  40.15839274 -003.38034627
112  40.15840476 -003.38023927  40.15840476 -003.38022353
112  40.15842641 -003.38014171  40.15842641 -003.38013856
111  40.15844566 -003.38005359
112  40.15846971 -003.37992455  40.15846971 -003.37992141
112  40.15848895 -003.37979237  40.15848305 -003.37975818
111  40.15844655 -003.37975801
112  40.15825039 -003.37961045  40.15825967 -003.37949794
112  40.15832178 -003.37942465  40.15833611 -003.37940479
112  40.15847412 -003.37941595  40.15851880 -003.37948545
112  40.15852022 -003.37960040  40.15852612 -003.37962025
112  40.15852984 -003.37972473  40.15852563 -003.37970266
111  40.15852503 -003.37983644
111  40.15850819 -003.37994029
112  40.15848414 -003.38007562  40.15848173 -003.38009765
112  40.15845528 -003.38022668  40.15845528 -003.38023612
112  40.15842160 -003.38034942  40.15841920 -003.38035571
112  40.15840236 -003.38046272  40.15840236 -003.38046901
112  40.15836387 -003.38059490  40.15835906 -003.38061378
111  40.15832539 -003.38076799
111  40.15830374 -003.38088444
111  40.15828931 -003.38098829
111  40.15828209 -003.38109844
111  40.15828399 -003.38117050
111  40.15829502 -003.38124495
112  40.15833717 -003.38127550  40.15835510 -003.38125895
111  40.15833717 -003.38127550
112  40.15833717 -003.38127550  40.15835953 -003.38125895
112  40.15839415 -003.38124665  40.15841550 -003.38124235
111  40.15844683 -003.38126454
111  40.15852439 -003.38131236
111  40.15855630 -003.38137854
111  40.15855870 -003.38142260
111  40.15854427 -003.38148554
111  40.15852262 -003.38154534
111  40.15850098 -003.38160513
112  40.15845047 -003.38169011  40.15842006 -003.38171911
112  40.15824842 -003.38163031  40.15823765 -003.38159633
112  40.15825083 -003.38156737  40.15823626 -003.38154665
111  40.15821715 -003.38156422
111  40.15817145 -003.38158310
111  40.15815461 -003.38163975
111  40.15812815 -003.38171528
111  40.15810891 -003.38178767
111  40.15809448 -003.38185376
111  40.15807764 -003.38192614
111  40.15804878 -003.38202370
111  40.15803435 -003.38211497
111  40.15801751 -003.38219050
111  40.15799827 -003.38228806
111  40.15798384 -003.38236674
111  40.15796219 -003.38241080
111  40.15793332 -003.38244542
112  40.15781381 -003.38254529  40.15776559 -003.38255379
114  40.15766100 -003.38249820  40.15763411 -003.38246180
14  40.15855470 -003.38124427  82.02 0 New Tower Viewpoint 1
1300  40.15835231 -003.38140722 170.00 misc props New Ramp Start 6
19  40.15819025 -003.38097924 0 New Windsock 7
99
