I
1000 Generated by WorldEditor

1    157 0 0 LE94 Los Alcores-Aerohispalis
100 16.00 1 1 0.25 0 0 0 05  37.32780683 -005.72587059    0    0 2 0 0 0 23  37.33138717 -005.72020741    0    0 2 0 0 0
102 H1  37.32845700 -005.72448000  52.48 10.00 10.00 2 0 0 0.25 0
110 1 0.25 51.5600 Taxiway
112  37.32868200 -005.72508600  37.32869300 -005.72509800
112  37.32872200 -005.72506500  37.32873700 -005.72503900
111  37.32874500 -005.72502700
111  37.32878800 -005.72506700
112  37.32876400 -005.72510800  37.32874800 -005.72513500
112  37.32875400 -005.72516300  37.32876300 -005.72517300
112  37.32874900 -005.72520600  37.32873600 -005.72522500
112  37.32874500 -005.72525000  37.32875500 -005.72526000
111  37.32876000 -005.72526400
111  37.32872700 -005.72531800
112  37.32871100 -005.72530300  37.32870100 -005.72529300
112  37.32868800 -005.72530200  37.32868300 -005.72531100
111  37.32867900 -005.72531500
112  37.32866800 -005.72533300  37.32866000 -005.72534400
112  37.32867100 -005.72536400  37.32868100 -005.72537300
111  37.32868600 -005.72537900
111  37.32865300 -005.72543300
112  37.32863800 -005.72541800  37.32862800 -005.72540800
112  37.32861200 -005.72541900  37.32860500 -005.72543000
111  37.32860200 -005.72543500
111  37.32857700 -005.72547400
111  37.32854300 -005.72552700
111  37.32852400 -005.72555600
111  37.32849800 -005.72559500
111  37.32846400 -005.72564800
111  37.32844600 -005.72567600
112  37.32843400 -005.72569600  37.32842500 -005.72570900
112  37.32843500 -005.72573100  37.32844400 -005.72574100
111  37.32844800 -005.72574500
111  37.32841300 -005.72579700
112  37.32840000 -005.72578300  37.32839100 -005.72577300
112  37.32837800 -005.72578200  37.32837300 -005.72579100
111  37.32836900 -005.72579500
112  37.32836000 -005.72581000  37.32835300 -005.72582000
112  37.32836400 -005.72583800  37.32837300 -005.72584700
111  37.32837700 -005.72585000
111  37.32834500 -005.72590400
112  37.32833000 -005.72589100  37.32832100 -005.72588200
112  37.32829700 -005.72590700  37.32828400 -005.72592700
111  37.32825500 -005.72591400
111  37.32823300 -005.72589100
111  37.32819200 -005.72584700
111  37.32816100 -005.72581500
111  37.32813000 -005.72578200
111  37.32808900 -005.72573900
111  37.32807400 -005.72572400
111  37.32806000 -005.72570900
112  37.32804500 -005.72569100  37.32803400 -005.72568000
112  37.32800400 -005.72571300  37.32798700 -005.72573900
111  37.32800400 -005.72571300
111  37.32793500 -005.72553200
111  37.32815100 -005.72547900
112  37.32815100 -005.72547900  37.32809200 -005.72557400
112  37.32807900 -005.72563900  37.32809000 -005.72565100
111  37.32809600 -005.72565700
112  37.32810800 -005.72567100  37.32811700 -005.72568000
112  37.32814900 -005.72564200  37.32816800 -005.72561300
111  37.32817700 -005.72559800
111  37.32825000 -005.72548500
111  37.32832800 -005.72536300
111  37.32840900 -005.72523700
111  37.32848700 -005.72511600
112  37.32851600 -005.72507100  37.32853500 -005.72504100
112  37.32853400 -005.72501500  37.32852700 -005.72500800
111  37.32852400 -005.72500500
112  37.32850200 -005.72498200  37.32848800 -005.72496600
112  37.32839200 -005.72510000  37.32833300 -005.72519500
111  37.32839200 -005.72510000
111  37.32838700 -005.72481700
111  37.32860400 -005.72476300
112  37.32860400 -005.72476300  37.32854500 -005.72485800
112  37.32853800 -005.72492900  37.32855300 -005.72494500
111  37.32856000 -005.72495300
111  37.32859900 -005.72499600
112  37.32861100 -005.72501000  37.32862000 -005.72501900
111  37.32864200 -005.72499600
111  37.32865900 -005.72497000
111  37.32869700 -005.72501800
113  37.32868100 -005.72504300
111  37.32829000 -005.72581000
112  37.32830000 -005.72579500  37.32830700 -005.72578400
112  37.32826800 -005.72573600  37.32824000 -005.72570700
112  37.32824400 -005.72571000  37.32821600 -005.72568100
112  37.32818200 -005.72569700  37.32816900 -005.72571700
112  37.32820500 -005.72577200  37.32823300 -005.72580100
111  37.32824700 -005.72581700
112  37.32825900 -005.72582900  37.32826600 -005.72583700
114  37.32828000 -005.72582600  37.32828700 -005.72581600
111  37.32836200 -005.72569900
112  37.32837400 -005.72568000  37.32838300 -005.72566700
112  37.32834400 -005.72562000  37.32831500 -005.72559300
112  37.32831800 -005.72559400  37.32828900 -005.72556700
112  37.32825500 -005.72558300  37.32824200 -005.72560300
112  37.32827800 -005.72565700  37.32830600 -005.72568600
112  37.32830200 -005.72568300  37.32833000 -005.72571200
114  37.32835300 -005.72571300  37.32835900 -005.72570400
111  37.32843800 -005.72558100
112  37.32845100 -005.72556100  37.32846000 -005.72554700
112  37.32842200 -005.72549800  37.32839300 -005.72547000
112  37.32839600 -005.72547300  37.32836700 -005.72544500
112  37.32833100 -005.72546600  37.32831600 -005.72548900
112  37.32835200 -005.72554100  37.32838100 -005.72556800
112  37.32837800 -005.72556700  37.32840700 -005.72559400
114  37.32842900 -005.72559400  37.32843400 -005.72558500
111  37.32851900 -005.72545700
112  37.32853100 -005.72543800  37.32853900 -005.72542500
112  37.32850100 -005.72537600  37.32847300 -005.72534700
112  37.32847600 -005.72534900  37.32844800 -005.72532000
112  37.32841100 -005.72534200  37.32839600 -005.72536600
112  37.32843000 -005.72542000  37.32845900 -005.72544800
112  37.32845600 -005.72544500  37.32848500 -005.72547300
114  37.32850900 -005.72547200  37.32851600 -005.72546200
111  37.32859700 -005.72533500
112  37.32860900 -005.72531700  37.32861600 -005.72530500
112  37.32857900 -005.72525500  37.32855200 -005.72522600
112  37.32855300 -005.72522900  37.32852600 -005.72520000
112  37.32849000 -005.72521900  37.32847500 -005.72524200
112  37.32851000 -005.72529600  37.32853800 -005.72532500
112  37.32853500 -005.72532300  37.32856300 -005.72535200
114  37.32858700 -005.72535100  37.32859400 -005.72534100
111  37.32860900 -005.72509700
112  37.32859700 -005.72508400  37.32858900 -005.72507500
112  37.32856500 -005.72510100  37.32855200 -005.72512200
112  37.32858700 -005.72517600  37.32861400 -005.72520500
112  37.32861300 -005.72520200  37.32864000 -005.72523100
112  37.32866300 -005.72523300  37.32866900 -005.72522400
111  37.32867100 -005.72522000
112  37.32868200 -005.72520300  37.32868900 -005.72519200
111  37.32869200 -005.72518600
113  37.32868500 -005.72517900
110 1 0.25 51.5600 Apron
111  37.32888200 -005.72507700
111  37.32829800 -005.72599100
111  37.32825400 -005.72595300
111  37.32815100 -005.72610900
111  37.32792100 -005.72595800
111  37.32861900 -005.72485000
113  37.32864500 -005.72482000
110 1 0.25 51.5600 Apron
111  37.32843500 -005.72613000
111  37.32831500 -005.72601500
111  37.32882200 -005.72524700
113  37.32893600 -005.72536600
110 5 0.25 51.5600 Apron
111  37.32909500 -005.72529000
111  37.32909500 -005.72530600
111  37.32851700 -005.72620100
111  37.32843800 -005.72612000
111  37.32892800 -005.72537300
111  37.32881800 -005.72525800
111  37.32832200 -005.72601200
111  37.32829000 -005.72598800
111  37.32888100 -005.72508200
113  37.32889700 -005.72508500
110 3 0.25 51.5600 Apron
111  37.32815100 -005.72610900
111  37.32825300 -005.72594700
111  37.32832300 -005.72601300
111  37.32827700 -005.72609100
113  37.32823100 -005.72616100
110 3 0.25 51.5600 Apron
111  37.33149800 -005.72031900
111  37.33068900 -005.72160500
111  37.32986200 -005.72288100
111  37.32925700 -005.72386800
111  37.32878700 -005.72461000
111  37.32867800 -005.72479200
111  37.32864200 -005.72484200
111  37.32862500 -005.72484700
111  37.32792500 -005.72596100
111  37.32775400 -005.72581200
111  37.32771400 -005.72576700
111  37.32772900 -005.72565800
111  37.32792300 -005.72523900
111  37.32816400 -005.72470200
111  37.32829000 -005.72446300
111  37.32850500 -005.72412800
111  37.32898700 -005.72351900
111  37.32930400 -005.72310600
111  37.32951400 -005.72282500
111  37.32975000 -005.72242500
111  37.32994000 -005.72213600
111  37.33017100 -005.72180700
111  37.33029000 -005.72157300
111  37.33036000 -005.72143100
111  37.33042600 -005.72127600
111  37.33071700 -005.72090000
111  37.33098500 -005.72055500
111  37.33108200 -005.72041200
111  37.33127700 -005.72014700
111  37.33130300 -005.72013100
111  37.33147300 -005.72024500
113  37.33149800 -005.72028600
110 2 0.25 51.5600 Apron
111  37.32823100 -005.72615800
111  37.32827400 -005.72609500
111  37.32833300 -005.72614900
113  37.32829400 -005.72620100
110 1 0.25 51.5600 Apron
111  37.32837900 -005.72626200
111  37.32829100 -005.72620300
111  37.32832900 -005.72614700
111  37.32827300 -005.72609400
111  37.32832000 -005.72601800
111  37.32843700 -005.72613000
111  37.32839800 -005.72620200
113  37.32841000 -005.72621300
110 5 0.25 51.5600 Apron
111  37.32852000 -005.72619700
111  37.32844400 -005.72630700
111  37.32838000 -005.72626200
111  37.32840600 -005.72620800
111  37.32843600 -005.72622700
111  37.32846300 -005.72618100
111  37.32842700 -005.72614100
113  37.32844500 -005.72611200
120 Centreline for Path
111  37.32805900 -005.72585000 51
112  37.32809379 -005.72578832  37.32811460 -005.72575144 51
116  37.32815883 -005.72568017  37.32818138 -005.72564496
120 Centreline for Path
111  37.32815500 -005.72595500 51
112  37.32819526 -005.72589488  37.32821842 -005.72586029 51
116  37.32825200 -005.72586600  37.32826667 -005.72588133
120 Centreline for Taxi
112  37.32833900 -005.72585700  37.32832033 -005.72583967 51
112  37.32832950 -005.72580250  37.32834183 -005.72578350 51
112  37.32830633 -005.72573094  37.32827855 -005.72570223 51
112  37.32823967 -005.72566206  37.32821189 -005.72563335 51
112  37.32816417 -005.72567182  37.32814162 -005.72570704 51
112  37.32815883 -005.72568018  37.32813628 -005.72571539 51
112  37.32816644 -005.72577641  37.32819406 -005.72580535 51
112  37.32818856 -005.72579959  37.32821619 -005.72582853 51
112  37.32825200 -005.72586600  37.32826667 -005.72588133 51
112  37.32829250 -005.72586000  37.32830483 -005.72584067 51
116  37.32832950 -005.72580250  37.32834183 -005.72578350
120 Centreline for Taxi
112  37.32841000 -005.72574900  37.32839200 -005.72572967 51
112  37.32840400 -005.72568750  37.32841800 -005.72566583 51
112  37.32838225 -005.72561364  37.32835376 -005.72558607 51
112  37.32831375 -005.72554736  37.32828525 -005.72551979 51
112  37.32823699 -005.72555864  37.32821432 -005.72559374 51
112  37.32823201 -005.72556636  37.32820934 -005.72560145 51
116  37.32816417 -005.72567182  37.32814162 -005.72570704
120 Centreline for Taxi
112  37.32864800 -005.72538500  37.32862800 -005.72536567 51
112  37.32863800 -005.72532500  37.32865133 -005.72530433 51
112  37.32861655 -005.72525061  37.32858891 -005.72522168 51
112  37.32854945 -005.72518039  37.32852182 -005.72515146 51
112  37.32847404 -005.72518969  37.32845139 -005.72522481 51
112  37.32846396 -005.72520531  37.32844132 -005.72524044 51
112  37.32839609 -005.72531074  37.32837349 -005.72534591 51
112  37.32838291 -005.72533126  37.32836030 -005.72536642 51
112  37.32831520 -005.72543686  37.32829267 -005.72547210 51
112  37.32830480 -005.72545314  37.32828227 -005.72548838 51
116  37.32823699 -005.72555864  37.32821432 -005.72559374
120 Centreline for Taxi
112  37.32872200 -005.72527000  37.32870200 -005.72525067 51
112  37.32871100 -005.72521150  37.32872367 -005.72519183 51
112  37.32871650 -005.72516750  37.32870750 -005.72515783 51
112  37.32873531 -005.72509869  37.32875685 -005.72506248 51
115  37.32875000 -005.72507400
120 Centreline for Path
112  37.32869000 -005.72498100  37.32868200 -005.72498967 51
116  37.32865250 -005.72503250  37.32863550 -005.72505817
120 Centreline for Path
112  37.32848600 -005.72562800  37.32847467 -005.72561667 51
116  37.32846400 -005.72560650  37.32846067 -005.72560350
120 Centreline for Path
112  37.32856300 -005.72550200  37.32855233 -005.72549133 51
116  37.32854350 -005.72548200  37.32854117 -005.72547933
120 Centreline for Taxi
112  37.32831520 -005.72543686  37.32833773 -005.72540162 51
112  37.32839164 -005.72542553  37.32842007 -005.72545322 51
112  37.32846036 -005.72549247  37.32848879 -005.72552016 51
112  37.32848100 -005.72556800  37.32846633 -005.72559067 51
112  37.32844200 -005.72562850  37.32843067 -005.72564617 51
116  37.32838225 -005.72561364  37.32835376 -005.72558607
120 Centreline for Taxi
112  37.32839609 -005.72531074  37.32841870 -005.72527558 51
112  37.32847168 -005.72530106  37.32849946 -005.72532976 51
112  37.32853932 -005.72537094  37.32856711 -005.72539965 51
112  37.32856050 -005.72544600  37.32854683 -005.72546733 51
112  37.32852150 -005.72550600  37.32850917 -005.72552467 51
116  37.32846036 -005.72549247  37.32843193 -005.72546478
120 Centreline for Taxi
112  37.32847404 -005.72518969  37.32849668 -005.72515456 51
112  37.32854165 -005.72508399  37.32856408 -005.72504865 51
112  37.32854735 -005.72507501  37.32856978 -005.72503967 51
112  37.32856150 -005.72500050  37.32854850 -005.72498617 51
112  37.32850093 -005.72493503  37.32847356 -005.72490572 51
112  37.32848407 -005.72491697  37.32845669 -005.72488766 51
116  37.32835350 -005.72501458  37.32829383 -005.72510897
120 Centreline for Taxi
112  37.32815883 -005.72568017  37.32813628 -005.72571539 51
112  37.32810150 -005.72570800  37.32808583 -005.72569133 51
112  37.32803728 -005.72563853  37.32801013 -005.72560888 51
112  37.32803172 -005.72563247  37.32800457 -005.72560282 51
116  37.32808050 -005.72544642  37.32814017 -005.72535203
120 Centreline for Taxi
112  37.32840400 -005.72568750  37.32839000 -005.72570917 51
112  37.32836550 -005.72574700  37.32835383 -005.72576500 51
116  37.32830633 -005.72573094  37.32827855 -005.72570223
120 Centreline for Taxi
112  37.32848100 -005.72556800  37.32846633 -005.72559067 51
116  37.32846400 -005.72560650  37.32846733 -005.72560950
120 Centreline for Taxi
112  37.32863800 -005.72532500  37.32862467 -005.72534567 51
112  37.32859950 -005.72538500  37.32858717 -005.72540433 51
116  37.32853932 -005.72537094  37.32851154 -005.72534224
120 Centreline for Taxi
112  37.32871100 -005.72521150  37.32869833 -005.72523117 51
112  37.32867500 -005.72526750  37.32866367 -005.72528517 51
116  37.32861655 -005.72525061  37.32858891 -005.72522168
120 Centreline for Taxi
112  37.32854735 -005.72507501  37.32856978 -005.72503967 51
112  37.32860400 -005.72504650  37.32861933 -005.72506283 51
112  37.32866500 -005.72511200  37.32869033 -005.72513933 51
116  37.32871650 -005.72516750  37.32872550 -005.72517717
120 Centreline for Taxi
112  37.32860400 -005.72504650  37.32861933 -005.72506283 51
116  37.32865250 -005.72503250  37.32866950 -005.72500683
120 Centreline for Taxi
112  37.32856050 -005.72544600  37.32854683 -005.72546733 51
116  37.32854350 -005.72548200  37.32854583 -005.72548467
120 Centreline for Taxi join
112  37.32809379 -005.72578832  37.32811460 -005.72575144 51
116  37.32816644 -005.72577641  37.32819406 -005.72580535
120 Centreline for Taxi join
112  37.32809379 -005.72578832  37.32811460 -005.72575144 51
116  37.32810150 -005.72570800  37.32808583 -005.72569133
120 Centreline for Taxi
112  37.32816644 -005.72577641  37.32813881 -005.72574747 51
116  37.32810150 -005.72570800  37.32808583 -005.72569133
120 Centreline for Taxi
112  37.32856150 -005.72500050  37.32857450 -005.72501483 51
116  37.32860400 -005.72504650  37.32861933 -005.72506283
120 Centreline for Taxi
112  37.32832950 -005.72580250  37.32834183 -005.72578350 51
116  37.32836550 -005.72574700  37.32837717 -005.72572900
120 Centreline for Taxi
112  37.32823967 -005.72566206  37.32821189 -005.72563335 51
116  37.32823201 -005.72556636  37.32825468 -005.72553126
120 Centreline for Taxi
112  37.32840400 -005.72568750  37.32841800 -005.72566583 51
116  37.32844200 -005.72562850  37.32845333 -005.72561083
120 Centreline for Taxi
112  37.32831375 -005.72554736  37.32828525 -005.72551979 51
116  37.32830480 -005.72545314  37.32832733 -005.72541790
120 Centreline for Taxi
112  37.32848100 -005.72556800  37.32849567 -005.72554533 51
116  37.32852150 -005.72550600  37.32853383 -005.72548733
120 Centreline for Taxi
112  37.32839164 -005.72542553  37.32836321 -005.72539784 51
116  37.32838291 -005.72533126  37.32840551 -005.72529609
120 Centreline for Taxi
112  37.32856050 -005.72544600  37.32857417 -005.72542467 51
116  37.32859950 -005.72538500  37.32861183 -005.72536567
120 Centreline for Taxi
112  37.32847168 -005.72530106  37.32844389 -005.72527235 51
116  37.32846396 -005.72520531  37.32848661 -005.72517019
120 Centreline for Taxi
112  37.32863800 -005.72532500  37.32865133 -005.72530433 51
116  37.32867500 -005.72526750  37.32868633 -005.72524983
120 Centreline for Taxi
112  37.32854165 -005.72508399  37.32851922 -005.72511933 51
116  37.32854945 -005.72518039  37.32857709 -005.72520932
120 Centreline for Taxi join
112  37.32818856 -005.72579959  37.32821619 -005.72582853 51
116  37.32819526 -005.72589488  37.32817210 -005.72592947
120 Centreline for Taxi
112  37.32829250 -005.72586000  37.32830483 -005.72584067 51
116  37.32833900 -005.72585700  37.32835767 -005.72587433
120 Centreline for Taxi
112  37.32836550 -005.72574700  37.32837717 -005.72572900 51
116  37.32841000 -005.72574900  37.32842800 -005.72576833
120 Centreline for Taxi
112  37.32844200 -005.72562850  37.32845333 -005.72561083 51
116  37.32846400 -005.72560650  37.32846733 -005.72560950
120 Centreline for Taxi
112  37.32852150 -005.72550600  37.32853383 -005.72548733 51
116  37.32854350 -005.72548200  37.32854583 -005.72548467
120 Centreline for Taxi
112  37.32859950 -005.72538500  37.32861183 -005.72536567 51
116  37.32864800 -005.72538500  37.32866800 -005.72540433
120 Centreline for Taxi
112  37.32867500 -005.72526750  37.32868633 -005.72524983 51
116  37.32872200 -005.72527000  37.32874200 -005.72528933
120 Centreline for Taxi
112  37.32873531 -005.72509869  37.32871377 -005.72513490 51
116  37.32866500 -005.72511200  37.32863967 -005.72508467
120 Centreline for Taxi
112  37.32866500 -005.72511200  37.32863967 -005.72508467 51
116  37.32865250 -005.72503250  37.32866950 -005.72500683
120 Taxi hold short
111  37.32852717 -005.72500024 54
115  37.32855683 -005.72495776
120 Taxi hold short
111  37.32809275 -005.72566167 54
115  37.32806325 -005.72570433
120 GA Ramp  1
111  37.32816532 -005.72596592 51
115  37.32814468 -005.72594408
120 GA Ramp  2
111  37.32807001 -005.72585980 51
115  37.32804799 -005.72584020
120 GA Ramp  3
111  37.32868119 -005.72496816 51
115  37.32869881 -005.72499384
120 GA Ramp  4
111  37.32849440 -005.72561474 51
115  37.32847760 -005.72564126
120 GA Ramp  5
111  37.32857140 -005.72548874 51
115  37.32855460 -005.72551526
14  37.32794700 -005.72307500  55.00 0 Los Alcores-Aerohispalis Tower
1300  37.32815500 -005.72595500  50.99 misc props|helos GA Ramp  1
1300  37.32805900 -005.72585000  50.66 misc props|helos GA Ramp  2
1300  37.32869000 -005.72498100 228.85 misc props|helos GA Ramp  3
1300  37.32848600 -005.72562800 143.18 misc props|helos GA Ramp  4
1300  37.32856300 -005.72550200 142.90 misc props|helos GA Ramp  5
99
