I
1000 Generated by WorldEditor

1     26 0 0 LE23 Llabia
100 16.00 4 0 0.25 0 0 0 17  42.01168312  003.08945106    0    0 0 0 0 0 35  42.01352488  003.08888294    0    0 0 0 0 0
110 1 0.25 167.0700 Apron
111  42.01178100  003.08985700
111  42.01193100  003.08981100
111  42.01189400  003.08959100
113  42.01174300  003.08963000
14  42.01200400  003.08958600  55.00 0 Llabia Tower
1300  42.01182900  003.08957200 258.55 misc props|helos GA Ramp  1
19  42.01231626  003.08939228 0 New Windsock 1
99
