I
1000 Generated by WorldEditor

1   3999 0 0 LE61 Campillos-Paravientos
100 16.00 1 0 0.25 0 0 0 09  39.94128441 -001.53516960    0    0 1 0 0 0 27  39.94119559 -001.52333640    0    0 1 0 0 0
102 H1  39.94236300 -001.52978100  70.92 8.00 8.00 2 0 0 0.25 1
110 4 0.25 90.5600 Taxiway
112  39.94133600 -001.53116600  39.94132900 -001.53115700
112  39.94132600 -001.53134200  39.94132700 -001.53146700
111  39.94132600 -001.53134200
111  39.94118000 -001.53099700
111  39.94132300 -001.53082200
112  39.94132300 -001.53082200  39.94132400 -001.53094700
112  39.94135800 -001.53105100  39.94138100 -001.53107800
112  39.94146500 -001.53113600  39.94151400 -001.53116600
111  39.94146500 -001.53113600
111  39.94141900 -001.53122400
114  39.94141900 -001.53122400  39.94137000 -001.53119400
110 4 0.25 90.5600 Taxiway
112  39.94094700 -001.53078000  39.94093000 -001.53075700
111  39.94049500 -001.53016000
111  39.94052100 -001.53012800
112  39.94096900 -001.53074200  39.94098600 -001.53076500
112  39.94102500 -001.53079900  39.94104600 -001.53081400
111  39.94120300 -001.53092700
111  39.94118600 -001.53096800
114  39.94100300 -001.53083700  39.94098200 -001.53082200
110 12 0.25 90.5600 Taxiway
112  39.94148500 -001.53209700  39.94147200 -001.53207000
111  39.94130200 -001.53170700
111  39.94133300 -001.53168300
112  39.94150500 -001.53205100  39.94151800 -001.53207800
112  39.94156000 -001.53209100  39.94158400 -001.53209100
111  39.94162000 -001.53209100
111  39.94162000 -001.53213700
114  39.94154000 -001.53213700  39.94151600 -001.53213700
110 12 0.25 90.5600 Taxiway
112  39.94195700 -001.53022900  39.94197200 -001.53021600
112  39.94223000 -001.53000300  39.94224500 -001.52999000
112  39.94224400 -001.53001700  39.94223800 -001.53003900
111  39.94206900 -001.53062200
111  39.94204400 -001.53060900
112  39.94219000 -001.53010300  39.94219600 -001.53008100
112  39.94217600 -001.53008900  39.94216100 -001.53010200
112  39.94197500 -001.53025500  39.94196000 -001.53026800
112  39.94193600 -001.53030200  39.94192500 -001.53032100
112  39.94190800 -001.53035200  39.94189700 -001.53037100
112  39.94191300 -001.53041500  39.94192800 -001.53043800
112  39.94195900 -001.53049800  39.94197500 -001.53053100
111  39.94199900 -001.53057800
111  39.94196100 -001.53060900
112  39.94192300 -001.53053200  39.94190700 -001.53049900
112  39.94187500 -001.53044600  39.94185900 -001.53042100
111  39.94185200 -001.53040900
112  39.94182900 -001.53037400  39.94181400 -001.53035100
112  39.94176800 -001.53031000  39.94174200 -001.53029100
112  39.94163000 -001.53020600  39.94160400 -001.53018700
112  39.94156000 -001.53013500  39.94153900 -001.53010700
112  39.94153900 -001.53010800  39.94151800 -001.53008000
112  39.94146300 -001.53006300  39.94143300 -001.53006100
112  39.94144900 -001.53006200  39.94141900 -001.53006000
112  39.94136400 -001.53008500  39.94133700 -001.53010200
111  39.94129900 -001.53012700
111  39.94127900 -001.53007500
112  39.94135400 -001.53002500  39.94138100 -001.53000800
112  39.94143900 -001.53000200  39.94146900 -001.53000400
112  39.94148300 -001.53000500  39.94151300 -001.53000700
112  39.94155900 -001.53005000  39.94158000 -001.53007800
112  39.94158800 -001.53008900  39.94160900 -001.53011700
112  39.94165800 -001.53016000  39.94168400 -001.53017900
112  39.94179800 -001.53026400  39.94182400 -001.53028300
112  39.94185600 -001.53032300  39.94186900 -001.53034300
112  39.94189000 -001.53032400  39.94190100 -001.53030500
114  39.94191800 -001.53027600  39.94192900 -001.53025700
110 12 0.25 90.5600 Taxiway
112  39.94168500 -001.53166900  39.94166400 -001.53164100
111  39.94150900 -001.53142900
111  39.94154200 -001.53138900
112  39.94172500 -001.53163700  39.94174600 -001.53166500
112  39.94177100 -001.53173400  39.94178100 -001.53177100
111  39.94182900 -001.53194700
111  39.94178600 -001.53196600
114  39.94173100 -001.53176600  39.94172100 -001.53172900
110 12 0.25 90.5600 Taxiway
112  39.94154000 -001.53129900  39.94149100 -001.53126900
112  39.94141900 -001.53122400  39.94137000 -001.53119400
112  39.94133600 -001.53116600  39.94132900 -001.53115700
111  39.94133600 -001.53116600
111  39.94135800 -001.53105100
112  39.94135800 -001.53105100  39.94138100 -001.53107800
112  39.94146500 -001.53113600  39.94151400 -001.53116600
111  39.94156600 -001.53119900
111  39.94163900 -001.53124400
111  39.94161300 -001.53134400
113  39.94154000 -001.53129900
110 1 0.25 90.5600 Apron
111  39.94116800 -001.53513000
111  39.94118900 -001.53512000
111  39.94139100 -001.53511700
111  39.94140700 -001.53512400
111  39.94141800 -001.53567200
111  39.94141200 -001.53568600
111  39.94119700 -001.53569200
113  39.94118200 -001.53568000
110 2 0.25 90.5600 Apron
111  39.94131600 -001.53062100
111  39.94131200 -001.53017700
111  39.94137100 -001.53020900
111  39.94142900 -001.53026200
111  39.94153400 -001.53027100
113  39.94153600 -001.53062100
110 2 0.25 90.5600 Apron
111  39.94165900 -001.53132500
111  39.94165900 -001.53107100
111  39.94184400 -001.53107100
113  39.94184100 -001.53132500
110 12 0.25 90.5600 Apron
111  39.94199400 -001.53047600
111  39.94201600 -001.53045500
111  39.94205900 -001.53046400
111  39.94209900 -001.53049600
111  39.94210900 -001.53052000
111  39.94212100 -001.53061700
111  39.94218300 -001.53062100
111  39.94218900 -001.53065400
111  39.94221700 -001.53067400
111  39.94222700 -001.53071000
111  39.94222700 -001.53074700
111  39.94221400 -001.53076700
111  39.94216800 -001.53079100
111  39.94207800 -001.53080700
111  39.94200700 -001.53080900
111  39.94183700 -001.53087600
111  39.94174500 -001.53090400
111  39.94171500 -001.53092400
111  39.94170600 -001.53091600
111  39.94170000 -001.53094000
111  39.94170900 -001.53096300
111  39.94173300 -001.53098300
111  39.94180000 -001.53099100
111  39.94187300 -001.53098300
111  39.94184300 -001.53119100
111  39.94184200 -001.53107000
111  39.94165800 -001.53107300
111  39.94165800 -001.53132500
111  39.94157100 -001.53132500
111  39.94154400 -001.53132500
111  39.94151900 -001.53136900
111  39.94147900 -001.53138100
111  39.94139800 -001.53131200
111  39.94139800 -001.53127600
111  39.94139800 -001.53116300
111  39.94142300 -001.53098500
111  39.94143500 -001.53097700
111  39.94147200 -001.53095700
111  39.94146900 -001.53093700
111  39.94143800 -001.53093200
111  39.94132300 -001.53088200
111  39.94132300 -001.53082300
111  39.94137900 -001.53086800
111  39.94141300 -001.53086800
111  39.94141600 -001.53086400
111  39.94140700 -001.53081900
111  39.94141000 -001.53072600
111  39.94136800 -001.53060900
111  39.94132600 -001.53053900
111  39.94155600 -001.53053500
111  39.94154700 -001.53071400
111  39.94153400 -001.53081900
111  39.94154400 -001.53086400
111  39.94155900 -001.53088000
111  39.94159000 -001.53088000
111  39.94166200 -001.53086800
111  39.94174500 -001.53083500
111  39.94186000 -001.53077500
111  39.94196600 -001.53070600
111  39.94198400 -001.53069000
111  39.94199000 -001.53065000
111  39.94198700 -001.53061300
111  39.94196000 -001.53055700
111  39.94194700 -001.53050000
113  39.94195300 -001.53047600
110 2 0.25 90.5600 Apron
111  39.94233800 -001.52990000
111  39.94230400 -001.52987900
111  39.94228200 -001.52983900
111  39.94227300 -001.52979000
111  39.94227200 -001.52975100
111  39.94228700 -001.52971200
111  39.94230500 -001.52968200
111  39.94233800 -001.52966200
111  39.94238200 -001.52965900
111  39.94241100 -001.52967500
111  39.94243200 -001.52970800
111  39.94244600 -001.52975100
111  39.94245100 -001.52979700
111  39.94243800 -001.52984100
111  39.94241700 -001.52987800
113  39.94238000 -001.52989900
110 12 0.25 90.5600 Apron
111  39.94133000 -001.53177600
111  39.94132400 -001.53112500
111  39.94166300 -001.53131100
111  39.94164400 -001.53142900
111  39.94154500 -001.53143300
111  39.94152000 -001.53146100
111  39.94154800 -001.53166300
113  39.94153300 -001.53169600
110 1 0.25 90.5600 Apron
111  39.94124900 -001.53509000
111  39.94112800 -001.52335300
111  39.94123500 -001.52335700
113  39.94133400 -001.53508000
110 12 0.25 90.5600 Apron
111  39.94132600 -001.53101700
111  39.94132200 -001.53095600
111  39.94136600 -001.53095900
111  39.94138500 -001.53095300
111  39.94149600 -001.53095100
113  39.94143900 -001.53103600
110 3 0.25 90.5600 Apron
111  39.94157600 -001.53088400
111  39.94155600 -001.53088100
111  39.94154400 -001.53086500
111  39.94153700 -001.53083700
111  39.94153600 -001.53081000
111  39.94154000 -001.53075800
111  39.94155300 -001.53053900
111  39.94153500 -001.53053500
111  39.94153000 -001.53027300
111  39.94156300 -001.53028100
111  39.94162300 -001.53032200
111  39.94165100 -001.53037300
111  39.94168700 -001.53040900
111  39.94170500 -001.53046200
111  39.94169000 -001.53052300
111  39.94167100 -001.53055400
111  39.94166400 -001.53060300
111  39.94165600 -001.53066200
111  39.94164300 -001.53072400
111  39.94161000 -001.53079000
111  39.94159400 -001.53083100
113  39.94159900 -001.53087900
110 12 0.25 90.5600 Apron
111  39.94159900 -001.53184900
111  39.94163000 -001.53184500
111  39.94166600 -001.53184000
111  39.94169600 -001.53184900
111  39.94172500 -001.53187600
111  39.94175400 -001.53191600
111  39.94182000 -001.53193800
111  39.94183600 -001.53197800
111  39.94184200 -001.53204200
111  39.94185400 -001.53209900
111  39.94186600 -001.53215700
111  39.94186800 -001.53221900
111  39.94185400 -001.53226600
111  39.94180700 -001.53227400
111  39.94176200 -001.53225000
111  39.94174200 -001.53218800
111  39.94171200 -001.53216400
111  39.94155200 -001.53215000
111  39.94152400 -001.53213100
111  39.94155800 -001.53209100
111  39.94157700 -001.53205900
111  39.94158500 -001.53198900
111  39.94158900 -001.53193600
113  39.94158900 -001.53186900
110 2 0.25 90.5600 Apron
111  39.94178300 -001.53065400
111  39.94170900 -001.53062400
111  39.94172500 -001.53056000
113  39.94179900 -001.53059500
110 4 0.25 90.5600 Apron
111  39.94132100 -001.53096100
111  39.94132100 -001.53087800
111  39.94140200 -001.53091700
111  39.94146000 -001.53092800
111  39.94148500 -001.53094900
111  39.94147500 -001.53096700
111  39.94145900 -001.53097000
113  39.94139000 -001.53097000
110 4 0.25 90.5600 Apron
111  39.94132500 -001.53082700
111  39.94131900 -001.53053300
111  39.94137000 -001.53060500
111  39.94139700 -001.53068200
111  39.94141400 -001.53073300
111  39.94141100 -001.53079900
111  39.94142500 -001.53083100
111  39.94141500 -001.53087100
111  39.94139300 -001.53086900
113  39.94137300 -001.53086900
14  39.94186300 -001.52959500  36.00 0 Campillos-Paravientos Tower
1300  39.94175800 -001.53132800 179.11 misc props|helos GA Ramp  1
1300  39.94141900 -001.53039400 169.84 misc props|helos GA Ramp  2
19  39.94135633 -001.53163656 0 New Windsock 3
99
