I
1000	# Converted by FS2XPlane 3.26


17    3477 0 0 LE0B Jayena
102  H1  36.93102300   -3.83957000 357.64 27.43 27.43 02 00 00 0.25 1
14    36.93103200   -3.84099900    6 0 Jayena Tower

1300  36.93127600   -3.83984900 199.54 misc props|helos GA Ramp  1

1300  36.93127000   -3.84017100 178.82 misc props|helos GA Ramp  2

1300  36.93120500   -3.84050100 156.15 misc props|helos GA Ramp  3

1300  36.93084900   -3.83906600 206.86 misc props|helos GA Ramp  4

110  02 0.25  85.80 Taxiway
112   36.93108200   -3.82906800  36.93114300   -3.82909100 
112   36.93130300   -3.82915200  36.93136400   -3.82917500 
112   36.93146500   -3.82924400  36.93151200   -3.82928300 
112   36.93155600   -3.82939600  36.93156900   -3.82945900 
112   36.93153900   -3.82956500  36.93151400   -3.82961400 
111   36.93150300   -3.82963800 
111   36.93131400   -3.82999800 
112   36.93104600   -3.83048700  36.93101000   -3.83055300 
112   36.93098500   -3.83069900  36.93098000   -3.83077400 
111   36.93098500   -3.83069900
111   36.93090300   -3.83055600 
111   36.93101200   -3.83023600
112   36.93101200   -3.83023600  36.93100700   -3.83031100 
112   36.93105900   -3.83025000  36.93109500   -3.83018400 
111   36.93123400   -3.82993200 
111   36.93142300   -3.82957400 
112   36.93144800   -3.82952400  36.93146400   -3.82949000 
112   36.93146100   -3.82942500  36.93145400   -3.82939300 
112   36.93140200   -3.82933700  36.93136900   -3.82931000 
112   36.93126100   -3.82926100  36.93120000   -3.82923800 
112   36.93116400   -3.82922500  36.93110300   -3.82920200 
112   36.93106500   -3.82930300  36.93106000   -3.82937800 
111   36.93106500   -3.82930300
111   36.93098400   -3.82914700
114   36.93098400   -3.82914700  36.93098800   -3.82907200 

110  02 0.25  85.80 Taxiway
111   36.93049800   -3.83962200 
112   36.93048000   -3.83957600  36.93046700   -3.83954500 
112   36.93045400   -3.83964300  36.93044900   -3.83971800 
111   36.93045400   -3.83964300
111   36.93038400   -3.83931000 
111   36.93048200   -3.83918300
112   36.93048200   -3.83918300  36.93047700   -3.83925800 
111   36.93051200   -3.83938800 
111   36.93054900   -3.83948000 
111   36.93059700   -3.83960100 
111   36.93063900   -3.83970900 
111   36.93069600   -3.83985100 
111   36.93073800   -3.83995900 
111   36.93078100   -3.84006900 
111   36.93080100   -3.84011800 
111   36.93082000   -3.84016800 
111   36.93085100   -3.84028500 
111   36.93086300   -3.84035200 
111   36.93087500   -3.84041900 
111   36.93085100   -3.84053700 
111   36.93077500   -3.84061000 
112   36.93076900   -3.84061600  36.93071800   -3.84066500 
112   36.93060300   -3.84073000  36.93054300   -3.84075700 
112   36.93057200   -3.84074400  36.93051200   -3.84077100 
112   36.93043300   -3.84079000  36.93040000   -3.84079300 
112   36.93037800   -3.84090900  36.93037300   -3.84098400 
111   36.93037800   -3.84090900
111   36.93029900   -3.84072800 
111   36.93040100   -3.84054400
112   36.93040100   -3.84054400  36.93039600   -3.84061900 
112   36.93045300   -3.84065000  36.93049200   -3.84064500 
112   36.93058000   -3.84061300  36.93062500   -3.84059300 
112   36.93071500   -3.84051700  36.93076000   -3.84047400 
112   36.93076400   -3.84035200  36.93075200   -3.84028500 
112   36.93070700   -3.84015400  36.93068100   -3.84008900 
113   36.93066900   -3.84005600 

120  Centreline for Path
111   36.93120500   -3.84050100 51
112   36.93093177   -3.84048249  36.93086792   -3.84047816 51
116   36.93076002   -3.84054923  36.93070937   -3.84059805

120  Centreline for Path
111   36.93127000   -3.84017100 51
112   36.93088742   -3.84021982  36.93082381   -3.84022794 51
116   36.93081311   -3.84034905  36.93082718   -3.84042708

120  Centreline for Path
111   36.93127600   -3.83984900 51
112   36.93080494   -3.83999934  36.93074298   -3.84001911 51
116   36.93075200   -3.84013050  36.93077867   -3.84019817

120  Centreline for Path
111   36.93084900   -3.83906600 51
112   36.93059747   -3.83949801  36.93055982   -3.83956267 51
116   36.93058340   -3.83970262  36.93061167   -3.83977437

120  Centreline for Taxi join
112   36.93081489   -3.84035895  36.93082896   -3.84043698 51
116   36.93093177   -3.84048249  36.93099562   -3.84048681

120  Centreline for Taxi join
112   36.93088742   -3.84021982  36.93082381   -3.84022794 51
116   36.93075200   -3.84013050  36.93072533   -3.84006283

120  Centreline for Taxi join
112   36.93080494   -3.83999934  36.93074298   -3.84001911 51
116   36.93066960   -3.83992138  36.93064133   -3.83984963

120  Centreline for Taxi join
112   36.93049820   -3.83948762  36.93052673   -3.83955921 51
116   36.93059747   -3.83949801  36.93063511   -3.83943336

120  GA Ramp  1
111   36.93127007   -3.83981995 51
115   36.93128193   -3.83987805

120  GA Ramp  2
111   36.93126756   -3.84014118 51
115   36.93127244   -3.84020082

120  GA Ramp  3
111   36.93120630   -3.84047107 51
115   36.93120370   -3.84053093

120  GA Ramp  4
111   36.93082960   -3.83904835 51
115   36.93086840   -3.83908365

110  12 0.25  85.80 Apron
111   36.93152000   -3.83983500
111   36.93150500   -3.83998300
111   36.93134400   -3.84045500
111   36.93121900   -3.84068700
111   36.93106100   -3.84073600
111   36.93090100   -3.84088300
111   36.93079100   -3.84111600
111   36.93070600   -3.84120200
111   36.93067000   -3.84124000
111   36.93055200   -3.84127100
111   36.93043300   -3.84124200
111   36.93038600   -3.84090300
111   36.93050800   -3.83900900
111   36.93068100   -3.83890000
111   36.93080300   -3.83889700
111   36.93095400   -3.83891300
111   36.93114500   -3.83893800
111   36.93125900   -3.83906300
113   36.93133900   -3.83923400

110  02 0.25  85.80 Apron
111   36.93107100   -3.82927600
111   36.93035300   -3.84140600
111   36.93038900   -3.84145100
111   36.93037700   -3.84168000
111   36.93020000   -3.84166700
111   36.93021100   -3.84143800
111   36.93025600   -3.84139600
111   36.93096300   -3.82927400
111   36.93093000   -3.82923900
111   36.93094300   -3.82900500
111   36.93112300   -3.82901700
111   36.93131200   -3.82915600
111   36.93131300   -3.82927200
113   36.93118800   -3.82921200


99
