I
1000 Generated by WorldEditor

1    294 1 0 LEBA Cordoba
100 45.00 1 1 0.00 0 2 1 03  37.83414212 -004.85435980    0    0 3 9 0 0 21  37.84763081 -004.84494713    0    0 3 9 0 0
110 2 0.00 0.0000 Plataform A
111  37.84607271 -004.84408713 3
111  37.84503128 -004.84484245 3
111  37.84489586 -004.84455062 3
111  37.84481384 -004.84461357
111  37.84461652 -004.84474162 3
111  37.84452080 -004.84460188 3
111  37.84445076 -004.84461165
111  37.84429313 -004.84425116 3
111  37.84415007 -004.84387923 3
111  37.84423018 -004.84382773 3
111  37.84440566 -004.84424926 3
111  37.84504082 -004.84380674 3
111  37.84482260 -004.84330593 3
111  37.84537270 -004.84293889 3
111  37.84558251 -004.84341382 3
113  37.84573701 -004.84330510 3
110 2 0.00 0.0000 Plataform B
111  37.84247540 -004.84663539 3
111  37.84190646 -004.84540466 3
111  37.84253206 -004.84495449 3
111  37.84234187 -004.84455194 3
111  37.84361219 -004.84366560 3
111  37.84375524 -004.84398604 3
111  37.84368658 -004.84403944 3
111  37.84389639 -004.84452392 3
111  37.84429313 -004.84425116
111  37.84445076 -004.84461165 3
111  37.84422524 -004.84474336 3
111  37.84445560 -004.84526953 3
111  37.84327077 -004.84607271
113  37.84292554 -004.84630350 3
110 1 0.00 0.0000 Taxiway A
111  37.84548596 -004.84616239
111  37.84524495 -004.84633053 3 102
112  37.84521820 -004.84608606  37.84517819 -004.84598954 3 102
111  37.84461652 -004.84474162
111  37.84481384 -004.84461357 3 102
112  37.84480049 -004.84470512  37.84481573 -004.84474614 3 102
114  37.84535965 -004.84601272  37.84539604 -004.84609588 3 102
110 1 0.00 0.0000 Taxiway B
111  37.84380467 -004.84733612
111  37.84352197 -004.84753309 3 102
112  37.84351873 -004.84733539  37.84349826 -004.84728554 3 102
111  37.84310674 -004.84639696 3 102
112  37.84292554 -004.84630350  37.84284522 -004.84635335
111  37.84327077 -004.84607271 3 102
112  37.84324407 -004.84630159  37.84329446 -004.84640130 3 102
114  37.84364495 -004.84721896  37.84368650 -004.84731452 3 102
110 1 0.00 0.0000 New Taxiway 4
111  37.84748945 -004.84466674 20
112  37.85081782 -004.84232102  37.85085462 -004.84226405 20
111  37.85094866 -004.84219156 20
112  37.85112858 -004.84179801  37.85116538 -004.84175658 20
112  37.85129213 -004.84150285  37.85132484 -004.84144589 20
112  37.85157427 -004.84127500  37.85168058 -004.84124393 20
112  37.85186867 -004.84130089  37.85201178 -004.84136303 20
111  37.85202814 -004.84146660 20
111  37.85229800 -004.84209317 20
113  37.84776749 -004.84526741 20
110 1 0.00 0.0000 new hold 03
111  37.83406495 -004.85417078
112  37.83402832 -004.85407026  37.83401033 -004.85400192
112  37.83399795 -004.85385580  37.83400245 -004.85376468
112  37.83405141 -004.85359360  37.83408516 -004.85350559
112  37.83416502 -004.85341794  37.83421115 -004.85337179
112  37.83433074 -004.85330034  37.83442070 -004.85324908
111  37.83460631 -004.85325872
112  37.83513840 -004.85323735  37.83516988 -004.85323165
111  37.83519691 -004.85323024
113  37.83529974 -004.85326143
110 1 0.00 0.0000 Hold 03
112  37.83637952 -004.85236063  37.83637926 -004.85231643
112  37.83644182 -004.85207052  37.83648053 -004.85194557
112  37.83680727 -004.85191132  37.83697560 -004.85193914
111  37.83723469 -004.85191028
113  37.83639550 -004.85252140
110 1 0.00 0.0000 Hold 21
111  37.84744042 -004.84478994
111  37.84661734 -004.84537231
112  37.84674423 -004.84507991  37.84676885 -004.84497076
114  37.84702121 -004.84466596  37.84719466 -004.84458095
110 1 0.00 0.0000 Final taxi 21
111  37.85122498 -004.84296922
111  37.85089445 -004.84225276
111  37.85069955 -004.84183511
111  37.85227897 -004.84071723
111  37.85293837 -004.84223633
113  37.85139113 -004.84332251
110 1 0.00 0.0000 New Taxiway 2
111  37.84493211 -004.84459668
112  37.84491388 -004.84466469  37.84490588 -004.84469662
112  37.84490053 -004.84486518  37.84490625 -004.84488450
111  37.84530639 -004.84583447
112  37.84533016 -004.84586224  37.84534542 -004.84586707
111  37.84540983 -004.84582173
111  37.84552357 -004.84598588
112  37.84557658 -004.84600433  37.84561264 -004.84601192
111  37.84570172 -004.84603767
111  37.84506457 -004.84648842
111  37.84504818 -004.84636225
112  37.84509044 -004.84626007  37.84509910 -004.84617652
111  37.84507983 -004.84614058
111  37.84503978 -004.84604396
111  37.84512511 -004.84599466
111  37.84458755 -004.84476836
113  37.84490084 -004.84452256
110 1 0.00 0.0000 New Taxiway 16
112  37.84377129 -004.84711243  37.84378030 -004.84712384
112  37.84384966 -004.84714799  37.84389574 -004.84715577
111  37.84391889 -004.84713419
111  37.84396190 -004.84723144
111  37.84336510 -004.84764690
111  37.84332905 -004.84756988
111  37.84336284 -004.84752709
112  37.84337657 -004.84744410  37.84338117 -004.84740882
111  37.84335998 -004.84735774
111  37.84331062 -004.84724700
113  37.84369380 -004.84698066
130 Airport Boundary 1
111  37.83413615 -004.85725075
111  37.83145574 -004.85050165
111  37.85088121 -004.83814738
113  37.85573004 -004.84360004
120 Linear Feature 18
111  37.84673423 -004.84529318 51 102
112  37.84680706 -004.84518338  37.84685978 -004.84509919 51 102
112  37.84688857 -004.84497037  37.84690244 -004.84492645 51 102
112  37.84701516 -004.84478371  37.84708024 -004.84474843 51 102
112  37.84719377 -004.84475955  37.84724660 -004.84477171 51 102
112  37.84729955 -004.84481445  37.84730475 -004.84481665 51 102
115  37.84734059 -004.84486994
120 Linear Feature 3
111  37.84653510 -004.84572245 1 101
112  37.84685250 -004.84549933  37.84695787 -004.84542599
111  37.84685250 -004.84549933
112  37.84685250 -004.84549933  37.84693958 -004.84543702 1 101
112  37.84693037 -004.84502948  37.84694244 -004.84478705
111  37.84693037 -004.84502948
112  37.84693037 -004.84502948  37.84694002 -004.84495206 1 101
112  37.84706918 -004.84481703  37.84715337 -004.84477966
111  37.84706918 -004.84481703
112  37.84706918 -004.84481703  37.84713829 -004.84479873 1 101
112  37.84724325 -004.84487890  37.84729786 -004.84494805 1 101
112  37.84726035 -004.84521176  37.84717363 -004.84536090
111  37.84726035 -004.84521176
112  37.84726035 -004.84521176  37.84720789 -004.84524836 1 101
115  37.84706700 -004.84534946
120 Linear Feature 55
111  37.84368658 -004.84452964 1 101
116  37.84365797 -004.84467079  37.84359420 -004.84471693
120 Linear Feature 54
111  37.84379322 -004.84477031 1 101
116  37.84365797 -004.84467079  37.84359420 -004.84471693
120 Linear Feature 53
111  37.84391928 -004.84483482 1 101
116  37.84379322 -004.84477031  37.84374116 -004.84465330
120 Linear Feature 52
111  37.84368658 -004.84452964 1 101
115  37.84379322 -004.84477031
120 Linear Feature 51
111  37.84414244 -004.84468032 1 101
115  37.84400893 -004.84477379
120 Linear Feature 50
111  37.84346342 -004.84402228 1 101
116  37.84334707 -004.84400320  37.84326638 -004.84406418
120 Linear Feature 45
111  37.84223506 -004.84576753 1 101
116  37.84228275 -004.84563020  37.84237125 -004.84556593
120 Linear Feature 43
111  37.84308385 -004.84613947 1 101
116  37.84297131 -004.84609178  37.84290103 -004.84614287
120 Linear Feature 42
111  37.84308385 -004.84613947 1 101
116  37.84310483 -004.84600404  37.84316209 -004.84596449
120 Linear Feature 41
111  37.84391928 -004.84753757 1 101
116  37.84365415 -004.84744793  37.84356565 -004.84724192
120 Linear Feature 40
111  37.84358167 -004.84777600 1 101
116  37.84365415 -004.84744793  37.84356175 -004.84723368
120 Linear Feature 39
111  37.84440375 -004.84720188 1 101
115  37.84391928 -004.84753757
120 Linear Feature 38
111  37.84358167 -004.84777600 1 101
115  37.84308957 -004.84811742
120 Linear Feature 37
111  37.84365415 -004.84744793 1 101
115  37.84308385 -004.84613947
120 Linear Feature 36
111  37.84258030 -004.84636645 1 101
115  37.84297131 -004.84609178
120 Linear Feature 35
111  37.84246967 -004.84631113 1 101
115  37.84223506 -004.84576753
120 Linear Feature 34
111  37.84289502 -004.84519341 1 101
115  37.84228275 -004.84563020
120 Linear Feature 33
111  37.84300755 -004.84511330 1 101
115  37.84365797 -004.84467079
120 Linear Feature 32
111  37.84290265 -004.84506752 1 101
115  37.84267948 -004.84455253
120 Linear Feature 31
111  37.84334707 -004.84400320 1 101
115  37.84273671 -004.84443999
120 Linear Feature 30
111  37.84368658 -004.84452964 1 101
115  37.84346342 -004.84402228
120 Linear Feature 29
111  37.84423209 -004.84510185 1 101
116  37.84417487 -004.84525444  37.84408507 -004.84531872
120 Linear Feature 28
111  37.84417487 -004.84525444 1 101
115  37.84310483 -004.84600404
120 Linear Feature 27
111  37.84410620 -004.84481956 1 101
116  37.84400893 -004.84477379  37.84396208 -004.84480675
120 Linear Feature 26
111  37.84410620 -004.84481956 1 101
116  37.84414244 -004.84468032  37.84420101 -004.84463747
120 Linear Feature 25
111  37.84386015 -004.84462692 1
115  37.84453536 -004.84416342
120 Linear Feature 24
111  37.84391928 -004.84483482 1 101
115  37.84400893 -004.84477379
120 Linear Feature 23
111  37.84423209 -004.84510185 1 101
115  37.84410620 -004.84481956
120 Linear Feature 22
111  37.84414244 -004.84468032 1 101
115  37.84441329 -004.84448577
120 Linear Feature 21
111  37.84504082 -004.84380674 20
111  37.84537079 -004.84358549 20
111  37.84545853 -004.84380102 20
111  37.84476425 -004.84428359 20
116  37.84453536 -004.84416342  37.84438439 -004.84419309
120 Hold Taxi A
111  37.84519913 -004.84568170 4 104
115  37.84508973 -004.84576004
120 Linear Feature 16
111  37.84499504 -004.84415007 1 101
111  37.84494926 -004.84404707 1 101
112  37.84486915 -004.84402800  37.84481008 -004.84406419 1 101
115  37.84461357 -004.84420348
120 Linear Feature 15
111  37.84509422 -004.84407378 1 101
111  37.84505417 -004.84397078 1 101
112  37.84507896 -004.84388113  37.84512470 -004.84384494 1 101
115  37.84530976 -004.84371900
120 Taxi Stand 1
111  37.84506943 -004.84432555 1 101
115  37.84501793 -004.84420539
120 Linear Feature 13
111  37.84470893 -004.84472992 1 101
116  37.84486343 -004.84447242  37.84507684 -004.84433729
120 Taxi Stand 2
111  37.84486343 -004.84447242 1 101
111  37.84556916 -004.84397078 1 101
112  37.84562829 -004.84374571  37.84556533 -004.84359358 1 101
111  37.84555009 -004.84355497 1 101
115  37.84545853 -004.84361982
120 Taxi A
111  37.84528115 -004.84658961 1 101
116  37.84537270 -004.84626535  37.84529077 -004.84606749
120 Taxi A
111  37.84562829 -004.84634737 1 101
116  37.84537270 -004.84626535  37.84529077 -004.84606749
120 Taxi A
111  37.84537270 -004.84626535 1 101
115  37.84470893 -004.84472992
120 Taxi A
111  37.84480621 -004.84692340 1 101
115  37.84528115 -004.84658961
120 Taxi A
111  37.84611658 -004.84600404 1 101
115  37.84562829 -004.84634737
120 Taxi 03
111  37.83414599 -004.85406811 3 102
112  37.83428558 -004.85347081  37.83451975 -004.85334801 3 102
116  37.83518325 -004.85333952  37.83529974 -004.85326143
120 Linear Feature 19
111  37.84462048 -004.84452977 20
112  37.84465362 -004.84439803  37.84469935 -004.84435701 20
115  37.84478714 -004.84430075
120 Linear Feature 18
111  37.84462048 -004.84452977 1 101
116  37.84441329 -004.84448577  37.84429325 -004.84457264
120 Linear Feature 17
111  37.84470893 -004.84472992 1 101
115  37.84462048 -004.84452977
120 Linear Feature 44
111  37.84258030 -004.84636645 1 101
116  37.84246967 -004.84631113  37.84241892 -004.84619577
120 Linear Feature 49
112  37.84267948 -004.84455253  37.84266513 -004.84449273 1 101
116  37.84273671 -004.84443999  37.84280829 -004.84438726
120 Linear Feature 48
111  37.84300755 -004.84511330 1 101
116  37.84290265 -004.84506752  37.84286360 -004.84497853
120 Linear Feature 47
111  37.84289502 -004.84519341 1 101
116  37.84290265 -004.84506752  37.84286360 -004.84497853
120 Linear Feature 46
111  37.84289502 -004.84519341 1 101
115  37.84300755 -004.84511330
120 Hold TWY B
111  37.84343099 -004.84672694 4 104
115  37.84329557 -004.84682231
120 Linear Feature 2
111  37.83516591 -004.85364574 1 101
112  37.83497288 -004.85377861  37.83488479 -004.85383930 1 101
112  37.83461850 -004.85360085  37.83461721 -004.85360085 1 101
112  37.83442229 -004.85361144  37.83431932 -004.85368358
111  37.83442229 -004.85361144
112  37.83442229 -004.85361144  37.83433067 -004.85367989 1 101
112  37.83434609 -004.85393907  37.83438272 -004.85404912
111  37.83434609 -004.85393907
112  37.83434609 -004.85393907  37.83434857 -004.85394056 1 101
112  37.83457516 -004.85405911  37.83473062 -004.85395085 1 101
115  37.83473062 -004.85395085
120 Linear Feature 14
111  37.84886642 -004.84419828 20
115  37.84908223 -004.84385104
120 Linear Feature 13
111  37.84914316 -004.84399894 20
115  37.84880041 -004.84404074
120 Linear Feature 12
111  37.85050400 -004.84304400 20
115  37.85014856 -004.84309544
120 Linear Feature 11
111  37.85022727 -004.84324656 20
115  37.85044053 -004.84290253
120 Linear Feature 10
111  37.85186393 -004.84209081 20
115  37.85152195 -004.84215200
120 Linear Feature 9
111  37.85158886 -004.84229323 20
115  37.85180446 -004.84195429
21  37.84575557 -004.84559649 2 207.9000 3.0 New Light Fixture 5
21  37.84620425 -004.84661865 3 208.6100 3.0 New Light Fixture 4
21  37.83651652 -004.85190878 3 30.5500 3.0 New Light Fixture 2
21  37.83700593 -004.85314025 2 29.7400 3.0 New Light Fixture 1
20  37.84544933 -004.84606069 209.3600 0 3 {@Y}{^l}TERMINAL
20  37.84520779 -004.84622318 29.3600 0 3 {@Y}TERMINAL{^r}
20  37.84379849 -004.84725844 209.3600 0 3 {@Y}{^l}GENERAL AVIACION
20  37.84347416 -004.84748696 29.3600 0 3 {@Y}GENETAL AVIACION{^r}
20  37.84524115 -004.84565122 297.9000 0 3 {@R}RWY_03/21{@L}{@@}A
20  37.84505001 -004.84579104 302.0100 0 3 {@R}RWY_03/21{@L}{@@}A
20  37.84344735 -004.84671126 297.9000 0 3 {@R}RWY_03/21{@L}{@@}B
20  37.84327360 -004.84683192 302.0100 0 3 {@R}RWY_03/21{@L}{@@}B
20  37.84735346 -004.84471715 31.5400 0 3 {@Y}HOLD_RWY
14  37.84392953 -004.84442697  82.02 0 New Tower Viewpoint 8
15  37.84502511 -004.84422214 119.25 Ramp 1
15  37.84548054 -004.84360424 -150.36 Ramp 2
15  37.84277587 -004.84584161 120.47 General Aviacion 1
15  37.84290715 -004.84479624  26.05 General Aviacion 2
15  37.84368472 -004.84533012 120.58 General Aviacion 3
15  37.84493613 -004.84340746 -62.24 Heli
19  37.83997187 -004.85115685 1 New Windsock 5
19  37.83728227 -004.85342961 1 New Windsock 3
19  37.84775467 -004.84368620 1 New Windsock 2
19  37.84409124 -004.84666369 1 New Windsock 1
51 11830 Tower
99
