I
1000 Generated by WorldEditor

1   1095 1 0 LEIG Igualada-Odena
100 25.00 1 1 0.25 0 0 1 17  41.58089126  001.65445699    0    0 3 0 0 0 35  41.58780474  001.65091501    0    0 3 0 0 0
100 25.00 3 0 0.25 0 0 0 17L  41.58127774  001.65470838    0    0 1 0 0 0 35R  41.58715826  001.65169562    0    0 1 0 0 0
110 4 0.25 159.0000 Taxiway
112  41.58490700  001.65259500  41.58491200  001.65261500
111  41.58491500  001.65262400
112  41.58497300  001.65281800  41.58501200  001.65294700
112  41.58487400  001.65309600  41.58476900  001.65315200
111  41.58471600  001.65317900
111  41.58428100  001.65340100
111  41.58345100  001.65382600
112  41.58145700  001.65487900  41.58134600  001.65493800
112  41.58122900  001.65474100  41.58118800  001.65459000
111  41.58116000  001.65448900
111  41.58099100  001.65457100
112  41.58112300  001.65505500  41.58116400  001.65520600
112  41.58135100  001.65519300  41.58146200  001.65513400
111  41.58324600  001.65419200
111  41.58341300  001.65410400
111  41.58362300  001.65399600
111  41.58379100  001.65391000
111  41.58407300  001.65376500
111  41.58424100  001.65367900
111  41.58445100  001.65357100
111  41.58456400  001.65351300
111  41.58467800  001.65345600
111  41.58488700  001.65334700
111  41.58503400  001.65326900
111  41.58518100  001.65319100
111  41.58542900  001.65306200
111  41.58559700  001.65297500
111  41.58580700  001.65286700
111  41.58589200  001.65282400
111  41.58597700  001.65278000
111  41.58618700  001.65267300
111  41.58625500  001.65263900
111  41.58632300  001.65260400
111  41.58653300  001.65249500
111  41.58662600  001.65244600
111  41.58671900  001.65239700
111  41.58692900  001.65228700
111  41.58702100  001.65223900
111  41.58711300  001.65219100
111  41.58732300  001.65208200
111  41.58747700  001.65200200
111  41.58763100  001.65192200
111  41.58825400  001.65159800
112  41.58846200  001.65146400  41.58857000  001.65139400
112  41.58870800  001.65114700  41.58876400  001.65100600
112  41.58875600  001.65102500  41.58881200  001.65088400
112  41.58876100  001.65059700  41.58870800  001.65045300
112  41.58871300  001.65046300  41.58866000  001.65031900
112  41.58847900  001.65012500  41.58837600  001.65004400
112  41.58815800  001.65005400  41.58804800  001.65008900
112  41.58785300  001.65018300  41.58776000  001.65023400
111  41.58771400  001.65025900
112  41.58758300  001.65032500  41.58749600  001.65036900
112  41.58739000  001.65052100  41.58734900  001.65060800
112  41.58737300  001.65081400  41.58740300  001.65092300
111  41.58741900  001.65097700
111  41.58758800  001.65089200
112  41.58755800  001.65078600  41.58753800  001.65071500
112  41.58755000  001.65063300  41.58756500  001.65060200
112  41.58767600  001.65053500  41.58774500  001.65050000
111  41.58778000  001.65048300
112  41.58791300  001.65040900  41.58800200  001.65036000
112  41.58817100  001.65029700  41.58825400  001.65027100
112  41.58839500  001.65033800  41.58846200  001.65039100
112  41.58856700  001.65061300  41.58861400  001.65074400
112  41.58856500  001.65099300  41.58851600  001.65111600
112  41.58833700  001.65127700  41.58823400  001.65134400
111  41.58818200  001.65137800
111  41.58756500  001.65169800
111  41.58715400  001.65191100
111  41.58675900  001.65211800
111  41.58636200  001.65232700
111  41.58601600  001.65250300
111  41.58563400  001.65269900
112  41.58536700  001.65283700  41.58525500  001.65289500
112  41.58514100  001.65273000  41.58510200  001.65260100
111  41.58508300  001.65253600
112  41.58507500  001.65250800  41.58507000  001.65248900
112  41.58527700  001.65237200  41.58541700  001.65230100
111  41.58527700  001.65237200
111  41.58490300  001.65224200
111  41.58468900  001.65267300
114  41.58468900  001.65267300  41.58482900  001.65260100
110 4 0.25 159.0000 Apron
111  41.58742100  001.65225600
111  41.58734900  001.65200300
111  41.58337000  001.65410400
113  41.58342800  001.65430900
110 1 0.25 159.0000 Apron
111  41.58835800  001.65080700
111  41.58827100  001.65050700
111  41.58827100  001.65050800
111  41.58083500  001.65431000
113  41.58092200  001.65462000
110 4 0.25 159.0000 Apron
111  41.58884600  001.65034700
111  41.58870100  001.65045200
111  41.58876500  001.65063500
111  41.58879300  001.65074400
111  41.58879300  001.65087600
111  41.58873000  001.65107100
111  41.58868300  001.65118800
111  41.58860100  001.65132300
111  41.58852500  001.65140100
111  41.58846500  001.65144700
111  41.58860300  001.65171200
111  41.58885900  001.65153000
111  41.58901900  001.65120900
111  41.58915500  001.65079800
111  41.58903800  001.65063100
113  41.58895500  001.65047300
120 Centreline for Path
112  41.58644600  001.65260900  41.58641133  001.65249567 51 101
116  41.58656134  001.65235113  41.58667289  001.65229255
120 Centreline for Path
112  41.58610400  001.65280000  41.58606667  001.65267667 51 101
116  41.58621603  001.65252953  41.58632805  001.65247255
120 Centreline for Path
112  41.58572800  001.65300000  41.58568667  001.65287400 51 101
116  41.58583384  001.65272488  41.58594574  001.65266747
120 Centreline for Path
112  41.58684000  001.65239800  41.58680800  001.65228600 51 101
116  41.58695938  001.65214228  41.58707097  001.65208381
120 Centreline for Path
112  41.58723500  001.65220000  41.58720300  001.65208200 51 101
116  41.58735463  001.65193613  41.58746638  001.65187821
120 Centreline for Path
112  41.58480700  001.65348300  41.58476833  001.65335500 51 101
116  41.58458099  001.65337654  41.58446899  001.65343357
120 Centreline for Path
112  41.58437000  001.65370700  41.58433200  001.65357767 51 101
116  41.58448101  001.65342746  41.58459301  001.65337043
120 Centreline for Path
112  41.58353900  001.65411900  41.58350233  001.65399833 51 101
116  41.58365186  001.65385194  41.58376377  001.65379457
120 Centreline for Taxi
111  41.58110600  001.65464300 51 101
112  41.58117549  001.65489816  41.58121650  001.65504872 51 101
112  41.58140422  001.65503574  41.58151570  001.65497690 51 101
112  41.58331678  001.65402626  41.58342826  001.65396742 51 101
112  41.58365186  001.65385194  41.58376377  001.65379457 51 101
112  41.58414514  001.65359906  41.58425705  001.65354169 51 101
112  41.58448101  001.65342746  41.58459301  001.65337043 51 101
112  41.58458099  001.65337654  41.58469300  001.65331951 51 101
112  41.58491607  001.65320223  41.58502745  001.65314305 51 101
112  41.58498093  001.65316777  41.58509231  001.65310859 51 101
112  41.58531566  001.65299226  41.58542744  001.65293443 51 101
112  41.58549834  001.65289774  41.58561011  001.65283991 51 101
112  41.58583384  001.65272488  41.58594574  001.65266747 51 101
112  41.58588016  001.65270112  41.58599205  001.65264371 51 101
112  41.58621603  001.65252953  41.58632805  001.65247255 51 101
112  41.58622597  001.65252447  41.58633799  001.65246749 51 101
112  41.58656134  001.65235113  41.58667289  001.65229255 51 101
112  41.58662466  001.65231787  41.58673622  001.65225929 51 101
112  41.58695938  001.65214228  41.58707097  001.65208381 51 101
112  41.58701962  001.65211072  41.58713121  001.65205224 51 101
112  41.58735463  001.65193613  41.58746638  001.65187821 51 101
112  41.58743037  001.65189687  41.58754212  001.65183896 51 101
112  41.58776558  001.65172297  41.58787730  001.65166494 51 101
112  41.58805042  001.65157503  41.58816214  001.65151701 51 101
112  41.58837983  001.65138329  41.58848771  001.65131348 51 101
112  41.58839617  001.65137271  41.58850406  001.65130290 51 101
112  41.58864213  001.65105558  41.58869822  001.65091396 51 101
112  41.58865487  001.65102342  41.58871096  001.65088181 51 101
112  41.58866046  001.65059478  41.58860810  001.65045064 51 101
112  41.58864354  001.65054822  41.58859118  001.65040407 51 101
112  41.58843700  001.65023150  41.58835167  001.65016450 51 101
112  41.58816450  001.65017600  41.58806817  001.65020600 51 101
112  41.58788350  001.65029600  41.58779250  001.65034600 51 101
112  41.58762950  001.65043000  41.58755117  001.65046933 51 101
112  41.58747000  001.65057700  41.58744200  001.65063567 51 101
116  41.58747200  001.65082200  41.58750133  001.65092667
120 Centreline for Taxi
112  41.58531566  001.65299226  41.58520389  001.65305009 51 101
112  41.58508135  001.65285577  41.58503691  001.65270696 51 101
112  41.58506565  001.65280323  41.58502122  001.65265441 51 101
116  41.58497100  001.65248100  41.58495233  001.65241500
120 Centreline for Taxi join
112  41.58701962  001.65211072  41.58713121  001.65205224 51 101
116  41.58723500  001.65220000  41.58726700  001.65231800
120 Centreline for Taxi join
112  41.58662466  001.65231787  41.58673622  001.65225929 51 101
116  41.58684000  001.65239800  41.58687200  001.65251000
120 Centreline for Taxi join
112  41.58622597  001.65252447  41.58633799  001.65246749 51 101
116  41.58644600  001.65260900  41.58648067  001.65272233
120 Centreline for Taxi join
112  41.58588016  001.65270112  41.58599205  001.65264371 51 101
116  41.58610400  001.65280000  41.58614133  001.65292333
120 Centreline for Taxi join
112  41.58549834  001.65289774  41.58561011  001.65283991 51 101
116  41.58572800  001.65300000  41.58576933  001.65312600
120 Centreline for Taxi join
112  41.58480700  001.65348300  41.58476833  001.65335500 51 101
116  41.58491607  001.65320223  41.58502745  001.65314305
120 Centreline for Taxi join
112  41.58414514  001.65359906  41.58425705  001.65354169 51 101
116  41.58437000  001.65370700  41.58440800  001.65383633
120 Centreline for Taxi join
112  41.58331678  001.65402626  41.58342826  001.65396742 51 101
116  41.58353900  001.65411900  41.58357567  001.65423967
120 Centreline for Taxi
112  41.58498093  001.65316777  41.58509231  001.65310859 51 101
116  41.58508135  001.65285577  41.58503691  001.65270696
120 Taxi hold short
111  41.58491904  001.65262035 54
115  41.58507896  001.65253965
120 Taxi hold short
111  41.58755205  001.65078196 54
115  41.58739195  001.65086204
120 Taxi hold short
111  41.58102567  001.65468203 54
115  41.58118633  001.65460397
120 GA Ramp  1
111  41.58718213  001.65222559 51
115  41.58728787  001.65217441
120 GA Ramp  2
111  41.58678746  001.65242479 51
115  41.58689254  001.65237121
120 GA Ramp  3
111  41.58639394  001.65263741 51
115  41.58649806  001.65258059
120 GA Ramp  4
111  41.58605187  001.65282816 51
115  41.58615613  001.65277184
120 GA Ramp  5
111  41.58567650  001.65303015 51
115  41.58577950  001.65296985
120 GA Ramp  6
111  41.58475485  001.65351111 51
115  41.58485915  001.65345489
120 GA Ramp  7
111  41.58431765  001.65373444 51
115  41.58442235  001.65367956
120 GA Ramp  8
111  41.58348690  001.65414725 51
115  41.58359110  001.65409075
14  41.58462500  001.65297900   6.00 0 Igualada-Odena Tower
1300  41.58723500  001.65220000 249.11 misc props|helos GA Ramp  1
1300  41.58684000  001.65239800 248.78 misc props|helos GA Ramp  2
1300  41.58644600  001.65260900 246.94 misc props|helos GA Ramp  3
1300  41.58610400  001.65280000 247.99 misc props|helos GA Ramp  4
1300  41.58572800  001.65300000 248.40 misc props|helos GA Ramp  5
1300  41.58480700  001.65348300 249.47 misc props|helos GA Ramp  6
1300  41.58437000  001.65370700 250.45 misc props|helos GA Ramp  7
1300  41.58353900  001.65411900 249.39 misc props|helos GA Ramp  8
54 12260 TWR
1000 Default Flow
1001 LEIG 000 359 999
1002 LEIG 0
1003 LEIG 0
1004 0000 2400
1101 35 left
1100 35  12259 arrivals|departures heavy|jets|turboprops|props 000359 000359 Runway 35
1100 17  12259 arrivals|departures heavy|jets|turboprops|props 000359 000359 Runway 17
1100 35R  12259 arrivals|departures heavy|jets|turboprops|props 000359 000359 Runway 35R
1100 17L  12259 arrivals|departures heavy|jets|turboprops|props 000359 000359 Runway 17L
1200 
1201  41.58759800  001.65181000 both 269 
1201  41.58123700  001.65512400 both 270 
1201  41.58821800  001.65148800 both 271 
1201  41.58855800  001.65126800 both 272 
1201  41.58873900  001.65081100 both 273 
1201  41.58856500  001.65033200 both 274 
1201  41.58830900  001.65013100 both 275 
1201  41.58718700  001.65202300 both 276 
1201  41.58679200  001.65223000 both 277 
1201  41.58639400  001.65243900 both 278 
1201  41.58604800  001.65261500 both 279 
1201  41.58566600  001.65281100 both 280 
1201  41.58474900  001.65329100 both 281 
1201  41.58431300  001.65351300 both 282 
1201  41.58348400  001.65393800 both 283 
1201  41.58514800  001.65307900 both 284 
1201  41.58499900  001.65258000 both 285 35/17 hold short
1201  41.58747200  001.65082200 both 286 35/17 hold short
1201  41.58110600  001.65464300 both 287 35/17 hold short
1201  41.58802000  001.65022100 both 288 
1201  41.58774700  001.65037100 both 289 
1201  41.58751200  001.65048900 both 290 
1201  41.58742800  001.65066500 both 291 
1201  41.58747100  001.65108800 both 292 
1201  41.58123500  001.65428300 both 293 
1201  41.58494300  001.65238200 both 294 
1201  41.58723500  001.65220000 both 295 GA Ramp  1
1201  41.58684000  001.65239800 both 296 GA Ramp  2
1201  41.58644600  001.65260900 both 297 GA Ramp  3
1201  41.58610400  001.65280000 both 298 GA Ramp  4
1201  41.58572800  001.65300000 both 299 GA Ramp  5
1201  41.58480700  001.65348300 both 300 GA Ramp  6
1201  41.58437000  001.65370700 both 301 GA Ramp  7
1201  41.58353900  001.65411900 both 302 GA Ramp  8
1202 284 285 twoway taxiway 
1202 270 287 twoway taxiway 
1202 275 288 twoway taxiway 
1202 288 289 twoway taxiway 
1202 289 290 twoway taxiway 
1202 290 291 twoway taxiway 
1202 291 286 twoway taxiway 
1202 285 294 twoway taxiway 
1204 departure 17,35
1204 arrival 17,35
1202 278 297 twoway taxiway 
1202 279 298 twoway taxiway 
1202 280 299 twoway taxiway 
1202 277 296 twoway taxiway 
1202 276 295 twoway taxiway 
1202 281 300 twoway taxiway 
1202 282 301 twoway taxiway 
1202 283 302 twoway taxiway 
1202 292 294 twoway taxiway 35/17
1204 departure 17,35
1204 arrival 17,35
1202 294 293 twoway taxiway 35/17
1204 departure 17,35
1204 arrival 17,35
1202 269 276 twoway taxiway 
1202 269 271 twoway taxiway 
1202 271 272 twoway taxiway 
1202 272 273 twoway taxiway 
1202 273 274 twoway taxiway 
1202 274 275 twoway taxiway 
1202 276 277 twoway taxiway 
1202 277 278 twoway taxiway 
1202 278 279 twoway taxiway 
1202 279 280 twoway taxiway 
1202 280 284 twoway taxiway 
1202 281 282 twoway taxiway 
1202 282 283 twoway taxiway 
1202 283 270 twoway taxiway 
1202 284 281 twoway taxiway 
99
