I
1000 Generated by WorldEditor

1      0 0 0 LEV2 La Llosa
100 20.00 4 0 0.25 0 0 0 12  39.74966765 -000.18134032    0    0 0 0 0 0 30  39.75064835 -000.18329968    0    0 0 0 0 0
100 20.00 4 0 0.25 0 0 0 18  39.74978577 -000.18136942    0    0 0 0 0 0 36  39.75208423 -000.18193658    0    0 0 0 0 0
110 2 0.25 123.0200 Taxiway
111  39.74945500 -000.18196100
111  39.74942000 -000.18199800
111  39.74888800 -000.18117700
113  39.74892300 -000.18114000
110 3 0.25 123.0200 Taxiway
112  39.75028700 -000.18323400  39.75024400 -000.18314700
111  39.75022200 -000.18310300
111  39.75020500 -000.18307000
111  39.75018800 -000.18303700
111  39.75009300 -000.18284600
111  39.74999400 -000.18264900
111  39.74990700 -000.18247300
111  39.74987300 -000.18240400
111  39.74984000 -000.18233500
111  39.74999200 -000.18221000
111  39.75011400 -000.18246000
111  39.75019900 -000.18262800
111  39.75029000 -000.18281300
111  39.75037200 -000.18297500
112  39.75043900 -000.18311000  39.75048300 -000.18320000
111  39.75050500 -000.18324500
111  39.75036700 -000.18335500
114  39.75036700 -000.18335500  39.75035600 -000.18336200
110 4 0.25 123.0200 Taxiway
111  39.74965100 -000.18135800
112  39.74964200 -000.18135100  39.74963600 -000.18134700
112  39.74948900 -000.18134900  39.74939300 -000.18135200
111  39.74926500 -000.18135500
111  39.74926700 -000.18116900
112  39.74952500 -000.18116100  39.74962100 -000.18115800
111  39.74979500 -000.18124700
111  39.74995400 -000.18136000
111  39.74990300 -000.18139700
113  39.74966000 -000.18136000
110 4 0.25 123.0200 Taxiway
112  39.75040700 -000.18357700  39.75039700 -000.18360600
111  39.75038000 -000.18365500
111  39.75034700 -000.18363600
112  39.75036500 -000.18358300  39.75037500 -000.18355400
112  39.75035800 -000.18350300  39.75034300 -000.18347800
111  39.74962300 -000.18229000
111  39.74965100 -000.18226100
114  39.75040000 -000.18349700  39.75041500 -000.18352200
110 4 0.25 123.0200 Taxiway
112  39.75067200 -000.18316900  39.75066100 -000.18317600
112  39.75036700 -000.18335500  39.75035600 -000.18336200
112  39.75028700 -000.18323400  39.75024400 -000.18314700
111  39.75028700 -000.18323400
111  39.75043900 -000.18311000
112  39.75043900 -000.18311000  39.75048300 -000.18320000
111  39.75050500 -000.18324500
112  39.75050900 -000.18324200  39.75051200 -000.18324000
112  39.75041600 -000.18304300  39.75035100 -000.18291200
111  39.75041600 -000.18304300
111  39.75059000 -000.18296300
114  39.75059000 -000.18296300  39.75065500 -000.18309400
110 4 0.25 123.0200 Apron
111  39.74985500 -000.18150800
111  39.74969900 -000.18160500
111  39.74964000 -000.18151400
111  39.74960200 -000.18143700
111  39.74951900 -000.18137300
111  39.74943300 -000.18135000
111  39.74936000 -000.18134100
111  39.74927900 -000.18134600
111  39.74927900 -000.18122700
111  39.74927400 -000.18116300
111  39.74940000 -000.18104400
111  39.74946600 -000.18098800
111  39.74955400 -000.18096100
111  39.74961200 -000.18101500
111  39.74966100 -000.18109600
111  39.74969500 -000.18114800
111  39.74974100 -000.18123600
111  39.74978200 -000.18131600
113  39.74982100 -000.18139000
110 1 0.25 123.0200 Apron
111  39.74959100 -000.18229900
111  39.74955700 -000.18222800
111  39.74951100 -000.18214300
111  39.74946300 -000.18205900
111  39.74942300 -000.18200100
111  39.74944500 -000.18195700
111  39.74918600 -000.18155300
111  39.74938400 -000.18137100
111  39.74972600 -000.18191500
111  39.74963400 -000.18203500
111  39.74964600 -000.18213200
111  39.74966700 -000.18228600
111  39.74965800 -000.18234300
113  39.74963600 -000.18235300
110 4 0.25 123.0200 Apron
111  39.75050200 -000.18345500
111  39.75045900 -000.18342100
111  39.75042200 -000.18340500
111  39.75039000 -000.18337400
111  39.75035500 -000.18332100
111  39.75047300 -000.18323300
111  39.75049100 -000.18321700
111  39.75043800 -000.18311000
111  39.75007500 -000.18238500
111  39.75000700 -000.18224600
111  39.74997800 -000.18218400
111  39.74982000 -000.18185600
111  39.74959700 -000.18141700
111  39.74974200 -000.18127800
111  39.75054300 -000.18287500
111  39.75055900 -000.18291700
111  39.75060000 -000.18294300
111  39.75064400 -000.18300800
111  39.75067300 -000.18307200
111  39.75070200 -000.18316700
111  39.75072900 -000.18319400
111  39.75076300 -000.18318600
111  39.75080100 -000.18318600
111  39.75084000 -000.18317100
111  39.75089500 -000.18312600
111  39.75093900 -000.18314400
111  39.75094700 -000.18316700
111  39.75093000 -000.18322800
111  39.75063800 -000.18343300
111  39.75059400 -000.18344600
113  39.75054100 -000.18346600
110 4 0.25 123.0200 Apron
111  39.75207100 -000.18204300
111  39.74978200 -000.18148100
111  39.74977000 -000.18146800
111  39.74979900 -000.18126700
111  39.74980900 -000.18125300
111  39.75209800 -000.18182000
111  39.75210800 -000.18183400
113  39.75208100 -000.18203500
110 4 0.25 123.0200 Apron
111  39.75206400 -000.18204600
111  39.74977600 -000.18148600
111  39.74976700 -000.18147300
111  39.74980000 -000.18126400
111  39.74980900 -000.18125100
111  39.75209600 -000.18182000
111  39.75210600 -000.18183900
113  39.75207600 -000.18203500
110 3 0.25 123.0200 Apron
111  39.75099200 -000.18232200
111  39.75099200 -000.18236700
111  39.75090900 -000.18241700
111  39.75090100 -000.18245100
111  39.75084900 -000.18247900
111  39.75079300 -000.18242300
111  39.75074900 -000.18236700
111  39.75076200 -000.18223700
111  39.75082300 -000.18215900
111  39.75090100 -000.18211900
111  39.75097000 -000.18214700
113  39.75101800 -000.18220900
14  39.75186100 -000.18054500  22.00 0 La Llosa Tower
1300  39.74996800 -000.18256500  34.43 misc props|helos GA Ramp  1
1300  39.75006600 -000.18273200  34.97 misc props|helos GA Ramp  2
1300  39.75015800 -000.18292400  34.62 misc props|helos GA Ramp  3
1300  39.74918300 -000.18125600  12.41 misc props|helos GA Ramp  4
99
