I
1000 Generated by WorldEditor

1   3710 0 0 LEG1 Las MInas-Hiendelaencina
100 16.00 1 1 0.25 0 0 0 04  41.10314537 -002.99164323    0    0 2 0 0 0 22  41.10993863 -002.98382477    0    0 2 0 0 0
102 H1  41.10979100 -002.98660000 110.08 12.00 12.00 2 0 0 0.25 0
102 H2  41.10880700 -002.98514800 220.37 22.00 22.00 1 0 0 0.25 1
102 H3  41.10969600 -002.98562900 130.33 16.00 16.00 2 0 0 0.25 1
102 H4  41.10987700 -002.98542200 129.54 16.00 16.00 2 0 0 0.25 1
102 H5  41.10949400 -002.98584600 130.99 16.00 16.00 2 0 0 0.25 1
110 1 0.25 40.9800 Taxiway
111  41.10944900 -002.98523700
112  41.10955500 -002.98511900  41.10962600 -002.98504000
112  41.10970700 -002.98507500  41.10973700 -002.98512400
111  41.10982400 -002.98526500
111  41.10976800 -002.98532700
112  41.10973800 -002.98527800  41.10971800 -002.98524500
112  41.10964500 -002.98529900  41.10960300 -002.98534600
112  41.10961000 -002.98541000  41.10962900 -002.98543700
111  41.10963800 -002.98545200
111  41.10958400 -002.98551400
112  41.10955500 -002.98547200  41.10953600 -002.98544300
112  41.10948000 -002.98547800  41.10944900 -002.98551100
111  41.10943300 -002.98552700
112  41.10940800 -002.98555800  41.10939100 -002.98557900
112  41.10941200 -002.98563200  41.10943100 -002.98566100
111  41.10944100 -002.98567400
111  41.10938500 -002.98573600
112  41.10935800 -002.98569500  41.10933900 -002.98566700
112  41.10920700 -002.98579200  41.10912500 -002.98588500
112  41.10920000 -002.98579900  41.10911800 -002.98589200
112  41.10910800 -002.98598800  41.10912900 -002.98602100
111  41.10913800 -002.98603700
111  41.10908200 -002.98609700
112  41.10903800 -002.98602600  41.10900900 -002.98597900
112  41.10897400 -002.98598000  41.10896100 -002.98599700
111  41.10895300 -002.98600500
112  41.10890500 -002.98606000  41.10887300 -002.98609700
112  41.10889900 -002.98618100  41.10892700 -002.98622400
111  41.10894200 -002.98624600
111  41.10888800 -002.98630800
112  41.10884500 -002.98624400  41.10881600 -002.98620100
112  41.10874700 -002.98624100  41.10871000 -002.98628200
112  41.10874100 -002.98624700  41.10870400 -002.98628800
112  41.10873100 -002.98637800  41.10876100 -002.98642400
111  41.10877600 -002.98644700
111  41.10872200 -002.98650900
112  41.10863100 -002.98637100  41.10860000 -002.98632300
112  41.10863900 -002.98623700  41.10867600 -002.98619600
111  41.10878300 -002.98607600
112  41.10881400 -002.98604000  41.10883500 -002.98601500
112  41.10874800 -002.98583100  41.10868300 -002.98571600
111  41.10856100 -002.98549900
111  41.10858600 -002.98546900
111  41.10852500 -002.98534100
111  41.10861400 -002.98543800
111  41.10863900 -002.98540900
111  41.10885400 -002.98570600
111  41.10896000 -002.98584000
111  41.10896300 -002.98584400
111  41.10895900 -002.98582800
111  41.10924900 -002.98546200
112  41.10925800 -002.98545000  41.10926500 -002.98544200
112  41.10917100 -002.98526600  41.10910600 -002.98515100
111  41.10901200 -002.98498500
111  41.10903800 -002.98495600
111  41.10897400 -002.98482400
111  41.10906600 -002.98492400
111  41.10909000 -002.98489500
112  41.10927700 -002.98514500  41.10935300 -002.98524700
114  41.10942000 -002.98526700  41.10943900 -002.98524600
110 4 0.25 40.9800 Taxiway
112  41.11221700 -002.98492500  41.11218100 -002.98492200
112  41.11200700 -002.98490900  41.11197100 -002.98490600
112  41.11189900 -002.98491100  41.11186300 -002.98491500
112  41.11167300 -002.98493900  41.11163700 -002.98494300
112  41.11156600 -002.98496100  41.11153100 -002.98497200
112  41.11106900 -002.98511500  41.11103400 -002.98512600
112  41.11097200 -002.98510700  41.11094300 -002.98509200
112  41.11090100 -002.98514600  41.11088300 -002.98518700
112  41.11082000 -002.98533400  41.11080200 -002.98537500
112  41.11074900 -002.98540900  41.11072000 -002.98541800
112  41.11024500 -002.98555900  41.11021600 -002.98556800
112  41.11017600 -002.98552200  41.11015900 -002.98548900
111  41.11008400 -002.98534000
111  41.11012100 -002.98530700
112  41.11019600 -002.98545500  41.11021300 -002.98548800
112  41.11026500 -002.98549100  41.11029400 -002.98548200
112  41.11070700 -002.98536100  41.11073600 -002.98535200
112  41.11077800 -002.98528600  41.11079600 -002.98524500
112  41.11086100 -002.98509400  41.11087900 -002.98505300
112  41.11087900 -002.98496100  41.11087300 -002.98491400
112  41.11064200 -002.98301100  41.11063600 -002.98296400
112  41.11061900 -002.98287100  41.11061000 -002.98282500
112  41.11056400 -002.98260900  41.11055500 -002.98256300
112  41.11052700 -002.98247500  41.11051200 -002.98243200
111  41.11035900 -002.98201100
112  41.11021800 -002.98153500  41.11020500 -002.98149000
112  41.11016700 -002.98140900  41.11014600 -002.98137000
111  41.10991500 -002.98093500
111  41.10996000 -002.98089400
112  41.11021500 -002.98137500  41.11023600 -002.98141400
112  41.11026600 -002.98150100  41.11027900 -002.98154600
111  41.11040900 -002.98198300
112  41.11057700 -002.98244900  41.11059200 -002.98249200
112  41.11061400 -002.98258300  41.11062300 -002.98262900
112  41.11067100 -002.98285500  41.11068000 -002.98290100
112  41.11069400 -002.98299500  41.11070000 -002.98304200
112  41.11093100 -002.98494200  41.11093700 -002.98498900
112  41.11098000 -002.98503500  41.11100700 -002.98505000
112  41.11107300 -002.98504100  41.11110800 -002.98503000
112  41.11155800 -002.98489100  41.11159300 -002.98488000
112  41.11166500 -002.98486800  41.11170100 -002.98486300
112  41.11189900 -002.98484000  41.11193500 -002.98483500
112  41.11200700 -002.98483700  41.11204300 -002.98484000
112  41.11222300 -002.98485300  41.11225900 -002.98485600
112  41.11233000 -002.98486900  41.11236500 -002.98487700
111  41.11263100 -002.98493800
111  41.11262200 -002.98500800
114  41.11232400 -002.98494100  41.11228900 -002.98493300
110 1 0.25 40.9800 Apron
111  41.10958400 -002.98568400
111  41.10904200 -002.98628300
111  41.10901000 -002.98629000
111  41.10863700 -002.98567700
111  41.10875200 -002.98554500
111  41.10892500 -002.98582000
111  41.10894700 -002.98584400
111  41.10897300 -002.98583400
111  41.10924400 -002.98553400
111  41.10927100 -002.98551000
111  41.10926300 -002.98546800
111  41.10908100 -002.98516500
111  41.10919200 -002.98502900
113  41.10958900 -002.98564200
110 3 0.25 40.9800 Apron
111  41.10875400 -002.98553700
111  41.10908700 -002.98515000
111  41.10927000 -002.98544700
111  41.10927400 -002.98549600
111  41.10926000 -002.98551600
111  41.10898200 -002.98582500
111  41.10895600 -002.98583700
113  41.10893400 -002.98582000
110 2 0.25 40.9800 Apron
111  41.10983400 -002.98682800
111  41.10979000 -002.98683500
111  41.10973900 -002.98683600
111  41.10969200 -002.98681400
111  41.10965000 -002.98678400
111  41.10961400 -002.98672400
111  41.10959300 -002.98665700
111  41.10959200 -002.98656900
111  41.10960900 -002.98650500
111  41.10965100 -002.98644000
111  41.10970700 -002.98638700
111  41.10976000 -002.98637200
111  41.10980900 -002.98636700
111  41.10986400 -002.98637800
111  41.10991100 -002.98640900
111  41.10995300 -002.98647500
111  41.10996800 -002.98653700
111  41.10997500 -002.98660800
111  41.10996000 -002.98668400
111  41.10994200 -002.98673200
111  41.10991300 -002.98677700
113  41.10987200 -002.98681100
110 2 0.25 40.9800 Apron
111  41.11001600 -002.98602700
111  41.10999600 -002.98590300
111  41.11007200 -002.98587400
113  41.11009400 -002.98600300
110 2 0.25 40.9800 Apron
111  41.10965600 -002.98619700
111  41.10964200 -002.98612100
111  41.10977600 -002.98607100
113  41.10979100 -002.98615000
110 1 0.25 40.9800 Apron
111  41.10875000 -002.98554900
111  41.10851300 -002.98516300
111  41.10852100 -002.98512600
111  41.10883300 -002.98477200
111  41.10885600 -002.98478300
113  41.10909600 -002.98516600
110 13 0.25 40.9800 Apron
111  41.10851100 -002.98511500
111  41.10837100 -002.98489100
111  41.10837800 -002.98486500
111  41.10869800 -002.98450600
111  41.10871500 -002.98450900
111  41.10885200 -002.98473100
111  41.10884700 -002.98476000
113  41.10852700 -002.98511500
110 1 0.25 40.9800 Apron
111  41.10844600 -002.98624700
111  41.10969000 -002.98484500
111  41.10971900 -002.98484300
111  41.10992600 -002.98517300
111  41.10863900 -002.98662200
113  41.10843800 -002.98630000
110 2 0.25 40.9800 Apron
111  41.11010600 -002.98546700
111  41.10922100 -002.98646900
111  41.10914200 -002.98634000
111  41.10874500 -002.98679400
111  41.10863500 -002.98661400
113  41.10991900 -002.98516900
110 2 0.25 40.9800 Apron
111  41.10998900 -002.98531500
111  41.10994500 -002.98523900
111  41.11002300 -002.98516000
113  41.11006800 -002.98523400
110 5 0.25 40.9800 Apron
111  41.10851500 -002.98516400
111  41.10857600 -002.98525700
111  41.10862400 -002.98560800
111  41.10274800 -002.99234300
111  41.10269700 -002.99237500
111  41.10262000 -002.99241200
111  41.10257000 -002.99240800
111  41.10254200 -002.99239000
111  41.10248000 -002.99226800
111  41.10247700 -002.99222100
111  41.10248000 -002.99217500
113  41.10250400 -002.99211700
110 5 0.25 40.9800 Apron
111  41.11011100 -002.98381100
111  41.11010800 -002.98385600
111  41.11010200 -002.98391700
111  41.11007900 -002.98397300
111  41.11004300 -002.98403300
111  41.10980500 -002.98429100
111  41.10918700 -002.98497900
111  41.10885000 -002.98478300
111  41.10973900 -002.98374200
111  41.10979800 -002.98367100
111  41.10985100 -002.98364300
111  41.10989200 -002.98362500
111  41.10993900 -002.98361300
111  41.10998300 -002.98362200
111  41.11001400 -002.98365700
111  41.11004200 -002.98369200
113  41.11008400 -002.98376100
110 5 0.25 40.9800 Apron
111  41.10958500 -002.98684500
111  41.10956200 -002.98678100
111  41.10955400 -002.98671500
111  41.10955200 -002.98665800
111  41.10955800 -002.98659100
111  41.10957600 -002.98653100
111  41.10959800 -002.98647300
111  41.10962100 -002.98639500
111  41.10966000 -002.98635400
111  41.10970800 -002.98632900
111  41.10975100 -002.98631400
111  41.10979400 -002.98631100
111  41.10983000 -002.98631800
111  41.10987400 -002.98632300
111  41.10990600 -002.98633600
111  41.10995200 -002.98637000
111  41.10998200 -002.98640500
111  41.11003000 -002.98645900
111  41.11005300 -002.98650600
111  41.11006400 -002.98655400
111  41.11006300 -002.98658400
111  41.11004900 -002.98663400
111  41.11002600 -002.98667900
111  41.11000700 -002.98672600
111  41.10999000 -002.98678300
111  41.10994900 -002.98682900
111  41.10992200 -002.98685800
111  41.10988500 -002.98688800
111  41.10985200 -002.98690100
111  41.10983400 -002.98682800
111  41.10987800 -002.98680500
111  41.10991400 -002.98677600
111  41.10994200 -002.98673100
111  41.10996200 -002.98667900
111  41.10997500 -002.98660800
111  41.10996900 -002.98654300
111  41.10995100 -002.98647500
111  41.10991000 -002.98641000
111  41.10986000 -002.98637900
111  41.10981100 -002.98636800
111  41.10976000 -002.98637600
111  41.10971100 -002.98639000
111  41.10967600 -002.98642000
111  41.10964000 -002.98645900
111  41.10961000 -002.98650600
111  41.10959700 -002.98656100
111  41.10959300 -002.98661600
111  41.10959800 -002.98666600
111  41.10961300 -002.98671800
111  41.10963100 -002.98675100
111  41.10965200 -002.98678500
111  41.10967700 -002.98680400
111  41.10970500 -002.98681900
111  41.10973900 -002.98683500
111  41.10977100 -002.98683500
111  41.10978500 -002.98691900
111  41.10974300 -002.98692600
111  41.10969600 -002.98691900
111  41.10964600 -002.98691500
113  41.10960800 -002.98688500
110 5 0.25 40.9800 Apron
111  41.10976900 -002.98683400
111  41.10983500 -002.98682700
111  41.10985500 -002.98690000
111  41.10981300 -002.98691100
113  41.10978300 -002.98691800
110 3 0.25 40.9800 Apron
111  41.10246500 -002.99303100
111  41.10206200 -002.99225700
111  41.10204900 -002.99221700
111  41.10206600 -002.99214400
111  41.10226800 -002.99188700
111  41.10231500 -002.99183000
111  41.10904800 -002.98405700
111  41.11038500 -002.98261000
111  41.11049200 -002.98253100
111  41.11054700 -002.98260900
111  41.11059200 -002.98282000
111  41.11065100 -002.98309900
111  41.11072700 -002.98378100
111  41.11087200 -002.98484800
111  41.11088600 -002.98498500
111  41.11086900 -002.98503100
111  41.11047500 -002.98524100
111  41.11043700 -002.98520500
111  41.11050600 -002.98516800
111  41.11055100 -002.98504400
111  41.11057000 -002.98503300
111  41.11040800 -002.98485100
111  41.11037100 -002.98484300
111  41.11021300 -002.98503300
111  41.11013300 -002.98493600
111  41.11009700 -002.98492800
111  41.10990300 -002.98513500
111  41.10988500 -002.98510600
111  41.10972200 -002.98484700
111  41.10969500 -002.98484200
111  41.10934700 -002.98523400
111  41.10917700 -002.98498100
111  41.10964600 -002.98447300
111  41.11004500 -002.98402600
111  41.11010300 -002.98390000
111  41.11010000 -002.98380100
111  41.11005400 -002.98371200
111  41.10998900 -002.98362700
111  41.10994600 -002.98361700
111  41.10982600 -002.98364700
111  41.10250500 -002.99211400
111  41.10247200 -002.99224600
111  41.10256200 -002.99239500
111  41.10262300 -002.99241500
111  41.10273000 -002.99236000
111  41.10860800 -002.98562400
111  41.10877300 -002.98588100
111  41.10854700 -002.98614000
111  41.10386100 -002.99151700
111  41.10279600 -002.99279700
111  41.10271400 -002.99284900
111  41.10255600 -002.99299700
113  41.10250000 -002.99304800
120 Centreline for Path
111  41.10882700 -002.98659700 51
112  41.10879620 -002.98655001  41.10876473 -002.98650200 51
116  41.10870181 -002.98640598  41.10867036 -002.98635796
120 Centreline for Path
111  41.10949500 -002.98584400 51
112  41.10945733 -002.98578015  41.10942778 -002.98573005 51
116  41.10936502 -002.98563391  41.10933304 -002.98558651
120 Centreline for Path
111  41.10987500 -002.98541800 51
112  41.10984287 -002.98536838  41.10981162 -002.98532013 51
116  41.10975061 -002.98522198  41.10972034 -002.98517263
120 Centreline for Path
111  41.10969700 -002.98562800 51
112  41.10965548 -002.98555800  41.10962583 -002.98550800 51
116  41.10956278 -002.98541219  41.10953063 -002.98536499
120 Centreline for Path
111  41.10918600 -002.98619100 51
112  41.10915538 -002.98614104  41.10912513 -002.98609168 51
116  41.10906436 -002.98599324  41.10903393 -002.98594407
120 Centreline for Path
111  41.10899300 -002.98639600 51
112  41.10896220 -002.98634901  41.10893073 -002.98630100 51
116  41.10886759 -002.98620523  41.10883599 -002.98615739
120 Centreline for Taxi
112  41.10870181 -002.98640598  41.10867036 -002.98635796 51
112  41.10868219 -002.98637602  41.10865073 -002.98632801 51
112  41.10868990 -002.98624236  41.10872650 -002.98620126 51
112  41.10875110 -002.98617364  41.10878770 -002.98613255 51
112  41.10886009 -002.98604911  41.10889616 -002.98600718 51
112  41.10887491 -002.98603189  41.10891097 -002.98598996 51
112  41.10896350 -002.98592750  41.10898650 -002.98589983 51
112  41.10904364 -002.98595976  41.10907407 -002.98600893 51
116  41.10906436 -002.98599324  41.10909479 -002.98604241
120 Centreline for Taxi
112  41.10936502 -002.98563391  41.10933304 -002.98558651 51
112  41.10935098 -002.98561309  41.10931899 -002.98556570 51
112  41.10934150 -002.98549400  41.10936717 -002.98546200 51
112  41.10944000 -002.98538300  41.10948000 -002.98534100 51
112  41.10959250 -002.98521750  41.10965417 -002.98514917 51
112  41.10973039 -002.98518902  41.10976066 -002.98523837 51
116  41.10975061 -002.98522198  41.10978087 -002.98527133
120 Centreline for Taxi
112  41.10886009 -002.98604911  41.10882403 -002.98609104 51
112  41.10885341 -002.98618377  41.10888501 -002.98623161 51
116  41.10886759 -002.98620523  41.10889920 -002.98625308
120 Centreline for Taxi
112  41.10934150 -002.98549400  41.10931583 -002.98552600 51
112  41.10917971 -002.98568106  41.10909751 -002.98577377 51
112  41.10912129 -002.98574694  41.10903910 -002.98583965 51
116  41.10896350 -002.98592750  41.10894050 -002.98595517
120 Centreline for Taxi
112  41.10944000 -002.98538300  41.10948000 -002.98534100 51
112  41.10954822 -002.98539081  41.10958037 -002.98543801 51
116  41.10956278 -002.98541219  41.10959493 -002.98545940
120 Centreline for Taxi
112  41.10858600 -002.98543350  41.10859533 -002.98544717 51
112  41.10870464 -002.98561779  41.10877440 -002.98572699 51
112  41.10882436 -002.98580521  41.10889412 -002.98591440 51
116  41.10896350 -002.98592750  41.10898650 -002.98589983
120 Centreline for Taxi
112  41.10903600 -002.98491800  41.10904600 -002.98493267 51
112  41.10915671 -002.98510258  41.10922718 -002.98521097 51
112  41.10927429 -002.98528342  41.10934476 -002.98539181 51
116  41.10934150 -002.98549400  41.10931583 -002.98552600
120 Centreline for Taxi
112  41.10887491 -002.98603189  41.10891097 -002.98598996 51
116  41.10882436 -002.98580521  41.10875460 -002.98569601
120 Centreline for Taxi
112  41.10944000 -002.98538300  41.10940000 -002.98542500 51
116  41.10927429 -002.98528342  41.10920382 -002.98517503
120 Centreline for Taxi
112  41.10904364 -002.98595976  41.10901321 -002.98591059 51
116  41.10912130 -002.98574694  41.10920349 -002.98565423
120 Centreline for Taxi
112  41.10935098 -002.98561309  41.10931899 -002.98556570 51
116  41.10917971 -002.98568106  41.10909751 -002.98577377
120 Centreline for Taxi
112  41.10875110 -002.98617364  41.10878770 -002.98613255 51
116  41.10885341 -002.98618377  41.10888501 -002.98623161
120 Centreline for Taxi
112  41.10959250 -002.98521750  41.10953083 -002.98528583 51
116  41.10954822 -002.98539081  41.10958037 -002.98543801
120 GA Ramp  1
111  41.10919996 -002.98617595 51
115  41.10917204 -002.98620605
120 GA Ramp  2
111  41.10900658 -002.98638035 51
115  41.10897942 -002.98641165
14  41.10451100 -002.98516700  32.00 0 Las MInas-Hiendelaencina Tower
1300  41.10918600 -002.98619100 128.95 misc props|helos GA Ramp  1
1300  41.10899300 -002.98639600 130.28 misc props|helos GA Ramp  2
19  41.10973038 -002.98466084 0 New Windsock 1
99
