I
1000 Generated by WorldEditor

1   2420 0 0 LE07 Alcazaren
100 17.98 2 0 0.25 0 0 1 07  41.37094009 -004.69805082    0    0 1 0 0 0 25  41.37208191 -004.69351118    0    0 1 0 0 0
110 4 0.25 71.5000 Apron
111  41.37102100 -004.69809900
111  41.37085500 -004.69802200
111  41.37199800 -004.69346100
113  41.37216900 -004.69354000
110 4 0.25 71.5000 Apron
111  41.37156700 -004.69698500
111  41.37181800 -004.69683900
111  41.37203700 -004.69746700
113  41.37179500 -004.69761600
110 12 0.25 71.5000 Apron
111  41.37209000 -004.69836000
111  41.37202600 -004.69876900
111  41.37148400 -004.69862800
111  41.37152000 -004.69841500
111  41.37162500 -004.69844400
113  41.37165700 -004.69824600
120 Centreline for Path
111  41.37159500 -004.69735700 51
112  41.37133688 -004.69730189  41.37133096 -004.69730063 51
116  41.37132971 -004.69728824  41.37133086 -004.69728040
120 Centreline for Path
111  41.37151400 -004.69712700 51
112  41.37137153 -004.69706378  41.37136584 -004.69706126 51
112  41.37135448 -004.69705619  41.37134880 -004.69705366 51
116  41.37122152 -004.69699681  41.37121584 -004.69699427
120 Centreline for Path
111  41.37167600 -004.69757300 51
112  41.37139982 -004.69764568  41.37139394 -004.69764723 51
116  41.37138889 -004.69763636  41.37138749 -004.69762859
120 Centreline for Path
111  41.37157100 -004.69854000 51
112  41.37139335 -004.69844544  41.37138778 -004.69844248 51
116  41.37138509 -004.69842902  41.37138515 -004.69842104
120 Centreline for Taxi
112  41.37135448 -004.69705619  41.37136016 -004.69705873 51
112  41.37136129 -004.69707176  41.37136014 -004.69707960 51
112  41.37132971 -004.69728824  41.37132857 -004.69729608 51
112  41.37133011 -004.69731164  41.37133151 -004.69731941 51
112  41.37138889 -004.69763636  41.37139030 -004.69764412 51
112  41.37139091 -004.69765998  41.37139085 -004.69766796 51
116  41.37138509 -004.69842902  41.37138503 -004.69843701
120 Centreline for Taxi join
112  41.37133688 -004.69730189  41.37133096 -004.69730063 51
116  41.37133011 -004.69731164  41.37133151 -004.69731941
120 Centreline for Taxi join
112  41.37137153 -004.69706378  41.37136584 -004.69706126 51
116  41.37136129 -004.69707176  41.37136014 -004.69707960
120 Centreline for Taxi join
112  41.37139982 -004.69764568  41.37139394 -004.69764723 51
116  41.37139091 -004.69765998  41.37139085 -004.69766796
120 GA Ramp  1
111  41.37167556 -004.69757006 51
115  41.37167644 -004.69757594
120 West GA Ramp  1
111  41.37157183 -004.69853722 51
115  41.37157017 -004.69854278
120 GA Ramp  2
111  41.37159536 -004.69735405 51
115  41.37159464 -004.69735995
120 GA Ramp  3
111  41.37151471 -004.69712416 51
115  41.37151329 -004.69712984
14  41.37150000 -004.69583300   6.00 0 Alcazaren Tower
1300  41.37167600 -004.69757300 204.13 misc props|helos GA Ramp  1
1300  41.37159500 -004.69735700 204.13 misc props|helos GA Ramp  2
1300  41.37151400 -004.69712700 209.03 misc props|helos GA Ramp  3
1300  41.37157100 -004.69854000 166.36 misc props|helos West GA Ramp  1
99
