I
850	# Converted by FS2XPlane 3.11


1      97 1 0 LEAX Leoni_Benabu
100 20.12 01 01 0.25 0 0 0 13   36.803689   -4.139865 322.0   0.0 03 00 0 0 31   36.799111   -4.130731   0.0   0.0 03 00 0 0
102 H1  36.802379   -4.135842  33.48 10.00 10.00 02 00 00 0.25 1

110 01 0.25 122.00 Taxiway
111  36.802814   -4.135425 
111  36.802665   -4.135132 
111  36.802726   -4.135084 
111  36.803179   -4.135970 
111  36.803118   -4.136018 
111  36.802840   -4.135474 
111  36.802669   -4.135444 
113  36.802674   -4.135400 

110 01 0.25 122.00 Taxiway
112  36.799000   -4.130857  36.799013   -4.130843 
112  36.799051   -4.130794  36.799072   -4.130766 
112  36.799043   -4.130675  36.799018   -4.130624 
112  36.798917   -4.130427  36.798892   -4.130376 
112  36.798818   -4.130376  36.798777   -4.130393 
111  36.798756   -4.130401 
111  36.798630   -4.130447 
112  36.798054   -4.130617  36.798007   -4.130631 
112  36.798006   -4.130687  36.798021   -4.130720 
111  36.798069   -4.130827 
111  36.798136   -4.130959 
111  36.798202   -4.131092 
111  36.798268   -4.131225 
111  36.798332   -4.131357 
111  36.798400   -4.131489 
111  36.798468   -4.131621 
111  36.798533   -4.131752 
111  36.798599   -4.131885 
111  36.798665   -4.132016 
111  36.798732   -4.132148 
111  36.798791   -4.132268 
111  36.799637   -4.133969 
112  36.799695   -4.134065  36.799713   -4.134095 
112  36.799786   -4.134151  36.799829   -4.134178 
111  36.801064   -4.134974 
112  36.801111   -4.135006  36.801142   -4.135028 
112  36.801164   -4.135002  36.801168   -4.134977 
112  36.801111   -4.134849  36.801072   -4.134772 
111  36.801111   -4.134849
111  36.801251   -4.134892 
111  36.801415   -4.135181 
111  36.801336   -4.135387
112  36.801336   -4.135387  36.801273   -4.135259 
112  36.801204   -4.135172  36.801179   -4.135157 
111  36.801167   -4.135148 
111  36.801030   -4.135054 
111  36.799709   -4.134202 
111  36.798722   -4.133507 
111  36.798257   -4.133183 
112  36.796998   -4.132316  36.796956   -4.132287 
112  36.796937   -4.132183  36.796938   -4.132123 
111  36.796961   -4.131123 
112  36.796970   -4.130991  36.796974   -4.130932 
112  36.797045   -4.130878  36.797091   -4.130862 
111  36.797230   -4.130815 
111  36.797555   -4.130703 
111  36.797934   -4.130561 
112  36.798534   -4.130384  36.798581   -4.130370 
112  36.798621   -4.130299  36.798632   -4.130256 
112  36.798636   -4.130246  36.798647   -4.130203 
112  36.798704   -4.130161  36.798738   -4.130147 
112  36.798981   -4.130049  36.799015   -4.130035 
112  36.799055   -4.130062  36.799070   -4.130085 
112  36.799136   -4.130178  36.799151   -4.130201 
112  36.799183   -4.130259  36.799199   -4.130290 
112  36.801935   -4.135628  36.801951   -4.135659 
112  36.801978   -4.135682  36.801991   -4.135687 
112  36.802024   -4.135679  36.802042   -4.135672 
111  36.802050   -4.135669 
111  36.802061   -4.135712 
112  36.802029   -4.135725  36.802008   -4.135733 
112  36.801963   -4.135723  36.801940   -4.135714 
112  36.801957   -4.135721  36.801934   -4.135712 
112  36.801899   -4.135660  36.801883   -4.135629 
112  36.799146   -4.130291  36.799130   -4.130260 
112  36.799078   -4.130266  36.799049   -4.130281 
111  36.799034   -4.130287 
112  36.798992   -4.130304  36.798963   -4.130316 
112  36.798988   -4.130398  36.799014   -4.130449 
111  36.799160   -4.130737 
111  36.799282   -4.130963 
111  36.799264   -4.131165
112  36.799264   -4.131165  36.799225   -4.131088 
112  36.799128   -4.131060  36.799076   -4.131067 
112  36.799018   -4.131018  36.798996   -4.130983 
114  36.798982   -4.130921  36.798980   -4.130891 
111  36.798883   -4.130254 
111  36.799010   -4.130203 
112  36.799046   -4.130185  36.799069   -4.130174 
112  36.799058   -4.130133  36.799042   -4.130110 
112  36.798983   -4.130119  36.798949   -4.130133 
112  36.798746   -4.130215  36.798712   -4.130229 
112  36.798681   -4.130288  36.798672   -4.130323 
112  36.798701   -4.130328  36.798724   -4.130320 
113  36.798734   -4.130315 
112  36.798830   -4.133479  36.798872   -4.133508 
112  36.799559   -4.133994  36.799601   -4.134023 
112  36.799611   -4.134020  36.799604   -4.134008 
111  36.799599   -4.134001 
112  36.798791   -4.132374  36.798775   -4.132342 
112  36.798721   -4.132360  36.798690   -4.132383 
111  36.798404   -4.132595 
111  36.798380   -4.132546 
111  36.798449   -4.132704 
114  36.798733   -4.133356  36.798756   -4.133409 
111  36.798224   -4.132362 
111  36.797806   -4.131391 
111  36.797616   -4.130954 
112  36.797578   -4.130857  36.797563   -4.130816 
112  36.797486   -4.130820  36.797440   -4.130836 
111  36.797250   -4.130901 
112  36.797113   -4.130948  36.797067   -4.130964 
112  36.797039   -4.131050  36.797036   -4.131102 
111  36.797033   -4.131129 
112  36.797011   -4.132131  36.797010   -4.132191 
112  36.797072   -4.132264  36.797114   -4.132293 
112  36.798086   -4.132963  36.798128   -4.132992 
112  36.798106   -4.132934  36.798077   -4.132886 
111  36.798025   -4.132796 
111  36.798083   -4.132742 
112  36.798256   -4.133037  36.798284   -4.133086 
112  36.798361   -4.133154  36.798403   -4.133183 
112  36.798586   -4.133310  36.798628   -4.133339 
112  36.798615   -4.133275  36.798592   -4.133222 
113  36.798385   -4.132746 
111  36.798237   -4.132240 
111  36.798263   -4.132299 
111  36.798292   -4.132342 
111  36.798326   -4.132421 
111  36.798376   -4.132537 
111  36.798693   -4.132303 
112  36.798723   -4.132236  36.798712   -4.132213 
112  36.798668   -4.132231  36.798643   -4.132250 
111  36.798590   -4.132291 
111  36.798566   -4.132243 
112  36.798644   -4.132183  36.798669   -4.132164 
112  36.798661   -4.132112  36.798647   -4.132084 
112  36.798601   -4.132100  36.798576   -4.132120 
111  36.798525   -4.132159 
111  36.798501   -4.132111 
112  36.798577   -4.132052  36.798602   -4.132032 
112  36.798594   -4.131980  36.798580   -4.131952 
112  36.798535   -4.131968  36.798510   -4.131988 
111  36.798460   -4.132026 
111  36.798436   -4.131978 
112  36.798511   -4.131920  36.798536   -4.131901 
112  36.798528   -4.131849  36.798514   -4.131821 
112  36.798469   -4.131836  36.798444   -4.131856 
111  36.798396   -4.131893 
111  36.798372   -4.131845 
112  36.798445   -4.131788  36.798470   -4.131768 
112  36.798463   -4.131716  36.798449   -4.131689 
112  36.798404   -4.131705  36.798379   -4.131725 
111  36.798331   -4.131762 
111  36.798307   -4.131714 
112  36.798380   -4.131657  36.798405   -4.131637 
112  36.798396   -4.131585  36.798381   -4.131557 
112  36.798336   -4.131572  36.798311   -4.131592 
111  36.798266   -4.131627 
111  36.798242   -4.131579 
112  36.798312   -4.131525  36.798337   -4.131505 
112  36.798328   -4.131453  36.798313   -4.131424 
112  36.798268   -4.131440  36.798243   -4.131460 
111  36.798201   -4.131493 
111  36.798177   -4.131445 
112  36.798244   -4.131393  36.798269   -4.131373 
111  36.798259   -4.131315 
111  36.798236   -4.131267 
111  36.798224   -4.131244 
111  36.798201   -4.131196 
112  36.798199   -4.131193  36.798184   -4.131161 
112  36.798138   -4.131174  36.798113   -4.131193 
111  36.798076   -4.131221 
111  36.798053   -4.131173 
112  36.798114   -4.131127  36.798139   -4.131108 
112  36.798131   -4.131055  36.798117   -4.131026 
112  36.798071   -4.131041  36.798045   -4.131060 
111  36.798004   -4.131091 
111  36.797981   -4.131043 
112  36.798047   -4.130994  36.798073   -4.130975 
112  36.798064   -4.130922  36.798049   -4.130893 
112  36.798005   -4.130909  36.797980   -4.130929 
111  36.797940   -4.130959 
111  36.797916   -4.130911 
112  36.797982   -4.130860  36.798007   -4.130841 
112  36.797998   -4.130782  36.797983   -4.130749 
112  36.797961   -4.130701  36.797946   -4.130668 
112  36.797870   -4.130678  36.797824   -4.130695 
112  36.797676   -4.130751  36.797630   -4.130768 
112  36.797631   -4.130838  36.797647   -4.130879 
111  36.797664   -4.130924 
111  36.797816   -4.131272 
111  36.797842   -4.131331 
111  36.797863   -4.131381 
113  36.797889   -4.131440 

110 01 0.25 122.00 Taxiway
112  36.802125   -4.136375  36.802142   -4.136335 
112  36.802134   -4.136356  36.802151   -4.136316 
111  36.802159   -4.136296 
112  36.802164   -4.136318  36.802164   -4.136318 
112  36.802186   -4.136289  36.802201   -4.136270 
112  36.802237   -4.136233  36.802256   -4.136216 
111  36.802237   -4.136233
111  36.802261   -4.136267
112  36.802261   -4.136267  36.802242   -4.136284 
112  36.802221   -4.136309  36.802214   -4.136320 
112  36.802183   -4.136383  36.802166   -4.136422 
112  36.802176   -4.136402  36.802159   -4.136441 
112  36.802139   -4.136501  36.802132   -4.136528 
112  36.802223   -4.136734  36.802286   -4.136863 
111  36.802223   -4.136734
111  36.801995   -4.136702 
111  36.802091   -4.136467 
114  36.802096   -4.136451  36.802099   -4.136440 

110 01 0.25 122.00 Taxiway
112  36.801968   -4.135881  36.801987   -4.135870 
112  36.802027   -4.135839  36.802047   -4.135822 
111  36.802027   -4.135839
111  36.802045   -4.135879
112  36.802045   -4.135879  36.802025   -4.135896 
112  36.801983   -4.135922  36.801962   -4.135934 
112  36.801926   -4.135947  36.801909   -4.135952 
111  36.801901   -4.135955 
111  36.801871   -4.135954 
112  36.801849   -4.135948  36.801834   -4.135943 
112  36.801923   -4.136132  36.801987   -4.136259 
111  36.801923   -4.136132
111  36.801550   -4.135816 
111  36.801662   -4.135631
112  36.801662   -4.135631  36.801730   -4.135755 
112  36.801810   -4.135851  36.801841   -4.135874 
112  36.801846   -4.135877  36.801877   -4.135900 
114  36.801916   -4.135904  36.801932   -4.135899 

110 02 0.25 122.00 Taxiway
111  36.802511   -4.135988 
111  36.802535   -4.135966 
111  36.802567   -4.135965 
111  36.802572   -4.135933 
111  36.802594   -4.135913 
112  36.802596   -4.135854  36.802583   -4.135829 
112  36.802556   -4.135778  36.802543   -4.135753 
112  36.802507   -4.135764  36.802487   -4.135780 
111  36.802434   -4.135821 
111  36.802415   -4.135783 
112  36.802488   -4.135726  36.802508   -4.135710 
112  36.802498   -4.135665  36.802485   -4.135640 
112  36.802458   -4.135590  36.802445   -4.135565 
112  36.802408   -4.135578  36.802388   -4.135595 
112  36.802339   -4.135635  36.802319   -4.135652 
112  36.802328   -4.135698  36.802341   -4.135723 
111  36.802369   -4.135778 
111  36.802339   -4.135802 
112  36.802298   -4.135723  36.802285   -4.135698 
112  36.802249   -4.135710  36.802229   -4.135727 
112  36.802045   -4.135879  36.802025   -4.135896 
112  36.801983   -4.135922  36.801962   -4.135934 
111  36.801983   -4.135922
111  36.801968   -4.135881
112  36.801968   -4.135881  36.801987   -4.135870 
112  36.802027   -4.135839  36.802047   -4.135822 
111  36.802274   -4.135635 
111  36.802388   -4.135541 
111  36.802418   -4.135516 
111  36.802458   -4.135510 
111  36.802558   -4.135697 
111  36.802639   -4.135856 
111  36.802652   -4.135921 
111  36.802578   -4.135983 
111  36.802494   -4.136060 
112  36.802261   -4.136267  36.802242   -4.136284 
112  36.802221   -4.136309  36.802214   -4.136320 
111  36.802221   -4.136309
111  36.802186   -4.136289
112  36.802186   -4.136289  36.802201   -4.136269 
112  36.802237   -4.136233  36.802256   -4.136216 
112  36.802429   -4.136062  36.802448   -4.136045 
112  36.802438   -4.135999  36.802425   -4.135974 
111  36.802393   -4.135915 
111  36.802423   -4.135890 
114  36.802467   -4.135973  36.802480   -4.135998 

110 02 0.25 122.00 Taxiway
112  36.803549   -4.140164  36.803528   -4.140116 
112  36.803500   -4.140010  36.803489   -4.139955 
112  36.803501   -4.139841  36.803512   -4.139783 
112  36.803503   -4.139828  36.803514   -4.139770 
112  36.803424   -4.139550  36.803360   -4.139423 
111  36.803424   -4.139550
111  36.803630   -4.139599 
111  36.803784   -4.139982 
112  36.803847   -4.140117  36.803871   -4.140169 
112  36.803823   -4.140244  36.803783   -4.140277 
112  36.803753   -4.140302  36.803713   -4.140335 
114  36.803637   -4.140294  36.803600   -4.140256 
112  36.803611   -4.140118  36.803629   -4.140158 
112  36.803667   -4.140209  36.803687   -4.140230 
112  36.803742   -4.140203  36.803772   -4.140179 
112  36.803755   -4.140097  36.803734   -4.140050 
111  36.803722   -4.140028 
112  36.803628   -4.139834  36.803603   -4.139783 
112  36.803575   -4.139843  36.803564   -4.139900 
114  36.803571   -4.139993  36.803580   -4.140036 

120 Centreline for Taxi
111  36.797947   -4.130920 51
112  36.798012   -4.130870  36.798037   -4.130851 51
112  36.798028   -4.130792  36.798013   -4.130760 51
112  36.797965   -4.130653  36.797950   -4.130620 51
116  36.797874   -4.130630  36.797828   -4.130647

120 Centreline for Taxi
111  36.798012   -4.131053 51
112  36.798079   -4.131003  36.798104   -4.130984 51
112  36.798093   -4.130926  36.798077   -4.130895 51
112  36.798074   -4.130889  36.798058   -4.130857 51
116  36.798028   -4.130792  36.798013   -4.130760

120 Centreline for Taxi
111  36.798084   -4.131182 51
112  36.798145   -4.131136  36.798170   -4.131117 51
112  36.798159   -4.131059  36.798144   -4.131027 51
112  36.798141   -4.131022  36.798125   -4.130990 51
116  36.798093   -4.130926  36.798077   -4.130895

120 Centreline for Taxi
111  36.798208   -4.131454 51
112  36.798275   -4.131402  36.798300   -4.131382 51
112  36.798290   -4.131324  36.798274   -4.131292 51
112  36.798272   -4.131288  36.798257   -4.131256 51
112  36.798225   -4.131192  36.798210   -4.131160 51
112  36.798207   -4.131155  36.798191   -4.131123 51
116  36.798159   -4.131059  36.798144   -4.131027

120 Centreline for Taxi
111  36.798597   -4.132252 51
112  36.798675   -4.132192  36.798700   -4.132173 51
112  36.798689   -4.132116  36.798673   -4.132084 51
112  36.798670   -4.132078  36.798654   -4.132047 51
112  36.798622   -4.131983  36.798606   -4.131952 51
112  36.798604   -4.131948  36.798588   -4.131916 51
112  36.798556   -4.131852  36.798541   -4.131820 51
112  36.798538   -4.131815  36.798522   -4.131783 51
112  36.798490   -4.131719  36.798475   -4.131687 51
112  36.798473   -4.131684  36.798457   -4.131652 51
112  36.798425   -4.131589  36.798408   -4.131557 51
112  36.798405   -4.131551  36.798389   -4.131520 51
112  36.798357   -4.131457  36.798340   -4.131425 51
112  36.798337   -4.131419  36.798321   -4.131388 51
116  36.798290   -4.131324  36.798274   -4.131292

120 Centreline for Taxi
111  36.798532   -4.132120 51
112  36.798608   -4.132061  36.798633   -4.132041 51
116  36.798622   -4.131983  36.798606   -4.131952

120 Centreline for Taxi
111  36.798467   -4.131987 51
112  36.798542   -4.131929  36.798567   -4.131910 51
116  36.798556   -4.131852  36.798541   -4.131820

120 Centreline for Taxi
111  36.798403   -4.131854 51
112  36.798476   -4.131797  36.798501   -4.131777 51
116  36.798490   -4.131719  36.798475   -4.131687

120 Centreline for Taxi
111  36.798338   -4.131723 51
112  36.798411   -4.131666  36.798436   -4.131646 51
116  36.798425   -4.131589  36.798408   -4.131557

120 Centreline for Taxi
111  36.798273   -4.131588 51
112  36.798343   -4.131534  36.798368   -4.131514 51
116  36.798357   -4.131457  36.798340   -4.131425

120 Centreline for Taxi C
112  36.797079   -4.130913  36.797033   -4.130929 51
112  36.797004   -4.131026  36.797000   -4.131086 51
112  36.797003   -4.131037  36.796999   -4.131096 51
112  36.796995   -4.131216  36.796994   -4.131276 51
112  36.796974   -4.132157  36.796973   -4.132217 51
112  36.797035   -4.132290  36.797077   -4.132319 51
112  36.798211   -4.133101  36.798253   -4.133130 51
112  36.798337   -4.133188  36.798379   -4.133217 51
112  36.798677   -4.133424  36.798719   -4.133453 51
112  36.798803   -4.133512  36.798844   -4.133542 51
112  36.799663   -4.134119  36.799705   -4.134148 51
112  36.799790   -4.134204  36.799833   -4.134232 51
112  36.800983   -4.134973  36.801026   -4.135000 51
116  36.801110   -4.135057  36.801152   -4.135086

120 Centreline for Taxi A
112  36.797079   -4.130913  36.797126   -4.130897 51
112  36.797171   -4.130882  36.797217   -4.130866 51
112  36.797309   -4.130834  36.797356   -4.130818 51
112  36.797496   -4.130770  36.797542   -4.130754 51
112  36.797634   -4.130720  36.797680   -4.130703 51
112  36.797874   -4.130630  36.797920   -4.130613 51
116  36.798013   -4.130583  36.798060   -4.130570

120 Centreline for Taxi A
112  36.802513   -4.135733  36.802533   -4.135717 51
112  36.802562   -4.135747  36.802575   -4.135772 51
112  36.802620   -4.135860  36.802633   -4.135885 51
112  36.802610   -4.135925  36.802591   -4.135943 51
112  36.802596   -4.135938  36.802577   -4.135956 51
112  36.802538   -4.135992  36.802519   -4.136009 51
112  36.802512   -4.136015  36.802493   -4.136033 51
112  36.802454   -4.136068  36.802434   -4.136085 51
112  36.802249   -4.136250  36.802230   -4.136267 51
116  36.802195   -4.136309  36.802179   -4.136331

120 Centreline for Taxi A
112  36.802463   -4.135559  36.802450   -4.135534 51
112  36.802413   -4.135547  36.802393   -4.135563 51
112  36.802314   -4.135629  36.802294   -4.135646 51
112  36.802254   -4.135679  36.802234   -4.135695 51
112  36.802036   -4.135859  36.802016   -4.135876 51
112  36.801975   -4.135901  36.801955   -4.135912 51
112  36.801911   -4.135929  36.801888   -4.135935 51
112  36.801830   -4.135905  36.801799   -4.135882 51
112  36.801674   -4.135790  36.801643   -4.135767 51
116  36.801531   -4.135564  36.801468   -4.135437

120 Centreline for Taxi
112  36.801197   -4.135020  36.801188   -4.135079 51
112  36.801121   -4.135065  36.801079   -4.135036 51
116  36.801110   -4.135057  36.801068   -4.135028

120 Centreline for Taxi
112  36.798689   -4.132116  36.798705   -4.132147 51
112  36.798737   -4.132211  36.798752   -4.132243 51
112  36.798748   -4.132235  36.798764   -4.132267 51
112  36.798796   -4.132331  36.798812   -4.132362 51
112  36.799594   -4.133937  36.799610   -4.133969 51
112  36.799645   -4.134030  36.799663   -4.134060 51
112  36.799699   -4.134118  36.799717   -4.134148 51
116  36.799790   -4.134204  36.799833   -4.134232

120 Centreline for Taxi
112  36.802195   -4.136309  36.802179   -4.136331 51
112  36.802195   -4.136310  36.802178   -4.136332 51
112  36.802147   -4.136395  36.802132   -4.136430 51
116  36.802108   -4.136512  36.802096   -4.136554

120 Centreline for Taxi
112  36.798337   -4.133188  36.798295   -4.133159 51
112  36.798231   -4.133072  36.798203   -4.133023 51
112  36.798097   -4.132841  36.798068   -4.132793 51
116  36.798011   -4.132697  36.797983   -4.132648

120 Centreline for Taxi
112  36.797634   -4.130720  36.797588   -4.130737 51
112  36.797589   -4.130807  36.797604   -4.130847 51
112  36.797616   -4.130878  36.797632   -4.130919 51
112  36.797666   -4.130998  36.797683   -4.131038 51
112  36.797804   -4.131316  36.797821   -4.131355 51
112  36.797856   -4.131434  36.797873   -4.131474 51
112  36.798226   -4.132284  36.798243   -4.132323 51
112  36.798286   -4.132422  36.798309   -4.132475 51
112  36.798383   -4.132646  36.798406   -4.132699 51
112  36.798451   -4.132804  36.798474   -4.132857 51
112  36.798706   -4.133389  36.798729   -4.133442 51
116  36.798803   -4.133512  36.798844   -4.133542

120 Centreline for Taxi
112  36.802562   -4.135747  36.802549   -4.135722 51
112  36.802523   -4.135672  36.802510   -4.135647 51
112  36.802463   -4.135559  36.802450   -4.135534 51
116  36.802425   -4.135489  36.802414   -4.135467

120 Centreline for Taxi join
112  36.802620   -4.135860  36.802633   -4.135885 51
116  36.802667   -4.135872  36.802685   -4.135855

120 Centreline for Taxi join
112  36.802667   -4.135872  36.802648   -4.135890 51
116  36.802610   -4.135925  36.802591   -4.135943

120 Centreline for Taxi join
112  36.802413   -4.135547  36.802433   -4.135530 51
116  36.802425   -4.135489  36.802414   -4.135467

120 Centreline for Taxi join
112  36.802454   -4.136068  36.802473   -4.136051 51
116  36.802463   -4.136005  36.802450   -4.135980

120 Centreline for Taxi join
112  36.802463   -4.136005  36.802476   -4.136030 51
116  36.802512   -4.136015  36.802531   -4.135998

120 Centreline for Taxi
112  36.802513   -4.135733  36.802533   -4.135717 51
116  36.802523   -4.135672  36.802510   -4.135647

120 Centreline for Taxi join
112  36.802314   -4.135629  36.802294   -4.135646 51
116  36.802303   -4.135692  36.802316   -4.135717

120 Centreline for Taxi join
112  36.802254   -4.135679  36.802274   -4.135662 51
116  36.802303   -4.135692  36.802316   -4.135717

120 Centreline for Taxi
112  36.801121   -4.135065  36.801163   -4.135094 51
116  36.801248   -4.135149  36.801290   -4.135177

120 Centreline for Taxi A
112  36.801674   -4.135790  36.801643   -4.135767 51
116  36.801723   -4.135947  36.801787   -4.136075

120 Centreline for Taxi join
112  36.801830   -4.135905  36.801861   -4.135928 51
116  36.801877   -4.135939  36.801877   -4.135939

120 Centreline for Taxi join
112  36.801911   -4.135929  36.801888   -4.135935 51
116  36.801877   -4.135939  36.801877   -4.135939

120 Centreline for Taxi
112  36.797965   -4.130653  36.797950   -4.130620 51
116  36.798013   -4.130583  36.798060   -4.130570

120 Centreline for Taxi
112  36.798012   -4.130870  36.798037   -4.130851 51
116  36.798074   -4.130889  36.798090   -4.130920

120 Centreline for Taxi
112  36.798079   -4.131003  36.798104   -4.130984 51
116  36.798141   -4.131022  36.798156   -4.131054

120 Centreline for Taxi
112  36.798145   -4.131136  36.798170   -4.131117 51
116  36.798207   -4.131155  36.798222   -4.131187

120 Centreline for Taxi join
112  36.798225   -4.131192  36.798241   -4.131224 51
116  36.798231   -4.131255  36.798218   -4.131265

120 Centreline for Taxi join
112  36.798272   -4.131288  36.798257   -4.131256 51
116  36.798231   -4.131255  36.798218   -4.131265

120 Centreline for Taxi
112  36.798275   -4.131402  36.798300   -4.131382 51
116  36.798337   -4.131419  36.798354   -4.131451

120 Centreline for Taxi
112  36.798405   -4.131551  36.798389   -4.131520 51
116  36.798343   -4.131534  36.798317   -4.131553

120 Centreline for Taxi
112  36.798473   -4.131684  36.798457   -4.131652 51
116  36.798411   -4.131666  36.798386   -4.131686

120 Centreline for Taxi
112  36.798538   -4.131815  36.798522   -4.131783 51
116  36.798476   -4.131797  36.798451   -4.131817

120 Centreline for Taxi
112  36.798604   -4.131948  36.798588   -4.131916 51
116  36.798542   -4.131929  36.798516   -4.131949

120 Centreline for Taxi
112  36.798670   -4.132078  36.798654   -4.132047 51
116  36.798608   -4.132061  36.798582   -4.132081

120 Centreline for Taxi
112  36.798737   -4.132211  36.798721   -4.132179 51
116  36.798675   -4.132192  36.798649   -4.132212

120 Centreline for Taxi
112  36.798748   -4.132235  36.798764   -4.132267 51
116  36.798726   -4.132317  36.798695   -4.132340

120 Centreline for Taxi
112  36.798796   -4.132331  36.798780   -4.132299 51
116  36.798726   -4.132317  36.798695   -4.132340

120 Centreline for Taxi
112  36.802195   -4.136310  36.802178   -4.136332 51
116  36.802170   -4.136343  36.802170   -4.136343

120 Centreline for Taxi
112  36.802147   -4.136395  36.802162   -4.136361 51
116  36.802170   -4.136343  36.802170   -4.136343

120 Centreline for Taxi join
112  36.799699   -4.134118  36.799717   -4.134148 51
116  36.799663   -4.134119  36.799622   -4.134089

120 Centreline for Taxi join
112  36.798677   -4.133424  36.798719   -4.133453 51
116  36.798706   -4.133389  36.798683   -4.133336

120 Centreline for Taxi join
112  36.798211   -4.133101  36.798253   -4.133130 51
116  36.798231   -4.133072  36.798203   -4.133023

120 Centreline for Taxi join
112  36.797496   -4.130770  36.797542   -4.130754 51
116  36.797589   -4.130807  36.797604   -4.130847

120 Centreline for Taxi join
112  36.802538   -4.135992  36.802557   -4.135974 51
116  36.802547   -4.135927  36.802534   -4.135902

120 Centreline for Taxi join
112  36.802538   -4.135992  36.802557   -4.135974 51
116  36.802536   -4.135910  36.802516   -4.135873

120 Centreline for Taxi join
112  36.802596   -4.135938  36.802577   -4.135956 51
116  36.802547   -4.135927  36.802534   -4.135902

120 Centreline for Taxi join
112  36.802596   -4.135938  36.802577   -4.135956 51
116  36.802536   -4.135910  36.802516   -4.135873

120 Centreline for Taxi join
112  36.797804   -4.131316  36.797821   -4.131355 51
116  36.797865   -4.131345  36.797888   -4.131325

120 Centreline for Taxi join
112  36.797865   -4.131345  36.797842   -4.131365 51
116  36.797856   -4.131434  36.797873   -4.131474

120 Centreline for Taxi join
112  36.798226   -4.132284  36.798243   -4.132323 51
116  36.798289   -4.132311  36.798313   -4.132290

120 Centreline for Taxi join
112  36.798289   -4.132311  36.798264   -4.132332 51
116  36.798286   -4.132422  36.798309   -4.132475

120 Taxi hold short
111  36.801032   -4.135048 54
115  36.801062   -4.134980

120 Taxi A hold short
111  36.798754   -4.130396 54
115  36.798736   -4.130320

120 Taxi A hold short
111  36.799010   -4.130208 54
115  36.799034   -4.130282

120 Taxi hold short
111  36.799021   -4.130843 54
115  36.799075   -4.130903

120 Taxi hold short
111  36.802105   -4.136435 54
115  36.802145   -4.136461

110 01 0.25 122.00 Apron
111  36.799696   -4.134090
111  36.799385   -4.133882
111  36.798693   -4.133458
111  36.798201   -4.132343
111  36.797509   -4.130762
111  36.797953   -4.130580
111  36.798739   -4.132144
113  36.799429   -4.133537

110 02 0.25 122.00 Apron
111  36.803753   -4.139769
111  36.803898   -4.140060
111  36.803899   -4.140118
111  36.803888   -4.140181
111  36.803849   -4.140248
111  36.803806   -4.140301
111  36.803740   -4.140329
111  36.803664   -4.140337
111  36.803608   -4.140301
111  36.803562   -4.140257
111  36.803517   -4.140183
111  36.803485   -4.140113
111  36.803462   -4.140030
111  36.803447   -4.139955
111  36.803441   -4.139891
111  36.803447   -4.139821
111  36.803462   -4.139741
111  36.803484   -4.139672
113  36.803640   -4.139543

110 01 0.25 122.00 Apron
111  36.799191   -4.130669
111  36.799033   -4.130797
111  36.798785   -4.130258
113  36.798956   -4.130178

110 15 0.25 122.00 Apron
111  36.799090   -4.130180
111  36.798651   -4.130384
111  36.798667   -4.130238
113  36.799029   -4.130087

110 03 0.25 122.00 Apron
111  36.802619   -4.135892
111  36.802487   -4.136012
111  36.802425   -4.135894
111  36.802428   -4.135891
111  36.802434   -4.135879
111  36.802439   -4.135865
111  36.802441   -4.135853
111  36.802441   -4.135834
111  36.802438   -4.135817
111  36.802515   -4.135757
113  36.802541   -4.135742

110 01 0.25 122.00 Apron
111  36.802257   -4.136222
111  36.802112   -4.136515
111  36.801824   -4.135944
113  36.802068   -4.135858

110 03 0.25 122.00 Apron
111  36.802040   -4.135842
111  36.801906   -4.135918
111  36.801803   -4.135883
111  36.801747   -4.135770
111  36.801917   -4.135677
113  36.801966   -4.135711

110 02 0.25 122.00 Apron
111  36.802432   -4.135799
111  36.802435   -4.135807
111  36.802439   -4.135821
111  36.802441   -4.135834
111  36.802441   -4.135852
111  36.802439   -4.135865
111  36.802434   -4.135878
111  36.802428   -4.135891
111  36.802421   -4.135900
111  36.802413   -4.135909
111  36.802403   -4.135914
111  36.802393   -4.135919
111  36.802383   -4.135920
111  36.802371   -4.135921
111  36.802361   -4.135918
111  36.802345   -4.135910
111  36.802334   -4.135897
111  36.802325   -4.135884
111  36.802319   -4.135868
111  36.802316   -4.135852
111  36.802316   -4.135833
111  36.802319   -4.135817
111  36.802325   -4.135801
111  36.802333   -4.135788
111  36.802342   -4.135779
111  36.802351   -4.135770
111  36.802363   -4.135766
111  36.802376   -4.135764
111  36.802388   -4.135765
111  36.802396   -4.135767
111  36.802407   -4.135772
111  36.802414   -4.135777
111  36.802419   -4.135782
113  36.802426   -4.135791

110 01 0.25 122.00 Apron
111  36.802317   -4.135834
111  36.802317   -4.135852
111  36.802321   -4.135868
111  36.802328   -4.135886
111  36.802343   -4.135907
111  36.802357   -4.135914
111  36.802369   -4.135918
111  36.802382   -4.135921
111  36.802400   -4.135917
111  36.802446   -4.136007
111  36.802451   -4.136037
111  36.802448   -4.136052
111  36.802248   -4.136226
111  36.802057   -4.135860
111  36.802144   -4.135790
111  36.802260   -4.135696
111  36.802287   -4.135703
111  36.802333   -4.135790
111  36.802331   -4.135795
113  36.802320   -4.135820

110 03 0.25 122.00 Apron
111  36.802446   -4.135565
111  36.802512   -4.135687
111  36.802497   -4.135724
111  36.802418   -4.135781
111  36.802407   -4.135773
111  36.802396   -4.135768
111  36.802377   -4.135765
111  36.802363   -4.135767
111  36.802360   -4.135762
111  36.802320   -4.135680
111  36.802320   -4.135659
111  36.802333   -4.135636
113  36.802422   -4.135565

110 02 0.25 122.00 Apron
111  36.802771   -4.136212
111  36.802629   -4.136359
111  36.802465   -4.136134
111  36.802450   -4.136121
111  36.802423   -4.136114
113  36.802645   -4.135879

110 05 0.25 122.00 Apron
111  36.802746   -4.135293
111  36.802038   -4.135836
111  36.801933   -4.135658
113  36.802665   -4.135134

110 05 0.25 122.00 Apron
111  36.802885   -4.136226
111  36.802225   -4.136757
111  36.802090   -4.136488
111  36.802224   -4.136283
111  36.802445   -4.136093
111  36.802624   -4.136349
111  36.802768   -4.136203
111  36.802653   -4.135900
111  36.802440   -4.135527
111  36.802746   -4.135291
113  36.803118   -4.136019

110 01 0.25 122.00 Apron
111  36.798918   -4.133514
111  36.798861   -4.133806
111  36.797313   -4.132734
113  36.797414   -4.132505

110 01 0.25 122.00 Apron
111  36.797301   -4.132425
111  36.797200   -4.132667
111  36.796850   -4.132424
113  36.796998   -4.132209

110 01 0.25 122.00 Apron
111  36.797971   -4.132528
111  36.798280   -4.132272
111  36.798542   -4.132996
111  36.798385   -4.133167
113  36.797778   -4.132763

110 01 0.25 122.00 Apron
111  36.796676   -4.131623
111  36.796665   -4.131684
111  36.796629   -4.131728
111  36.796578   -4.131750
111  36.796526   -4.131751
111  36.796486   -4.131731
111  36.796454   -4.131684
111  36.796440   -4.131597
111  36.796469   -4.131515
111  36.796509   -4.131486
111  36.796551   -4.131470
111  36.796593   -4.131476
111  36.796629   -4.131499
113  36.796665   -4.131555

110 01 0.25 122.00 Apron
111  36.799138   -4.130941
111  36.799076   -4.130985
111  36.799040   -4.130877
113  36.799102   -4.130860

14   36.801113    4.133611  16.83 0 Leoni_Benabu Tower
15   36.802518   -4.135251 300.62 GA_Ramp_1
15   36.802363   -4.135369 305.09 GA_Ramp_2
15   36.802405   -4.135663 307.35 GA_Ramp_3
15   36.802523   -4.135886 300.71 GA_Ramp_4
15   36.797865   -4.131345  30.50 GA_Ramp_5
15   36.798313   -4.132290  30.78 GA_Ramp_6
15   36.797983   -4.132648  41.38 GA_Ramp_7
15   36.798110   -4.131353  33.19 GA_Ramp_8
50  12370 ATIS_MALAGA ATIS
51  12350 CONTROL_LEAX MULT

130 Flatten
111  36.803820   -4.141075
111  36.802474   -4.138079
111  36.801109   -4.135552
111  36.800299   -4.134869
111  36.799593   -4.134322
111  36.796573   -4.132600
111  36.796268   -4.131850
111  36.795967   -4.131218
111  36.799171   -4.129914
111  36.801793   -4.129811
111  36.803501   -4.129617
111  36.805308   -4.128924
111  36.807125   -4.128857
111  36.807723   -4.133217
111  36.808872   -4.137398
111  36.804663   -4.140345
111  36.804452   -4.140528
111  36.806706   -4.143986
111  36.807936   -4.146585
111  36.808363   -4.148718
113  36.807508   -4.149828

130 Flatten
111  36.806588   -4.128872
111  36.806475   -4.128877
111  36.806475   -4.127349
113  36.806626   -4.127353


99
