I
1000 Generated by WorldEditor

1   3006 1 0 LELN Leon
100 45.00 1 1 0.25 1 3 1 05  42.58133881 -005.66605299    0    0 3 0 0 1 23  42.60033719 -005.64004701    0    0 3 1 1 1
100 100.00 4 0 0.25 0 0 0 06  42.59013512 -005.66161208    0    0 1 0 0 0 24  42.59481088 -005.65071792    0    0 1 0 0 0
102 H1  42.58744400 -005.65333100  44.78 11.00 11.00 1 0 0 0.25 1
102 H2  42.58721000 -005.65301600  45.88 11.00 11.00 1 0 0 0.25 1
102 H3  42.58702500 -005.65277700  45.88 11.00 11.00 1 0 0 0.25 1
102 H4  42.58676900 -005.65364200 224.74 12.00 12.00 2 0 0 0.25 0
110 1 0.25 45.2700 Taxiway
111  42.59248900 -005.65265400
111  42.58229800 -005.66657100
111  42.58226600 -005.66652800
113  42.59245700 -005.65261100
110 1 0.25 45.2700 Taxiway
112  42.59178600 -005.64662600  42.59181100 -005.64650700 53 102
112  42.59189400 -005.64636500  42.59194300 -005.64631100 53 102
112  42.59190100 -005.64617300  42.59185700 -005.64609900 53 102
111  42.59183500 -005.64606300
111  42.59200900 -005.64587000 53 102
111  42.59221100 -005.64620100 53 102
111  42.59284900 -005.64709500 53 102
111  42.59330900 -005.64773000 53 102
111  42.59346100 -005.64751800
111  42.59347800 -005.64749500
111  42.59349400 -005.64747300
111  42.59571500 -005.64451400
112  42.59570300 -005.64445700  42.59567400 -005.64444800
111  42.59570300 -005.64445700
111  42.59574000 -005.64440600
112  42.59574000 -005.64440600  42.59576900 -005.64441600
112  42.59581500 -005.64437700  42.59583600 -005.64434800
112  42.59947600 -005.63927900  42.59949700 -005.63925000
112  42.59954700 -005.63920600  42.59957400 -005.63918700
112  42.59961200 -005.63915800  42.59963900 -005.63913900
112  42.59969500 -005.63914800  42.59972400 -005.63916100
112  42.59976600 -005.63918000  42.59979500 -005.63919300
112  42.59984100 -005.63924200  42.59986200 -005.63927100
111  42.60039600 -005.63999400
112  42.60103900 -005.64085900  42.60106000 -005.64088800
112  42.60109700 -005.64095200  42.60111400 -005.64098500
112  42.60113800 -005.64103400  42.60115500 -005.64106700
112  42.60113800 -005.64113300  42.60112100 -005.64116600
112  42.60109600 -005.64121000  42.60107900 -005.64124300
111  42.60103800 -005.64130200
111  42.59500300 -005.64959300 53 102
111  42.59509400 -005.64980800
112  42.59509400 -005.64980800  42.59515300 -005.64998300 53 102
112  42.59509400 -005.65030600  42.59503500 -005.65046300 53 102
111  42.59500400 -005.65054200 53 102
111  42.59475900 -005.65117200
111  42.59456300 -005.65102400 53 102
111  42.59480400 -005.65040000 53 102
112  42.59486900 -005.65023200  42.59491200 -005.65011900 53 102
111  42.59488600 -005.64992500 53 102
111  42.59481100 -005.64984700 53 102
111  42.59459900 -005.65011900
112  42.59412200 -005.65072900  42.59410000 -005.65075700
112  42.59404400 -005.65077100  42.59401400 -005.65077100
112  42.59393400 -005.65077300  42.59390400 -005.65077300
112  42.59385000 -005.65078400  42.59382400 -005.65079100
112  42.59378000 -005.65083900  42.59375900 -005.65086800
111  42.59264100 -005.65242500
111  42.59260900 -005.65238300
112  42.59375800 -005.65078300  42.59377900 -005.65075400
112  42.59383300 -005.65072700  42.59386200 -005.65071900
112  42.59384100 -005.65072500  42.59387000 -005.65071700
112  42.59393000 -005.65071300  42.59396000 -005.65071300
112  42.59402600 -005.65071100  42.59405600 -005.65071100
112  42.59410400 -005.65066900  42.59412600 -005.65064100
111  42.59456900 -005.65007500
111  42.59477400 -005.64980900 53 102
111  42.59466700 -005.64969800 53 102
112  42.59433100 -005.64945600  42.59422200 -005.64935400 53 102
112  42.59409900 -005.64921100  42.59405200 -005.64915000 53 102
112  42.59373800 -005.64950000  42.59354400 -005.64975400
111  42.59373800 -005.64950000
111  42.59345400 -005.64912300
112  42.59345400 -005.64912300  42.59364500 -005.64886400 53 102
112  42.59358100 -005.64852200  42.59347500 -005.64838100 53 102
111  42.59335500 -005.64822200 53 102
111  42.59323200 -005.64805300 53 102
111  42.59122100 -005.65081200
111  42.59136000 -005.65099400 53 102
112  42.59156200 -005.65126600  42.59166800 -005.65140900 53 102
112  42.59200700 -005.65109200  42.59219800 -005.65083300
111  42.59200700 -005.65109200
111  42.59188900 -005.65192200
111  42.59150800 -005.65196700
112  42.59150800 -005.65196700  42.59159700 -005.65185800 53 102
112  42.59148200 -005.65158900  42.59137500 -005.65144600 53 102
111  42.59120200 -005.65121200 53 102
111  42.59106500 -005.65103200 53 102
111  42.58092100 -005.66486200
111  42.58088900 -005.66481900
111  42.59103300 -005.65098900 53 102
111  42.59052900 -005.65032300 53 102
112  42.59029700 -005.65000700  42.59019200 -005.64986200 53 102
112  42.58992500 -005.65008900  42.58978200 -005.65028800 53 102
112  42.58975700 -005.65045000  42.58978700 -005.65049200 53 102
111  42.58980200 -005.65051200
111  42.58964200 -005.65072600 53 102
111  42.58942700 -005.65043000 53 102
111  42.58898600 -005.64983700
111  42.58914400 -005.64962000 53 102
112  42.58930100 -005.64983100  42.58940600 -005.64997100 53 102
112  42.58967000 -005.64974400  42.58981200 -005.64954700 53 102
112  42.58984300 -005.64939600  42.58981600 -005.64936100 53 102
111  42.58980300 -005.64934500 53 102
111  42.58958100 -005.64904300
111  42.58974000 -005.64882700 53 102
112  42.58981100 -005.64892400  42.58985800 -005.64898800 53 102
112  42.58993200 -005.64895300  42.58996500 -005.64890800 53 102
112  42.59020600 -005.64889000  42.59035600 -005.64889300 53 102
112  42.59055400 -005.64889500  42.59070400 -005.64889800 53 102
112  42.59075000 -005.64882800  42.59073100 -005.64878100 53 102
111  42.59072000 -005.64875700
111  42.59091500 -005.64860600 53 102
112  42.59095700 -005.64870600  42.59098500 -005.64877300 53 102
112  42.59106700 -005.64871400  42.59111300 -005.64865300 53 102
112  42.59108800 -005.64856000  42.59105600 -005.64851900 53 102
111  42.59104000 -005.64849800
111  42.59119500 -005.64827700 53 102
112  42.59124400 -005.64834000  42.59127600 -005.64838200 53 102
112  42.59134000 -005.64833300  42.59137200 -005.64828600 53 102
112  42.59133700 -005.64820000  42.59130400 -005.64815800 53 102
111  42.59128800 -005.64813700
111  42.59144200 -005.64791400 53 102
112  42.59149300 -005.64797900  42.59152600 -005.64802200 53 102
112  42.59160100 -005.64796400  42.59164000 -005.64791100 53 102
112  42.59160300 -005.64781100  42.59156600 -005.64776200 53 102
111  42.59154700 -005.64773700
111  42.59170300 -005.64751800 53 102
112  42.59176000 -005.64759200  42.59179700 -005.64764100 53 102
112  42.59188400 -005.64756600  42.59192900 -005.64749900 53 102
112  42.59187400 -005.64731000  42.59182300 -005.64720600 53 102
114  42.59177300 -005.64697900  42.59175700 -005.64686200 53 102
112  42.59425000 -005.64898400  42.59429100 -005.64903900 59 102
112  42.59445600 -005.64920200  42.59455200 -005.64929200 53 102
111  42.59480300 -005.64944100 53 102
111  42.59493800 -005.64951000 53 102
111  42.59497200 -005.64955200 53 102
111  42.60100400 -005.64126200
112  42.60106200 -005.64117000  42.60107900 -005.64113700
112  42.60108200 -005.64113300  42.60109900 -005.64110000
112  42.60108300 -005.64103300  42.60106600 -005.64099900
112  42.60106200 -005.64099300  42.60104500 -005.64095900
112  42.60100500 -005.64089900  42.60098400 -005.64087000
112  42.60041200 -005.64010200  42.60039100 -005.64007300
112  42.60034800 -005.64010200  42.60032700 -005.64013100
111  42.59983700 -005.64079800
111  42.59980500 -005.64075500
112  42.60031600 -005.64005900  42.60033700 -005.64003000
112  42.60031600 -005.63997300  42.60029500 -005.63994400
112  42.59981700 -005.63929600  42.59979600 -005.63926700
112  42.59974200 -005.63923400  42.59971300 -005.63922100
112  42.59969900 -005.63921400  42.59967000 -005.63920100
112  42.59961700 -005.63922400  42.59959100 -005.63924300
112  42.59957400 -005.63925600  42.59954800 -005.63927500
112  42.59950400 -005.63932900  42.59948300 -005.63935800
111  42.59580700 -005.64447700
111  42.59349300 -005.64756100
111  42.59334000 -005.64777300 53 102
111  42.59351100 -005.64800800 53 102
112  42.59373700 -005.64830800  42.59384400 -005.64844900 53 102
112  42.59418000 -005.64812700  42.59436900 -005.64786600
111  42.59418000 -005.64812700
111  42.59447100 -005.64850900
114  42.59447100 -005.64850900  42.59428200 -005.64877100 59 102
112  42.59200000 -005.64671900  42.59198700 -005.64678400 53 102
112  42.59199400 -005.64692700  42.59200400 -005.64700000 53 102
112  42.59212300 -005.64726600  42.59219900 -005.64741900 53 102
112  42.59208500 -005.64772000  42.59198400 -005.64786900 53 102
111  42.59190100 -005.64799000 53 102
112  42.59180400 -005.64812100  42.59173900 -005.64820800 53 102
112  42.59174900 -005.64830700  42.59177700 -005.64834300 53 102
112  42.59194700 -005.64814100  42.59205100 -005.64799400 53 102
112  42.59245100 -005.64742900  42.59255500 -005.64728200 53 102
112  42.59244300 -005.64698000  42.59233400 -005.64682700 53 102
112  42.59227700 -005.64674600  42.59216800 -005.64659300 53 102
114  42.59206700 -005.64656900  42.59203600 -005.64660400 53 102
112  42.59147600 -005.64879800  42.59158100 -005.64865300 53 102
112  42.59159200 -005.64852600  42.59156400 -005.64849000 53 102
112  42.59146400 -005.64859900  42.59140700 -005.64868400 53 102
111  42.59137800 -005.64872600 53 102
112  42.59118000 -005.64899300  42.59107300 -005.64913600 53 102
112  42.59079500 -005.64920400  42.59064500 -005.64920100 53 102
112  42.59029800 -005.64919600  42.59014800 -005.64919300 53 102
112  42.59005800 -005.64921300  42.59004800 -005.64922700 53 102
112  42.59010700 -005.64931600  42.59015000 -005.64937100 53 102
111  42.59017000 -005.64939900 53 102
112  42.59045000 -005.64978100  42.59055500 -005.64992600 53 102
114  42.59076600 -005.64978000  42.59087100 -005.64963500 53 102
111  42.59187600 -005.64868200 53 102
112  42.59092600 -005.64999500  42.59082100 -005.65014000 53 102
111  42.59092900 -005.65042600 53 102
111  42.59118900 -005.65076900
111  42.59320100 -005.64801000 53 102
111  42.59292600 -005.64763600 53 102
114  42.59261300 -005.64764100  42.59250900 -005.64778800 53 102
110 2 0.25 45.2700 Taxiway
111  42.59383200 -005.64613000
111  42.59300700 -005.64728800
111  42.59297400 -005.64724600
113  42.59379900 -005.64608800
110 2 0.25 45.2700 Taxiway
111  42.58341700 -005.65042500
111  42.58348800 -005.65032700
111  42.58538200 -005.65283800
111  42.58598600 -005.65364000
111  42.58591400 -005.65373900
111  42.58531000 -005.65293800
111  42.58349000 -005.65052200
111  42.58310800 -005.65104600
113  42.58303600 -005.65095000
110 2 0.25 45.2700 Taxiway
111  42.59238300 -005.64472100
111  42.59328100 -005.64448700
111  42.59328200 -005.64448300
111  42.59329100 -005.64448500
111  42.59331700 -005.64447800
111  42.59331900 -005.64449100
111  42.59374200 -005.64458400
111  42.59374100 -005.64460000
111  42.59415100 -005.64500400
112  42.59416800 -005.64498500  42.59415500 -005.64494800
112  42.59399100 -005.64447400  42.59397800 -005.64443700
112  42.59393900 -005.64437700  42.59391700 -005.64434900
112  42.59044800 -005.63986800  42.59042600 -005.63984000
112  42.59037000 -005.63982800  42.59034000 -005.63982900
112  42.59012400 -005.63984000  42.59009400 -005.63984100
112  42.59004700 -005.63988500  42.59002600 -005.63991400
112  42.58829700 -005.64225600  42.58827600 -005.64228500
112  42.58828800 -005.64235100  42.58830300 -005.64238600
112  42.58836400 -005.64251900  42.58837900 -005.64255400
111  42.58841900 -005.64261400
111  42.59000000 -005.64479200
111  42.59042600 -005.64420500
111  42.59045800 -005.64424800
111  42.59003200 -005.64483600
111  42.59000000 -005.64487900
111  42.58996800 -005.64483600
111  42.58838300 -005.64265200
112  42.58832800 -005.64255700  42.58831300 -005.64252200
112  42.58823200 -005.64234100  42.58821700 -005.64230600
112  42.58824100 -005.64224600  42.58826200 -005.64221700
112  42.59002700 -005.63982500  42.59004800 -005.63979600
112  42.59010400 -005.63978000  42.59013400 -005.63977900
112  42.59038800 -005.63976600  42.59041800 -005.63976500
112  42.59046600 -005.63980600  42.59048800 -005.63983400
112  42.59397700 -005.64434100  42.59399900 -005.64436900
112  42.59402900 -005.64443800  42.59404200 -005.64447500
112  42.59424200 -005.64505300  42.59425500 -005.64509000
112  42.59430500 -005.64512300  42.59433400 -005.64513300
112  42.59460400 -005.64522300  42.59463300 -005.64523300
112  42.59469300 -005.64523100  42.59472300 -005.64522600
112  42.59478900 -005.64521500  42.59481900 -005.64521000
112  42.59486700 -005.64516600  42.59488900 -005.64513800
112  42.59549400 -005.64437600  42.59551600 -005.64434800
112  42.59557100 -005.64434900  42.59560000 -005.64435900
112  42.59574000 -005.64440600  42.59576900 -005.64441600
112  42.59581500 -005.64437700  42.59583600 -005.64434800
111  42.59581500 -005.64437700
111  42.59580700 -005.64447700
111  42.59571500 -005.64451400
112  42.59571500 -005.64451400  42.59573600 -005.64448500
112  42.59570300 -005.64445700  42.59567400 -005.64444800
112  42.59558300 -005.64441600  42.59555400 -005.64440700
112  42.59550600 -005.64444400  42.59548400 -005.64447200
112  42.59488700 -005.64522400  42.59486500 -005.64525200
112  42.59480900 -005.64527300  42.59477900 -005.64527800
112  42.59469100 -005.64529300  42.59466100 -005.64529800
112  42.59460200 -005.64528500  42.59457300 -005.64527500
112  42.59427900 -005.64517700  42.59425000 -005.64516700
111  42.59419900 -005.64512600
111  42.59370000 -005.64463600
111  42.59329100 -005.64454700
111  42.59240500 -005.64477800
112  42.59232900 -005.64483200  42.59230800 -005.64486100
111  42.59227400 -005.64490900
111  42.59224200 -005.64486600
114  42.59230700 -005.64477600  42.59232800 -005.64474700
110 5 0.25 45.2700 Taxiway
111  42.59191600 -005.65194400
111  42.59206700 -005.65171800
111  42.59332200 -005.65325400
113  42.59317100 -005.65348000
110 12 0.25 45.2700 Taxiway
112  42.58777400 -005.65335800  42.58775200 -005.65333100
111  42.58772800 -005.65330000
111  42.58775900 -005.65325500
112  42.58778500 -005.65328800  42.58780200 -005.65331000
112  42.58784900 -005.65328700  42.58787400 -005.65326400
111  42.58804300 -005.65311300
112  42.58836500 -005.65280600  42.58839000 -005.65278300
112  42.58843500 -005.65272900  42.58845700 -005.65270100
111  42.58902000 -005.65198200
111  42.58930200 -005.65163200
111  42.58961700 -005.65125100
111  42.59003800 -005.65069000
111  42.58809300 -005.65131100
112  42.58801700 -005.65128200  42.58799600 -005.65125300
111  42.58796300 -005.65120800
111  42.58799500 -005.65116500
112  42.58803100 -005.65121400  42.58805200 -005.65124300
111  42.58810700 -005.65124300
111  42.59009900 -005.65060800
111  42.59010800 -005.65059800
111  42.59024300 -005.65043300
111  42.59044000 -005.65018700
111  42.59047100 -005.65023200
111  42.59027300 -005.65047900
111  42.59013800 -005.65064200
111  42.58964700 -005.65129500
111  42.58933200 -005.65167800
111  42.58905000 -005.65202600
112  42.58846300 -005.65277700  42.58844100 -005.65280500
112  42.58839300 -005.65285400  42.58836800 -005.65287700
111  42.58806900 -005.65316300
114  42.58784400 -005.65336500  42.58781900 -005.65338800
110 15 0.25 45.2700 Apron path
111  42.59153800 -005.64506900 59
111  42.59125700 -005.64471600 59
111  42.59103800 -005.64442500 59
111  42.59073500 -005.64400300
111  42.59081400 -005.64389900 59
112  42.59100100 -005.64415900  42.59105200 -005.64423000 59
112  42.59114500 -005.64417100  42.59119000 -005.64410800 59
111  42.59121400 -005.64407600 59
111  42.59136800 -005.64385400
111  42.59144800 -005.64395600 59
111  42.59129400 -005.64417800 59
112  42.59122400 -005.64427400  42.59117800 -005.64433900 59
112  42.59122400 -005.64446400  42.59127000 -005.64452600 59
112  42.59137100 -005.64445200  42.59142200 -005.64438200 59
111  42.59158000 -005.64416700
111  42.59165800 -005.64427200 59
112  42.59145100 -005.64455400  42.59140000 -005.64462500 59
112  42.59145400 -005.64476100  42.59150700 -005.64482800 59
112  42.59149400 -005.64481100  42.59154700 -005.64487800 59
112  42.59165100 -005.64480600  42.59170200 -005.64473500 59
111  42.59184800 -005.64453600
111  42.59192600 -005.64464000 59
112  42.59173000 -005.64490900  42.59167900 -005.64498000 59
112  42.59173100 -005.64512000  42.59178300 -005.64519000 59
112  42.59175800 -005.64515800  42.59181000 -005.64522800 59
112  42.59191300 -005.64515700  42.59196400 -005.64508600 59
111  42.59210900 -005.64488600
111  42.59218800 -005.64499000 59
112  42.59191300 -005.64536900  42.59186200 -005.64544000 59
114  42.59175900 -005.64537000  42.59170800 -005.64530000 59
110 1 0.25 45.2700 Apron
111  42.58762000 -005.65170900
111  42.58717700 -005.65232700
111  42.58782200 -005.65316500
111  42.58766900 -005.65338900
111  42.58701500 -005.65254400
111  42.58603500 -005.65389500
111  42.58591300 -005.65373500
111  42.58962100 -005.64864500
111  42.58974900 -005.64881900
111  42.58958200 -005.64904600
111  42.58778100 -005.65149500
111  42.58843900 -005.65233900
113  42.58827700 -005.65255800
110 1 0.25 45.2700 Apron
111  42.59918700 -005.64121700
111  42.59917300 -005.64112200
111  42.59916500 -005.64102500
111  42.59916600 -005.64093900
111  42.59917000 -005.64084100
111  42.59917700 -005.64075100
111  42.59918600 -005.64066100
111  42.59919600 -005.64056800
111  42.59921200 -005.64047500
111  42.59924300 -005.64038600
111  42.59928600 -005.64031100
111  42.59934100 -005.64025300
111  42.59940300 -005.64019700
111  42.59946900 -005.64017600
111  42.59955300 -005.64017300
111  42.59962300 -005.64018300
111  42.59969100 -005.64021700
111  42.59974700 -005.64026200
111  42.59982200 -005.64035100
111  42.60019300 -005.63985600
111  42.60047900 -005.64023900
113  42.59947900 -005.64161200
110 2 0.25 45.2700 Apron
111  42.58616700 -005.65399200
111  42.58619300 -005.65396000
111  42.58627200 -005.65406900
111  42.58619200 -005.65417400
111  42.58611300 -005.65406500
111  42.58613700 -005.65403500
111  42.58601600 -005.65387000
113  42.58604700 -005.65382700
110 2 0.25 45.2700 Apron
111  42.59388800 -005.64613000
111  42.59388400 -005.64617500
111  42.59386800 -005.64621100
111  42.59384700 -005.64623700
111  42.59382500 -005.64625000
111  42.59380000 -005.64625600
111  42.59377500 -005.64625300
111  42.59375000 -005.64624000
111  42.59372900 -005.64621600
111  42.59372000 -005.64618900
111  42.59371500 -005.64616100
111  42.59371300 -005.64613000
111  42.59371900 -005.64609800
111  42.59372500 -005.64606800
111  42.59373800 -005.64604500
111  42.59375400 -005.64603000
111  42.59377600 -005.64601700
111  42.59379900 -005.64601300
111  42.59382000 -005.64601500
111  42.59384200 -005.64602700
111  42.59385900 -005.64604200
111  42.59387300 -005.64606500
113  42.59388500 -005.64609600
110 2 0.25 45.2700 Apron
111  42.58711600 -005.65464800
111  42.58711200 -005.65469300
111  42.58709600 -005.65472900
111  42.58707500 -005.65475500
111  42.58705300 -005.65476800
111  42.58702800 -005.65477300
111  42.58700300 -005.65477100
111  42.58697800 -005.65475700
111  42.58695700 -005.65473400
111  42.58694800 -005.65470600
111  42.58694300 -005.65467900
111  42.58694100 -005.65464900
111  42.58694700 -005.65461600
111  42.58695300 -005.65458600
111  42.58696600 -005.65456200
111  42.58698200 -005.65454800
111  42.58700400 -005.65453500
111  42.58702700 -005.65453100
111  42.58704800 -005.65453300
111  42.58707000 -005.65454500
111  42.58708700 -005.65456000
111  42.58710100 -005.65458300
113  42.58711300 -005.65461300
110 1 0.25 45.2700 Apron
111  42.59374200 -005.64827800
111  42.59378100 -005.64831500
111  42.59382400 -005.64834100
111  42.59386700 -005.64834100
111  42.59391400 -005.64833300
111  42.59396700 -005.64831100
111  42.59402100 -005.64827800
111  42.59407500 -005.64823800
111  42.59410500 -005.64820800
111  42.59413800 -005.64817400
111  42.59417700 -005.64812900
111  42.59420800 -005.64809900
111  42.59399700 -005.64900600
111  42.59335600 -005.64929500
111  42.59334700 -005.64928400
111  42.59343000 -005.64917300
111  42.59347000 -005.64907800
111  42.59349700 -005.64903300
111  42.59351900 -005.64898900
111  42.59354700 -005.64893300
111  42.59356200 -005.64888600
111  42.59358000 -005.64883300
111  42.59360200 -005.64875200
111  42.59361000 -005.64868200
111  42.59360700 -005.64861200
111  42.59359200 -005.64856800
111  42.59356000 -005.64852300
111  42.59341900 -005.64833700
111  42.59328400 -005.64815600
111  42.59324700 -005.64810200
111  42.59323600 -005.64809700
111  42.59322200 -005.64809900
111  42.59320000 -005.64812000
111  42.59316000 -005.64816100
111  42.59310700 -005.64821200
113  42.59340200 -005.64780200
110 2 0.25 45.2700 Apron
111  42.58601000 -005.65252300
111  42.58966200 -005.64750600
111  42.59006800 -005.64803500
113  42.58640400 -005.65306800
110 1 0.25 45.2700 Apron
111  42.59226200 -005.64559300
111  42.59198400 -005.64599100
111  42.59194300 -005.64600400
111  42.59188700 -005.64602400
111  42.59184000 -005.64607000
111  42.59183000 -005.64607300
111  42.59173200 -005.64594400
111  42.59167300 -005.64586500
111  42.59041200 -005.64418700
111  42.59107500 -005.64329900
113  42.59251900 -005.64523200
110 1 0.25 45.2700 Apron
111  42.59264700 -005.64759900
111  42.59248300 -005.64737900
111  42.59251100 -005.64728400
111  42.59252000 -005.64720700
111  42.59250400 -005.64711700
111  42.59247400 -005.64703600
111  42.59240000 -005.64692600
111  42.59216200 -005.64660600
111  42.59211000 -005.64655000
111  42.59209000 -005.64655200
111  42.59207000 -005.64657200
111  42.59198200 -005.64667700
111  42.59183800 -005.64646800
111  42.59190900 -005.64635800
111  42.59193800 -005.64631400
111  42.59194000 -005.64626500
111  42.59190900 -005.64618400
111  42.59183000 -005.64607200
111  42.59205000 -005.64589400
111  42.59340300 -005.64780100
111  42.59338400 -005.64784400
111  42.59311200 -005.64820700
111  42.59308400 -005.64817200
111  42.59311400 -005.64811900
111  42.59314400 -005.64807100
111  42.59316400 -005.64804000
111  42.59317000 -005.64801900
111  42.59317100 -005.64800000
111  42.59316200 -005.64798400
111  42.59294500 -005.64768500
111  42.59289200 -005.64761800
111  42.59284700 -005.64757400
111  42.59279200 -005.64755300
113  42.59271300 -005.64756000
110 1 0.25 45.2700 Apron
111  42.59178700 -005.65178200
111  42.59128000 -005.65208900
111  42.59132400 -005.65201900
111  42.59136900 -005.65194700
111  42.59140200 -005.65188700
111  42.59142800 -005.65182000
111  42.59145000 -005.65174200
111  42.59145900 -005.65164900
111  42.59144500 -005.65157100
111  42.59141600 -005.65150100
111  42.59136800 -005.65143000
111  42.59151800 -005.65121100
111  42.59162000 -005.65132100
111  42.59168200 -005.65134100
111  42.59174600 -005.65133000
111  42.59179900 -005.65130300
111  42.59186100 -005.65125600
111  42.59191700 -005.65119400
111  42.59195400 -005.65114800
113  42.59200600 -005.65108500
110 1 0.25 45.2700 Apron
111  42.59135400 -005.64663700
111  42.59119000 -005.64685100
111  42.59110900 -005.64707400
111  42.59067900 -005.64767500
111  42.59049900 -005.64742900
111  42.59037400 -005.64761100
111  42.59009400 -005.64799700
111  42.59002600 -005.64809700
111  42.58962800 -005.64755700
113  42.59082100 -005.64592100
110 2 0.25 45.2700 Apron
111  42.59072500 -005.64875900
111  42.59078400 -005.64889200
111  42.59073200 -005.64890100
111  42.59048100 -005.64855000
111  42.59029200 -005.64831700
111  42.59002100 -005.64809900
111  42.59049700 -005.64741800
111  42.59066600 -005.64763900
111  42.59110300 -005.64705900
111  42.59118500 -005.64683800
111  42.59133900 -005.64661900
111  42.59185100 -005.64731600
111  42.59187100 -005.64729100
111  42.59190300 -005.64736500
111  42.59191700 -005.64743900
111  42.59191600 -005.64750500
111  42.59189000 -005.64756300
111  42.59184900 -005.64761800
111  42.59180700 -005.64764300
111  42.59177900 -005.64763200
111  42.59170300 -005.64752700
111  42.59155100 -005.64773900
111  42.59160200 -005.64780800
111  42.59163600 -005.64785000
111  42.59164200 -005.64787200
111  42.59164300 -005.64789400
111  42.59163400 -005.64791600
111  42.59161400 -005.64795000
111  42.59159000 -005.64798200
111  42.59157100 -005.64801200
111  42.59154600 -005.64802400
111  42.59153300 -005.64802900
111  42.59150000 -005.64799900
111  42.59144000 -005.64792100
111  42.59129100 -005.64813500
111  42.59132400 -005.64817400
111  42.59137100 -005.64823200
111  42.59137900 -005.64824800
111  42.59137600 -005.64827400
111  42.59136700 -005.64829900
111  42.59135100 -005.64833700
111  42.59132700 -005.64836600
111  42.59130000 -005.64839200
111  42.59128000 -005.64839500
111  42.59124100 -005.64835300
111  42.59119500 -005.64828500
111  42.59105000 -005.64849500
111  42.59108500 -005.64854500
111  42.59111700 -005.64858400
111  42.59113200 -005.64861100
111  42.59112300 -005.64863700
111  42.59110900 -005.64866500
111  42.59109500 -005.64869100
111  42.59107200 -005.64872400
111  42.59104200 -005.64875400
111  42.59100200 -005.64877600
111  42.59097300 -005.64876000
113  42.59091200 -005.64861300
110 1 0.25 45.2700 Apron
111  42.59107000 -005.64706700
111  42.59113700 -005.64693600
111  42.59134800 -005.64722000
113  42.59127000 -005.64732900
120 Centreline for Taxi
111  42.58914500 -005.64983600 51 101
112  42.58934717 -005.65010742  42.58945372 -005.65025047 51 101
112  42.58975794 -005.64997223  42.58992524 -005.64973905 51 101
112  42.58984006 -005.64985777  42.59000735 -005.64962459 51 101
112  42.59024937 -005.64972457  42.59035495 -005.64986895 51 101
112  42.59044963 -005.64999843  42.59055521 -005.65014281 51 101
112  42.59076919 -005.65042769  42.59087665 -005.65056948 51 101
112  42.59111981 -005.65089031  42.59122727 -005.65103210 51 101
112  42.59144056 -005.65131796  42.59154693 -005.65146126 51 101
112  42.59162544 -005.65156704  42.59173181 -005.65171035 51 101
116  42.59207088 -005.65139327  42.59226146 -005.65113411
120 Centreline for Taxi
112  42.58964300 -005.65051000  42.58955233 -005.65038467 51 101
116  42.58934717 -005.65010742  42.58924062 -005.64996437
120 Centreline for Path
111  42.59184800 -005.64464100 51
112  42.59165301 -005.64490911  42.59160167 -005.64497970 51
116  42.59149555 -005.64491394  42.59144192 -005.64484657
120 Centreline for Path
111  42.59137000 -005.64395900 51
112  42.59132896 -005.64401844  42.59127899 -005.64409081 51
116  42.59117725 -005.64423323  42.59112609 -005.64430406
120 Centreline for Path
111  42.59081300 -005.64400400 51
112  42.59100053 -005.64426540  42.59105151 -005.64433647 51
116  42.59115529 -005.64447614  42.59120748 -005.64454557
120 Centreline for Taxi
112  42.59119900 -005.64849300  42.59126433 -005.64857767 51 101
112  42.59113742 -005.64883492  42.59103103 -005.64897820 51 101
112  42.59113358 -005.64884008  42.59102719 -005.64898336 51 101
112  42.59074929 -005.64905120  42.59059949 -005.64904867 51 101
112  42.59025171 -005.64904280  42.59010190 -005.64904027 51 101
112  42.58995450 -005.64913750  42.58990617 -005.64920317 51 101
112  42.58998650 -005.64937200  42.59005617 -005.64946267 51 101
116  42.59024937 -005.64972457  42.59035495 -005.64986895
120 Centreline for Taxi
112  42.59087300 -005.64881400  42.59094033 -005.64897467 51 101
116  42.59113358 -005.64884008  42.59123997 -005.64869680
120 Centreline for Taxi
112  42.59144700 -005.64813000  42.59151233 -005.64821333 51 101
112  42.59142100 -005.64843750  42.59133833 -005.64855917 51 101
116  42.59113742 -005.64883492  42.59103103 -005.64897820
120 Centreline for Taxi
112  42.59170600 -005.64773400  42.59178200 -005.64783400 51 101
112  42.59195700 -005.64768250  42.59204833 -005.64754817 51 101
116  42.59199850 -005.64728800  42.59193483 -005.64715933
120 Centreline for Taxi
112  42.59199300 -005.64608500  42.59208100 -005.64623167 51 101
112  42.59228854 -005.64653401  42.59239757 -005.64668668 51 101
112  42.59260346 -005.64697499  42.59271249 -005.64712766 51 101
112  42.59292396 -005.64741870  42.59302859 -005.64756183 51 101
112  42.59327604 -005.64790030  42.59338068 -005.64804343 51 101
112  42.59359241 -005.64832634  42.59369868 -005.64846723 51 101
112  42.59380459 -005.64860766  42.59391086 -005.64874855 51 101
112  42.59410200 -005.64900200  42.59419400 -005.64912400 51 101
112  42.59439350 -005.64932900  42.59449583 -005.64942500 51 101
112  42.59473450 -005.64956950  42.59485950 -005.64963383 51 101
112  42.59499000 -005.64986650  42.59503533 -005.65000017 51 101
112  42.59498100 -005.65026900  42.59492967 -005.65040367 51 101
112  42.59479931 -005.65074112  42.59472952 -005.65092120 51 101
116  42.59476569 -005.65082788  42.59469590 -005.65100796
120 Centreline for Taxi
112  42.58974000 -005.64904300  42.58983467 -005.64917167 51 101
116  42.58998650 -005.64937200  42.59005617 -005.64946267
120 Centreline for Taxi
112  42.59292396 -005.64741870  42.59281932 -005.64727557 51 101
112  42.59261118 -005.64742395  42.59250729 -005.64757058 51 101
112  42.59195082 -005.64835605  42.59184694 -005.64850268 51 101
112  42.59163740 -005.64879361  42.59153234 -005.64893868 51 101
112  42.59076560 -005.64999739  42.59066053 -005.65014246 51 101
116  42.59044963 -005.64999843  42.59034405 -005.64985405
120 Centreline for Taxi
112  42.59195700 -005.64768250  42.59186567 -005.64781683 51 101
112  42.59168250 -005.64806950  42.59159083 -005.64819317 51 101
116  42.59142100 -005.64843750  42.59133833 -005.64855917
120 Centreline for Taxi
112  42.59228854 -005.64653401  42.59217951 -005.64638134 51 101
112  42.59202300 -005.64641950  42.59195500 -005.64649583 51 101
116  42.59189250 -005.64667250  42.59187350 -005.64676483
120 Centreline for Taxi
112  42.59199850 -005.64728800  42.59193483 -005.64715933 51
112  42.59188350 -005.64695300  42.59187050 -005.64685833 51
116  42.59189250 -005.64667250  42.59191150 -005.64658017
120 Centreline for Taxi
116  42.59167000 -005.64841550  42.59158667 -005.64830850
120 Centreline for Taxi
112  42.59367812 -005.64920773  42.59386871 -005.64894858 51 101
116  42.59380459 -005.64860766  42.59369832 -005.64846677
120 Centreline for Taxi
112  42.59367812 -005.64920773  42.59386871 -005.64894858 51 101
116  42.59410200 -005.64900200  42.59419400 -005.64912400
120 Centreline for Taxi
112  42.59380459 -005.64860766  42.59391086 -005.64874855 51 101
116  42.59424715 -005.64842659  42.59443591 -005.64816498
120 Centreline for Taxi
112  42.59424715 -005.64842659  42.59405838 -005.64868820 51 101
116  42.59410200 -005.64900200  42.59419400 -005.64912400
120 Centreline for Taxi
112  42.59261118 -005.64742395  42.59271506 -005.64727732 51 101
116  42.59260346 -005.64697499  42.59249443 -005.64682232
120 Centreline for Taxi
112  42.59202300 -005.64641950  42.59209100 -005.64634317 51 101
116  42.59199300 -005.64608500  42.59190500 -005.64593833
120 Centreline for Taxi
112  42.59076919 -005.65042769  42.59066173 -005.65028590 51 101
116  42.59076560 -005.64999739  42.59087066 -005.64985232
120 Centreline for Taxi
112  42.58998650 -005.64937200  42.59005617 -005.64946267 51 101
116  42.58984006 -005.64985777  42.58967276 -005.65009095
120 Centreline for Taxi
112  42.58975794 -005.64997223  42.58959065 -005.65020541 51 101
116  42.58964300 -005.65051000  42.58973367 -005.65063533
120 Centreline for Path
112  42.59115375 -005.64426577  42.59110258 -005.64433659 51
116  42.59100053 -005.64426540  42.59094955 -005.64419434
120 Centreline for Taxi
112  42.59165854 -005.65195557  42.59174285 -005.65183986 51 101
116  42.59162544 -005.65156704  42.59151907 -005.65142374
120 Centreline for Path
112  42.59165339 -005.64512037  42.59160180 -005.64505012 51
116  42.59165301 -005.64490911  42.59170435 -005.64483852
120 Centreline for Taxi
112  42.59119900 -005.64849300  42.59126433 -005.64857767 51 101
116  42.59142100 -005.64843750  42.59150367 -005.64831583
120 Centreline for Taxi
112  42.59074929 -005.64905120  42.59089910 -005.64905373 51 101
116  42.59087300 -005.64881400  42.59080567 -005.64865333
120 Centreline for Taxi
112  42.59142100 -005.64843750  42.59150367 -005.64831583 51 101
116  42.59167000 -005.64841550  42.59175333 -005.64852250
120 Centreline for Taxi
112  42.59144700 -005.64813000  42.59151233 -005.64821333 51 101
116  42.59168250 -005.64806950  42.59177417 -005.64794583
120 Centreline for Taxi
112  42.59144700 -005.64813000  42.59151233 -005.64821333 51 101
116  42.59167000 -005.64841550  42.59175333 -005.64852250
120 Centreline for Taxi
112  42.59168250 -005.64806950  42.59159083 -005.64819317 51 101
116  42.59167000 -005.64841550  42.59175333 -005.64852250
120 Centreline for Taxi
112  42.59168250 -005.64806950  42.59177417 -005.64794583 51 101
116  42.59170600 -005.64773400  42.59163000 -005.64763400
120 Centreline for Taxi
112  42.58974000 -005.64904300  42.58983467 -005.64917167 51 101
116  42.58995450 -005.64913750  42.59000283 -005.64907183
120 Centreline for Taxi
112  42.59195083 -005.64835605  42.59184694 -005.64850268 51 101
116  42.59167000 -005.64841550  42.59158667 -005.64830850
120 Centreline for Taxi
112  42.59163740 -005.64879361  42.59174247 -005.64864854 51 101
116  42.59167000 -005.64841550  42.59158667 -005.64830850
120 Taxi hold short
111  42.59335708 -005.64821723 54
115  42.59350892 -005.64801277
120 Taxi hold short
111  42.59135624 -005.65099797 54
115  42.59120576 -005.65120803
120 Taxi hold short
111  42.59431543 -005.64908022 54
115  42.59416457 -005.64928978
120 Taxi hold short
111  42.59499989 -005.65053833 54
115  42.59480811 -005.65040367
120 GA Ramp  5
111  42.59079336 -005.64402995 51
115  42.59083264 -005.64397805
120 GA Ramp  4
111  42.59135000 -005.64393356 51
115  42.59139000 -005.64398444
120 GA Ramp  2
111  42.59182849 -005.64461487 51
115  42.59186751 -005.64466713
120 Apron edge
111  42.58761800 -005.65171300 102
111  42.58827600 -005.65255600 102
111  42.58843900 -005.65233800 102
115  42.58778300 -005.65149400
120 Apron edge
111  42.58778800 -005.65148800 102
115  42.58899400 -005.64984600
120 Apron edge
111  42.58915200 -005.64963000 102
115  42.58958200 -005.64904600
120 Apron edge
111  42.58761500 -005.65171300 102
111  42.58717600 -005.65232500 102
111  42.58781900 -005.65316500 102
111  42.58766800 -005.65338900 102
111  42.58701400 -005.65254100 102
111  42.58606300 -005.65384800 102
115  42.58616600 -005.65399200
120 Apron edge
111  42.58613500 -005.65403400 102
111  42.58591400 -005.65373900 102
115  42.58640300 -005.65306400
120 Apron edge
111  42.59110400 -005.64866700 102
115  42.59096800 -005.64885500
120 Apron edge
111  42.59110400 -005.64866700 102
111  42.59125900 -005.64845500 102
111  42.59130900 -005.64838300 102
111  42.59133100 -005.64834200 102
111  42.59142700 -005.64830200 102
111  42.59149400 -005.64838800 102
111  42.59151500 -005.64847000 102
111  42.59150300 -005.64853300 102
111  42.59147600 -005.64860200 102
111  42.59143400 -005.64867900 102
111  42.59139900 -005.64872500 102
111  42.59068500 -005.64970000 102
111  42.59064000 -005.64974400 102
111  42.59059500 -005.64977200 102
111  42.59054900 -005.64978500 102
111  42.59050400 -005.64977700 102
111  42.59045300 -005.64975200 102
111  42.59038800 -005.64969300 102
111  42.59009200 -005.64929400 102
111  42.59003600 -005.64922900 102
111  42.59029000 -005.64911200 102
111  42.59053900 -005.64905600 102
111  42.59082700 -005.64895900 102
115  42.59096800 -005.64885500
120 Apron edge
111  42.59244200 -005.64726400 102
111  42.59246300 -005.64715700 102
111  42.59244400 -005.64702000 102
111  42.59233600 -005.64682600 102
111  42.59222700 -005.64667600 102
111  42.59212100 -005.64657900 102
111  42.59207200 -005.64656800 102
111  42.59191700 -005.64676900 102
111  42.59191100 -005.64686800 102
111  42.59197800 -005.64715600 102
111  42.59201200 -005.64728400 102
111  42.59197900 -005.64747800 102
111  42.59160600 -005.64798900 102
111  42.59159200 -005.64808400 102
111  42.59168100 -005.64816000 102
111  42.59177700 -005.64816000 102
111  42.59187200 -005.64808000 102
111  42.59236500 -005.64741500 102
111  42.59240800 -005.64734100 102
115  42.59244200 -005.64726400
120 Apron edge
111  42.59407700 -005.64826300 102
111  42.59395200 -005.64831600 102
111  42.59385500 -005.64831100 102
111  42.59375300 -005.64825700 102
111  42.59360700 -005.64810700 102
111  42.59202800 -005.64592800 102
111  42.59251900 -005.64521400 102
115  42.59204300 -005.64458900
120 Apron edge
111  42.59346900 -005.64907300 102
111  42.59349800 -005.64893300 102
111  42.59348200 -005.64876900 102
111  42.59340900 -005.64860100 102
111  42.59329000 -005.64843800 102
115  42.59262600 -005.64754300
120 Apron edge
111  42.59203800 -005.64457400 102
111  42.59107500 -005.64328600 102
115  42.59041100 -005.64418400
120 Apron edge
111  42.59200500 -005.65108300 102
111  42.59193000 -005.65117900 102
111  42.59185200 -005.65124500 102
111  42.59181000 -005.65129000 102
111  42.59175200 -005.65132100 102
111  42.59168300 -005.65133800 102
111  42.59161500 -005.65132100 102
111  42.59151600 -005.65121200 102
111  42.59082800 -005.65027900 102
111  42.59078800 -005.65016100 102
111  42.59079000 -005.65003400 102
111  42.59085000 -005.64990100 102
111  42.59163200 -005.64883600 102
111  42.59254700 -005.64759100 102
115  42.59262600 -005.64754300
120 Apron edge
111  42.59130900 -005.65204300 102
111  42.59140200 -005.65189000 102
111  42.59142900 -005.65180600 102
111  42.59145300 -005.65172200 102
111  42.59145800 -005.65163500 102
111  42.59143000 -005.65152700 102
111  42.59138200 -005.65145200 102
111  42.59051000 -005.65028200 102
111  42.59028300 -005.64997900 102
111  42.59020400 -005.64992100 102
111  42.59011600 -005.64992400 102
111  42.59002800 -005.64997300 102
111  42.58994000 -005.65006300 102
111  42.58987800 -005.65015300 102
111  42.58975400 -005.65033900 102
111  42.58972500 -005.65040400 102
111  42.58980600 -005.65051600 102
111  42.58964300 -005.65072900 102
115  42.58899400 -005.64984600
120 Apron edge
111  42.58958200 -005.64904600 102
111  42.58981800 -005.64935900 102
111  42.58987900 -005.64944600 102
111  42.58982300 -005.64952700 102
111  42.58976900 -005.64960300 102
111  42.58970500 -005.64969700 102
111  42.58963300 -005.64979300 102
111  42.58955200 -005.64987100 102
111  42.58946500 -005.64990800 102
111  42.58937600 -005.64989600 102
111  42.58929000 -005.64982000 102
115  42.58915200 -005.64963000
120 Apron edge
111  42.58974100 -005.64883000 102
111  42.58992600 -005.64857800 102
111  42.59006200 -005.64850300 102
111  42.59014100 -005.64846800 102
111  42.59022200 -005.64840100 102
111  42.59030600 -005.64830300 102
111  42.59062900 -005.64872100 102
111  42.59012200 -005.64886000 102
111  42.58998900 -005.64891300 102
111  42.58992000 -005.64897800 102
111  42.58988400 -005.64902500 102
115  42.58974100 -005.64883000
21  42.58293779 -005.66476580 2 45.2700 3.0 05 PAPI4
21  42.59873821 -005.64133420 2 225.2700 3.5 23 PAPI4
20  42.59357900 -005.64791700 316.0000 0 5 {@Y}A{@R}5-23
20  42.59431500 -005.64899800 124.0000 0 5 {@R}23-5
20  42.59506600 -005.65064500 295.0000 0 5 {@R}6-24
20  42.59121200 -005.65123000 315.0000 0 5 {@Y}B{@R}5-23
20  42.59383800 -005.64817800 313.0000 0 4 {@Y}{^l}5
20  42.59432200 -005.64766900 314.0000 0 4 {@Y}23{^r}
20  42.59142000 -005.65153300 314.0000 0 4 {@Y}{^l}5
20  42.59161700 -005.65126200 315.0000 0 4 {@Y}23{^r}
20  42.59338700 -005.64874100 44.0000 0 4 {@Y}A{^r}
20  42.59470800 -005.64719500 224.0000 0 4 {@Y}{^l}A
20  42.59207800 -005.65092800 223.0000 0 4 {@Y}{^l}B
20  42.59112200 -005.65219500 44.0000 0 4 {@Y}B{^r}
20  42.59259400 -005.64654600 312.0000 0 4 {@Y}{^l}C
20  42.59315000 -005.64730400 139.0000 0 4 {@Y}C{^r}
20  42.59039100 -005.64964800 314.0000 0 4 {@Y}C{^r}
20  42.59268400 -005.64683000 47.0000 0 5 {@Y}CIVIL_APRON_{^r}
20  42.59338100 -005.64657900 198.0000 0 5 {@Y}CIVIL_APRON_{^u}
20  42.59098500 -005.64996400 227.0000 0 4 {@Y}B{^r}
20  42.59088400 -005.65035400 134.0000 0 4 {@Y}{^l}C
20  42.58983300 -005.65028300 316.0000 0 5 {@Y}{^l}MILITARY_APR0N
14  42.58845200 -005.64990300   6.00 0 Leon Tower
1300  42.59148300 -005.64743800 315.55 gate heavy|jets|turboprops|props 1
1300  42.59121700 -005.64783200 316.47 gate heavy|jets|turboprops|props 3
1300  42.59096800 -005.64820200 316.73 gate jets|turboprops|props 4
1300  42.59211000 -005.64499100 227.32 misc props|helos GA Ramp  1
1300  42.59184800 -005.64464100 228.90 misc props|helos GA Ramp  2
1300  42.59070500 -005.64847200 303.94 misc props|helos GA Ramp  2
1300  42.59158000 -005.64427200  45.97 misc props|helos GA Ramp  3
1300  42.59137000 -005.64395900 226.61 misc turboprops|props GA Ramp  4
1300  42.59081300 -005.64400400 317.22 misc props|helos GA Ramp  5
54 12210 TWR
1000 Default Flow
1001 LELN 000 359 999
1002 LELN 0
1003 LELN 0
1004 0000 2400
1101 05 left
1100 05  12209 arrivals|departures heavy|jets|turboprops|props 000359 000359 Runway 05
1100 23  12209 arrivals|departures heavy|jets|turboprops|props 000359 000359 Runway 23
1100 06  12209 arrivals|departures heavy|jets|turboprops|props 000359 000359 Runway 06
1100 24  12209 arrivals|departures heavy|jets|turboprops|props 000359 000359 Runway 24
1200 
1201  42.58223200 -005.66485900 both 1034 
1201  42.59028700 -005.66124800 both 1035 
1201  42.58964300 -005.65051000 both 1036 
1201  42.59178500 -005.65178200 both 1037 
1201  42.59300600 -005.64724500 both 1038 
1201  42.59380000 -005.64613100 both 1039 
1201  42.59122100 -005.65076900 both 1040 
1201  42.59321400 -005.64803300 both 1041 
1201  42.59327400 -005.64782400 both 1042 
1201  42.59349400 -005.64751600 both 1043 
1201  42.59349300 -005.64751800 both 1044 
1201  42.59952100 -005.63926000 both 1045 
1201  42.60105300 -005.64123900 both 1046 
1201  42.59492100 -005.64966400 both 1047 
1201  42.59492100 -005.64966200 both 1048 
1201  42.59458400 -005.65009700 both 1049 
1201  42.59408000 -005.65074100 both 1050 
1201  42.59388700 -005.65074300 both 1051 
1201  42.59380000 -005.65076700 both 1052 
1201  42.58229400 -005.66654200 both 1053 
1201  42.58164300 -005.66743100 both 1054 
1201  42.58146000 -005.66718100 both 1055 
1201  42.58048700 -005.66588800 both 1056 
1201  42.58030300 -005.66564900 both 1057 
1201  42.58092300 -005.66481600 both 1058 
1201  42.59207500 -005.65193300 both 1059 
1201  42.59316300 -005.65326500 both 1060 
1201  42.59264100 -005.65238200 both 1061 
1201  42.58776000 -005.65329800 both 1062 
1201  42.58805600 -005.65313800 both 1063 
1201  42.58841600 -005.65279500 both 1064 
1201  42.58903500 -005.65200400 both 1065 
1201  42.58931700 -005.65165500 both 1066 
1201  42.58963200 -005.65127300 both 1067 
1201  42.59012300 -005.65062000 both 1068 
1201  42.59025800 -005.65045600 both 1069 
1201  42.59043900 -005.65023000 both 1070 
1201  42.59157600 -005.64501500 both 1071 
1201  42.59125400 -005.64412700 both 1072 
1201  42.60105400 -005.64092200 both 1073 
1201  42.59979700 -005.63922600 both 1074 
1201  42.60113600 -005.64108400 both 1075 
1201  42.59965400 -005.63916200 both 1076 
1201  42.60038000 -005.64001600 both 1077 
1201  42.59983700 -005.64075500 both 1078 
1201  42.59000000 -005.64483600 both 1079 
1201  42.58836900 -005.64259000 both 1080 
1201  42.59042600 -005.64424800 both 1081 
1201  42.59000000 -005.64483600 both 1082 
1201  42.58591300 -005.65364100 both 1083 
1201  42.58348900 -005.65042400 both 1084 
1201  42.58534600 -005.65288800 both 1085 
1201  42.59498500 -005.64740400 both 1086 
1201  42.59102000 -005.65283200 both 1087 
1201  42.59128100 -005.65110300 both 1088 05/23 hold short
1201  42.58092100 -005.66481900 both 1089 
1201  42.59104300 -005.65101900 both 1090 
1201  42.58229800 -005.66652800 both 1091 
1201  42.59245700 -005.65265400 both 1092 
1201  42.58799500 -005.65120800 both 1093 
1201  42.59008200 -005.65064500 both 1094 
1201  42.59227400 -005.64486600 both 1095 
1201  42.59329900 -005.64451400 both 1096 
1201  42.59330100 -005.64451800 both 1097 
1201  42.59371600 -005.64460900 both 1098 
1201  42.59372800 -005.64462600 both 1099 
1201  42.59424500 -005.64513400 both 1100 
1201  42.59464700 -005.64526900 both 1101 
1201  42.59484400 -005.64523700 both 1102 
1201  42.59553300 -005.64436800 both 1103 
1201  42.59579100 -005.64445500 both 1104 
1201  42.59399100 -005.64440100 both 1105 
1201  42.59042400 -005.63979500 both 1106 
1201  42.59006900 -005.63981200 both 1107 
1201  42.58823700 -005.64229400 both 1108 
1201  42.59505800 -005.65006700 both 1109 
1201  42.59424000 -005.64918500 both 1110 05/23 hold short
1201  42.58099500 -005.66655100 both 1111 
1201  42.58223200 -005.66485900 both 1112 
1201  42.58310800 -005.65094900 both 1113 
1201  42.58348800 -005.65042600 both 1114 
1201  42.59490400 -005.65047100 both 1115 06/24 hold short
1201  42.59209400 -005.64748100 both 1116 
1201  42.59002700 -005.64903900 both 1117 
1201  42.59119900 -005.64849300 both 1118 
1201  42.59129700 -005.64862000 both 1119 
1201  42.59087300 -005.64881400 both 1120 
1201  42.59097400 -005.64905500 both 1121 
1201  42.59144700 -005.64813000 both 1122 
1201  42.59154500 -005.64825500 both 1123 
1201  42.59170600 -005.64773400 both 1124 
1201  42.59182000 -005.64788400 both 1125 
1201  42.59192100 -005.64653400 both 1126 
1201  42.59199300 -005.64608500 both 1127 
1201  42.58988200 -005.64923600 both 1128 
1201  42.59179500 -005.64857600 both 1129 
1201  42.59235000 -005.64476100 both 1130 
1201  42.58805600 -005.65129100 both 1131 
1201  42.58780900 -005.65336000 both 1132 
1201  42.59190300 -005.64709500 both 1133 
1201  42.59186400 -005.64681100 both 1134 
1201  42.59081300 -005.64400400 both 1135 GA Ramp  5
1201  42.59158000 -005.64427200 both 1136 GA Ramp  3
1201  42.59137000 -005.64395900 both 1137 GA Ramp  4
1201  42.59211000 -005.64499100 both 1138 GA Ramp  1
1201  42.59184800 -005.64464100 both 1139 GA Ramp  2
1201  42.59276700 -005.64720400 both 1023 
1201  42.59212500 -005.64630500 both 1024 
1201  42.59060800 -005.65021500 both 1025 
1201  42.59009100 -005.64950800 both 1026 
1201  42.58974000 -005.64904300 both 1027 
1201  42.58914500 -005.64983600 both 1028 
1201  42.58950700 -005.65032200 both 1029 
1201  42.59107700 -005.64437200 both 1030 
1201  42.59129500 -005.64466200 both 1031 
1201  42.59183600 -005.64536900 both 1032 
1201  42.59983700 -005.64075700 both 1033 
1201  42.59492200 -005.64966600 both 1019 
1201  42.59466100 -005.65109800 both 1018 
1201  42.59396400 -005.64881900 both 1021 
1201  42.59454700 -005.64947300 both 1020 
1201  42.59343300 -005.64811500 both 1022 05/23 hold short
1202 1075 1073 twoway taxiway 
1202 1045 1076 twoway taxiway 
1202 1076 1074 twoway taxiway 
1202 1073 1077 twoway taxiway 
1202 1077 1074 twoway taxiway 
1202 1077 1078 twoway taxiway 
1202 1023 1024 twoway taxiway 
1202 1081 1082 twoway taxiway 
1202 1083 1085 twoway taxiway 
1202 1085 1084 twoway taxiway 
1202 1021 1022 twoway taxiway 
1204 departure 05,23
1204 arrival 05,23
1202 1088 1025 twoway taxiway 
1202 1088 1037 twoway taxiway 
1204 departure 05,23
1204 arrival 05,23
1202 1089 1090 twoway taxiway 
1202 1091 1092 twoway taxiway 
1202 1093 1131 twoway taxiway 
1202 1095 1130 twoway taxiway 
1202 1097 1098 twoway taxiway 
1202 1099 1100 twoway taxiway 
1202 1100 1101 twoway taxiway 
1202 1101 1102 twoway taxiway 
1202 1102 1103 twoway taxiway 
1202 1104 1045 twoway taxiway 
1202 1103 1104 twoway taxiway 
1202 1100 1105 twoway taxiway 
1202 1105 1106 twoway taxiway 
1202 1106 1107 twoway taxiway 
1202 1107 1108 twoway taxiway 
1202 1108 1080 twoway taxiway 
1202 1080 1079 twoway taxiway 
1202 1109 1019 twoway taxiway 
1202 1110 1021 twoway taxiway 
1204 departure 05,23
1204 arrival 05,23
1202 1111 1112 twoway taxiway 
1202 1113 1114 twoway taxiway 
1202 1115 1109 twoway taxiway 
1202 1116 1125 twoway taxiway 
1202 1119 1121 twoway taxiway 
1202 1118 1119 twoway taxiway 
1202 1121 1117 twoway taxiway 
1202 1120 1121 twoway taxiway 
1202 1123 1119 twoway taxiway 
1202 1122 1123 twoway taxiway 
1202 1125 1123 twoway taxiway 
1202 1124 1125 twoway taxiway 
1202 1024 1126 twoway taxiway 
1202 1024 1127 twoway taxiway 
1202 1128 1027 twoway taxiway 
1202 1128 1117 twoway taxiway 
1202 1129 1025 twoway taxiway 
1202 1130 1096 twoway taxiway 
1202 1131 1094 twoway taxiway 
1202 1132 1063 twoway taxiway 
1202 1116 1133 twoway taxiway 
1202 1133 1134 twoway taxiway 
1202 1134 1126 twoway taxiway 
1202 1129 1123 twoway taxiway 
1202 1030 1031 twoway taxiway 
1202 1031 1136 twoway taxiway 
1202 1032 1138 twoway taxiway 
1202 1031 1071 twoway taxiway 
1202 1071 1032 twoway taxiway 
1202 1071 1139 twoway taxiway 
1202 1030 1072 twoway taxiway 
1202 1072 1137 twoway taxiway 
1202 1030 1135 twoway taxiway 
1202 1018 1035 twoway runway 06/24
1204 departure 06,24
1204 arrival 06,24
1202 1021 1037 twoway runway 05/23
1204 departure 05,23
1204 arrival 05,23
1202 1086 1033 twoway runway 05/23
1204 departure 05,23
1204 arrival 05,23
1202 1086 1021 twoway runway 05/23
1204 departure 05,23
1204 arrival 05,23
1202 1087 1037 twoway runway 05/23
1204 departure 05,23
1204 arrival 05,23
1202 1087 1034 twoway runway 05/23
1204 departure 05,23
1204 arrival 05,23
1202 1018 1115 twoway taxiway 
1204 departure 06,24
1204 arrival 06,24
1202 1019 1020 twoway taxiway 
1202 1022 1023 twoway taxiway 
1202 1023 1129 twoway taxiway 
1202 1025 1026 twoway taxiway 
1202 1026 1128 twoway taxiway 
1202 1028 1029 twoway taxiway 
1202 1029 1026 twoway taxiway 
1202 1029 1036 twoway taxiway 
1202 1020 1110 twoway taxiway 
1202 1038 1039 twoway taxiway 
1202 1040 1041 twoway taxiway 
1202 1042 1043 twoway taxiway 
1202 1044 1104 twoway taxiway 
1202 1046 1047 twoway taxiway 
1202 1048 1049 twoway taxiway 
1202 1049 1050 twoway taxiway 
1202 1050 1051 twoway taxiway 
1202 1051 1052 twoway taxiway 
1202 1053 1054 twoway taxiway 
1202 1054 1055 twoway taxiway 
1202 1055 1056 twoway taxiway 
1202 1056 1057 twoway taxiway 
1202 1057 1058 twoway taxiway 
1202 1059 1060 twoway taxiway 
1202 1052 1061 twoway taxiway 
1202 1062 1132 twoway taxiway 
1202 1063 1064 twoway taxiway 
1202 1064 1065 twoway taxiway 
1202 1065 1066 twoway taxiway 
1202 1066 1067 twoway taxiway 
1202 1067 1068 twoway taxiway 
1202 1068 1069 twoway taxiway 
1202 1069 1070 twoway taxiway 
1202 1046 1075 twoway taxiway 
99
