I
1000 Generated by WorldEditor

1     85 1 0 LERT CADIZ ROTA
100 39.65 1 0 0.00 0 0 0 10  36.63991770 -006.33181914    0    0 3 0 0 0 28  36.63917946 -006.32564683    0    0 3 0 0 0
100 62.58 1 1 0.00 1 2 1 09  36.64719499 -006.36996447    0   46 2 9 0 0 27  36.64321010 -006.32899844    0   47 2 9 0 0
110 2 0.00 275.0000 New Taxiway 10
112  36.64246570 -006.33661541  36.64244307 -006.33649204
111  36.64229480 -006.33647869
111  36.64033524 -006.33683243
111  36.64027710 -006.33638067
111  36.64039351 -006.33637467
111  36.64111829 -006.33623250
112  36.64107338 -006.33637102  36.64109125 -006.33646148
111  36.64114574 -006.33645312
112  36.64161457 -006.33636592  36.64166519 -006.33635975
112  36.64173040 -006.33624563  36.64172837 -006.33614760
111  36.64164016 -006.33613095
111  36.64209717 -006.33606107
112  36.64213331 -006.33617475  36.64217200 -006.33621484
112  36.64228112 -006.33623576  36.64239092 -006.33621652
113  36.64241634 -006.33602900
110 1 0.00 275.0000 New Taxiway 25
112  36.64440808 -006.35810204  36.64437945 -006.35801365
111  36.64427717 -006.35799067
111  36.64395086 -006.35804832
111  36.64387054 -006.35717550
111  36.64398289 -006.35715907
112  36.64416155 -006.35741747  36.64431219 -006.35740260
111  36.64433158 -006.35718454
111  36.64480439 -006.35712308
112  36.64484147 -006.35723938  36.64488482 -006.35731851
111  36.64502710 -006.35727714
111  36.64522289 -006.35725364
112  36.64541491 -006.35721139  36.64548639 -006.35717906
111  36.64545578 -006.35705845
111  36.64568784 -006.35702411
111  36.64576741 -006.35799068
111  36.64555515 -006.35801507
112  36.64551487 -006.35786471  36.64547749 -006.35779571
111  36.64531877 -006.35783806
112  36.64506555 -006.35788082  36.64489631 -006.35790293
111  36.64488868 -006.35808355
111  36.64490933 -006.35829282
113  36.64443999 -006.35839126
110 2 0.00 275.0000 New Taxiway 3
111  36.64122115 -006.35915228
111  36.64135280 -006.35913296
111  36.64176315 -006.35909823
111  36.64175265 -006.35896686
111  36.64150710 -006.35900858
111  36.64145809 -006.35863591
111  36.64163754 -006.35861964
111  36.64152243 -006.35753985
111  36.64129221 -006.35757005
111  36.64128009 -006.35741150
111  36.64155272 -006.35736619
111  36.64148713 -006.35666664
111  36.64129827 -006.35669422
111  36.64111652 -006.35513131
111  36.64160119 -006.35505581
111  36.64143450 -006.35335272
112  36.64205621 -006.35324722  36.64236798 -006.35318254
111  36.64227041 -006.35272684
111  36.64182535 -006.34823038
111  36.64075301 -006.34838138
111  36.64051795 -006.34625224
111  36.64026555 -006.34358999
112  36.64017451 -006.34271333  36.64014971 -006.34235238
111  36.63997070 -006.34242326
111  36.63868897 -006.34260504
111  36.63865154 -006.34215063
111  36.63852327 -006.34086143
111  36.63826086 -006.33818772
111  36.64075832 -006.33781140
111  36.64168073 -006.33768331
112  36.64227948 -006.33759365  36.64253092 -006.33753459
111  36.64252800 -006.33722541
111  36.64256548 -006.33766368
112  36.64261341 -006.33816363  36.64257893 -006.33796720
111  36.64241043 -006.33786584
111  36.64226697 -006.33785920
112  36.64166867 -006.33799371  36.64152984 -006.33806694
111  36.64153467 -006.33833671
111  36.64167149 -006.33974233
111  36.64179896 -006.34095894
111  36.64189223 -006.34197796
112  36.64198861 -006.34301247  36.64198550 -006.34302409
112  36.64206350 -006.34377753  36.64210759 -006.34413681
111  36.64237101 -006.34409736
112  36.64248293 -006.34408573  36.64248604 -006.34408573
112  36.64295238 -006.34400824  36.64314513 -006.34393662
111  36.64314904 -006.34366240
112  36.64318946 -006.34408523  36.64318946 -006.34410460
112  36.64321383 -006.34450982  36.64315060 -006.34423172
111  36.64293323 -006.34429546
112  36.64240210 -006.34436083  36.64216271 -006.34439957
111  36.64216271 -006.34473666
111  36.64221861 -006.34534260
112  36.64233147 -006.34656156  36.64233489 -006.34657008
112  36.64243765 -006.34756927  36.64248093 -006.34792480
111  36.64275211 -006.34791690
111  36.64296756 -006.34787854
111  36.64303937 -006.34854769
111  36.64322079 -006.35044162
111  36.64333348 -006.35156099
111  36.64346343 -006.35289502
112  36.64356603 -006.35386252  36.64357287 -006.35392219
112  36.64386903 -006.35410120  36.64405028 -006.35408415
111  36.64413714 -006.35374745
112  36.64422948 -006.35471495  36.64420418 -006.35455663
112  36.64384283 -006.35438707  36.64358993 -006.35449044
111  36.64365580 -006.35482912
111  36.64375839 -006.35591596
111  36.64394306 -006.35786799
111  36.64333760 -006.35796756
111  36.64333945 -006.35804719
111  36.64327744 -006.35805861
111  36.64327977 -006.35814465
111  36.64321385 -006.35815083
111  36.64322148 -006.35824305
111  36.64315774 -006.35824832
111  36.64338230 -006.36061719
111  36.64297665 -006.36068053
111  36.64301478 -006.36107763
113  36.64142987 -006.36133831
110 2 275.00 275.0000 New Taxiway 31
111  36.64640298 -006.36452284
112  36.64611634 -006.36428719  36.64595703 -006.36430988
111  36.64560396 -006.36437520
112  36.64546088 -006.36449142  36.64544723 -006.36455949
111  36.64537194 -006.36360629
112  36.64559869 -006.36366884  36.64569464 -006.36366100
111  36.64611622 -006.36358053
114  36.64626409 -006.36330868  36.64627086 -006.36318052
110 2 0.00 275.0000 New Taxiway 28
111  36.64303983 -006.33006712
112  36.64295068 -006.32988279  36.64290146 -006.32978413
111  36.64273801 -006.32978436
111  36.64246490 -006.32981840
112  36.64218269 -006.32988647  36.64203248 -006.32994320
111  36.64205683 -006.33021806
111  36.64182943 -006.33024186
112  36.64179123 -006.32984109  36.64179578 -006.32972763
112  36.64188522 -006.32937195  36.64198677 -006.32918393
111  36.64221910 -006.32915469
111  36.64240573 -006.32912065
111  36.64294777 -006.32902463
113  36.64300539 -006.32963911
110 1 0.00 275.0000 New Taxiway 27
111  36.64336181 -006.34734649
111  36.64315857 -006.34519078
111  36.64300199 -006.34349454
111  36.64285968 -006.34208198
111  36.64272973 -006.34069681
111  36.64253480 -006.33885561
111  36.64238294 -006.33707204
111  36.64226276 -006.33592643
111  36.64203892 -006.33363462
111  36.64187819 -006.33199800
111  36.64178243 -006.33101347
112  36.64167642 -006.32998633  36.64161984 -006.32952680
112  36.64179922 -006.32921064  36.64188223 -006.32905720
111  36.64220991 -006.32898901
111  36.64293834 -006.32886967
111  36.64303845 -006.33009933
111  36.64284030 -006.33012090
112  36.64282082 -006.32999601  36.64279844 -006.32989281
111  36.64260349 -006.32994087
112  36.64234329 -006.32998568  36.64217654 -006.33002622
111  36.64217572 -006.33019516
111  36.64220924 -006.33049393
111  36.64243629 -006.33270998
111  36.64263375 -006.33484219
112  36.64273013 -006.33574497  36.64273013 -006.33576046
112  36.64283583 -006.33686473  36.64287003 -006.33712820
111  36.64306278 -006.33710495
111  36.64351358 -006.33700809
111  36.64350114 -006.33687248
111  36.64370012 -006.33683761
111  36.64383069 -006.33823247
111  36.64365659 -006.33826346
112  36.64363483 -006.33816272  36.64362239 -006.33796512
111  36.64343586 -006.33806198
111  36.64324932 -006.33808523
112  36.64307833 -006.33812398  36.64294775 -006.33816272
111  36.64298135 -006.33835992
111  36.64311153 -006.33972648
111  36.64333687 -006.34204623
112  36.64347078 -006.34352823  36.64350583 -006.34379655
111  36.64371236 -006.34373531
111  36.64399763 -006.34367915
111  36.64414797 -006.34365772
111  36.64413025 -006.34339448
111  36.64432822 -006.34334571
111  36.64443337 -006.34440653
111  36.64423013 -006.34444397
111  36.64421306 -006.34427548
112  36.64368977 -006.34433501  36.64355985 -006.34435291
111  36.64358218 -006.34453757
111  36.64366118 -006.34541842
113  36.64384856 -006.34728574
110 2 275.00 275.0000 New Taxiway 23
111  36.64490503 -006.36250368
112  36.64474826 -006.36242863  36.64470517 -006.36243125
111  36.64461426 -006.36245002
112  36.64437785 -006.36253308  36.64425324 -006.36244808
112  36.64429841 -006.36226475  36.64430842 -006.36222107
112  36.64444628 -006.36212663  36.64453710 -006.36211388
111  36.64459515 -006.36219070
111  36.64474191 -006.36216018
114  36.64486687 -006.36205466  36.64486687 -006.36204842
110 1 0.00 275.0000 New Taxiway 14
111  36.64194620 -006.33117446
111  36.64200685 -006.33194201
112  36.64175187 -006.33170748  36.64157808 -006.33170748
112  36.64144743 -006.33179673  36.64143502 -006.33181221
111  36.64091476 -006.33186575
111  36.64012179 -006.33201892
111  36.64005636 -006.33156461
112  36.64036215 -006.33173505  36.64049870 -006.33169896
112  36.64151312 -006.33152280  36.64152139 -006.33152280
111  36.64172892 -006.33147600
114  36.64187870 -006.33133791  36.64192679 -006.33126483
110 2 0.00 275.0000 New Taxiway 11
111  36.63998065 -006.33203944
112  36.63979858 -006.33242621  36.63979858 -006.33268405
112  36.63992272 -006.33352462  36.63992272 -006.33353493
111  36.64021651 -006.33598959
112  36.64027710 -006.33638067  36.64028864 -006.33642556
111  36.64033524 -006.33683243
111  36.63994848 -006.33689787
111  36.63996069 -006.33703843
111  36.63940133 -006.33716020
111  36.63938064 -006.33708285
111  36.63928800 -006.33618780
111  36.63912408 -006.33478289
111  36.63896270 -006.33355040
113  36.63883028 -006.33224056
110 2 0.00 275.0000 New Taxiway 12
111  36.64209717 -006.33606107
111  36.64039351 -006.33637467
112  36.64064180 -006.33604151  36.64061565 -006.33582589
111  36.64057552 -006.33545645
111  36.64047147 -006.33442701
111  36.64042789 -006.33391997
111  36.64104967 -006.33382486
112  36.64125034 -006.33347263  36.64123772 -006.33320383
111  36.64121826 -006.33318330
112  36.64114313 -006.33307697  36.64112931 -006.33304779
111  36.64109264 -006.33264278
112  36.64115425 -006.33242299  36.64114351 -006.33225651
111  36.64111863 -006.33213204
112  36.64105716 -006.33197938  36.64099309 -006.33190260
111  36.64091476 -006.33186575
111  36.64144743 -006.33179673
112  36.64134078 -006.33206234  36.64134078 -006.33223845
111  36.64137187 -006.33248640
111  36.64141220 -006.33254440
111  36.64146118 -006.33258502
112  36.64150188 -006.33301122  36.64150188 -006.33301474
112  36.64145384 -006.33321903  36.64144818 -006.33332822
111  36.64147927 -006.33351748
112  36.64165829 -006.33371122  36.64175627 -006.33372717
113  36.64186452 -006.33369224
110 2 0.00 275.0000 New Taxiway 9
111  36.63907709 -006.32790808
111  36.63865832 -006.32800451
111  36.63866287 -006.32817468
111  36.63850356 -006.32824843
111  36.63839887 -006.32813498
111  36.63816218 -006.32821439
111  36.63815307 -006.32787404
111  36.63799376 -006.32790808
111  36.63779348 -006.32635382
111  36.63778893 -006.32603049
111  36.63803472 -006.32595675
111  36.63805293 -006.32607019
113  36.63884950 -006.32592838
110 1 0.00 275.0000 New Taxiway 13
112  36.63934661 -006.32840210  36.63933462 -006.32838339
112  36.63922960 -006.32824009  36.63915463 -006.32817788
112  36.63891589 -006.32818630  36.63878871 -006.32822526
111  36.63872539 -006.32843074
112  36.63878982 -006.32900440  36.63881781 -006.32913671
112  36.63894244 -006.32924039  36.63899290 -006.32925692
112  36.63918551 -006.32924039  36.63936356 -006.32920516
111  36.63939975 -006.32892049
112  36.63949357 -006.32971940  36.63948314 -006.32966261
112  36.63936639 -006.32951512  36.63932855 -006.32948586
112  36.63908650 -006.32948785  36.63888141 -006.32953221
111  36.63889440 -006.32986381
112  36.63894650 -006.33032884  36.63895215 -006.33036406
112  36.63905550 -006.33052247  36.63911935 -006.33058749
112  36.63935226 -006.33057178  36.63951198 -006.33052145
111  36.63955010 -006.33022660
111  36.63964902 -006.33102262
112  36.63950153 -006.33084767  36.63937624 -006.33075554
112  36.63917454 -006.33085935  36.63910737 -006.33090236
111  36.63904984 -006.33106137
111  36.63909283 -006.33157324
112  36.63939627 -006.33189998  36.63971923 -006.33189206
111  36.63971056 -006.33149960
111  36.63975038 -006.33183674
111  36.64009558 -006.33177637
111  36.64012179 -006.33201892
111  36.63889768 -006.33223463
111  36.63880649 -006.33129468
111  36.63865699 -006.33006810
111  36.63839887 -006.32813498
111  36.63866287 -006.32817468
111  36.63865832 -006.32800451
111  36.63907709 -006.32790808
111  36.63883187 -006.32586657
113  36.63903161 -006.32582281
110 2 0.00 275.0000 New Taxiway 8
111  36.64670919 -006.33845201
112  36.64655374 -006.33759956  36.64649157 -006.33730895
111  36.64627394 -006.33733608
111  36.64538789 -006.33739807
112  36.64469279 -006.33754819  36.64439860 -006.33766612
111  36.64438737 -006.33818971
112  36.64424380 -006.33668900  36.64425082 -006.33670906
112  36.64441514 -006.33702978  36.64451497 -006.33716184
111  36.64467905 -006.33720821
111  36.64492115 -006.33719171
112  36.64561174 -006.33708034  36.64561484 -006.33707647
112  36.64620775 -006.33694354  36.64649834 -006.33686160
111  36.64646940 -006.33648081
111  36.64642826 -006.33572768
111  36.64774306 -006.33552372
113  36.64801806 -006.33825055
110 1 0.00 275.0000 New Taxiway 6
111  36.64658270 -006.33862821
112  36.64644462 -006.33772932  36.64639147 -006.33744434
111  36.64626815 -006.33749525
112  36.64485047 -006.33764626  36.64443849 -006.33775197
111  36.64451120 -006.33819746
111  36.64437293 -006.33821719
111  36.64421531 -006.33662031
111  36.64435982 -006.33660863
112  36.64445813 -006.33688168  36.64452895 -006.33697058
111  36.64461419 -006.33701956
112  36.64518042 -006.33699283  36.64518647 -006.33699283
112  36.64615304 -006.33677793  36.64634876 -006.33672873
111  36.64634691 -006.33651366
111  36.64629991 -006.33558871
111  36.64784883 -006.33535477
113  36.64814969 -006.33838344
110 1 0.00 275.0000 New Taxiway 26
111  36.64433158 -006.35718454
111  36.64407209 -006.35469218
112  36.64391103 -006.35453239  36.64379010 -006.35456381
112  36.64377168 -006.35473586  36.64377076 -006.35476160
111  36.64364704 -006.35488662
111  36.64352133 -006.35366256
111  36.64367654 -006.35377488
112  36.64387682 -006.35392464  36.64400669 -006.35387037
112  36.64398553 -006.35372840  36.64398068 -006.35367583
111  36.64391279 -006.35290580
111  36.64377668 -006.35160332
112  36.64366895 -006.35124457  36.64358050 -006.35122010
112  36.64346511 -006.35134505  36.64339989 -006.35145638
111  36.64331567 -006.35160204
111  36.64318683 -006.35031232
111  36.64312829 -006.34966130
111  36.64302180 -006.34850887
111  36.64295450 -006.34775020
111  36.64325818 -006.34769111
112  36.64337432 -006.34755966  36.64338057 -006.34747436
111  36.64336181 -006.34734649
111  36.64384856 -006.34728574
111  36.64414660 -006.35033666
112  36.64425138 -006.35051163  36.64432295 -006.35054840
111  36.64467045 -006.35047615
112  36.64488893 -006.35033002  36.64488442 -006.35024129
111  36.64487983 -006.35023358
111  36.64501183 -006.35020522
111  36.64510262 -006.35130008
111  36.64494402 -006.35130798
112  36.64483128 -006.35106485  36.64475845 -006.35105917
111  36.64443830 -006.35111288
112  36.64423491 -006.35134283  36.64426034 -006.35159092
111  36.64427899 -006.35178227
111  36.64448837 -006.35386989
111  36.64468410 -006.35586107
113  36.64480439 -006.35712308
110 1 0.00 275.0000 New Taxiway 5
111  36.64238294 -006.33707204
111  36.64251509 -006.33705147
111  36.64263122 -006.33830973
111  36.64249580 -006.33832379
112  36.64239799 -006.33805656  36.64230577 -006.33803070
112  36.64220614 -006.33804719  36.64219485 -006.33805188
111  36.64181115 -006.33808938
112  36.64167948 -006.33836130  36.64170842 -006.33860978
111  36.64173118 -006.33885144
111  36.64191059 -006.34070277
111  36.64207447 -006.34251976
111  36.64221742 -006.34379965
112  36.64248075 -006.34392154  36.64270646 -006.34382778
111  36.64290960 -006.34383247
112  36.64301869 -006.34362150  36.64297355 -006.34349960
111  36.64300364 -006.34349492
111  36.64313155 -006.34348085
111  36.64325945 -006.34472324
111  36.64312026 -006.34473261
112  36.64302245 -006.34447007  36.64299236 -006.34446538
112  36.64286069 -006.34446069  36.64284189 -006.34447007
111  36.64246194 -006.34452164
112  36.64230018 -006.34479825  36.64236413 -006.34502797
111  36.64238294 -006.34551086
111  36.64253342 -006.34718456
111  36.64258608 -006.34766276
112  36.64273279 -006.34777562  36.64286826 -006.34779754
111  36.64295450 -006.34775020
111  36.64300676 -006.34822918
111  36.64168701 -006.34843633
111  36.64076912 -006.34856291
111  36.64059232 -006.34858350
111  36.64036943 -006.34621295
111  36.64028009 -006.34528587
111  36.64019356 -006.34427793
111  36.64005438 -006.34290432
111  36.64003181 -006.34271210
112  36.63990014 -006.34259959  36.63975098 -006.34263485
111  36.63924559 -006.34269804
111  36.63859103 -006.34283400
111  36.63854965 -006.34242614
111  36.63842927 -006.34133852
111  36.63836156 -006.34062125
111  36.63810952 -006.33803815
111  36.64214595 -006.33747086
114  36.64236565 -006.33733821  36.64241819 -006.33718915
110 2 0.00 275.0000 New Taxiway 2
112  36.64616231 -006.35660451  36.64616627 -006.35661590
112  36.64622195 -006.35679588  36.64622992 -006.35681378
112  36.64642571 -006.35709653  36.64655127 -006.35720629
111  36.64678831 -006.35718362
111  36.64690796 -006.35716374
112  36.64769927 -006.35705238  36.64771044 -006.35705039
112  36.64836454 -006.35689728  36.64869159 -006.35682371
111  36.64864374 -006.35644061
111  36.64971104 -006.35628881
111  36.64981632 -006.35730824
111  36.64874397 -006.35747078
112  36.64865631 -006.35733188  36.64857476 -006.35725537
111  36.64847622 -006.35724925
111  36.64827680 -006.35726715
111  36.64766896 -006.35730493
112  36.64682660 -006.35743617  36.64682340 -006.35743617
112  36.64650943 -006.35760657  36.64631320 -006.35777360
113  36.64631695 -006.35818532
110 1 0.00 275.0000 New Taxiway 1
112  36.64863290 -006.35766658  36.64863145 -006.35765377
112  36.64854124 -006.35745802  36.64845106 -006.35741945
111  36.64833709 -006.35742542
111  36.64755634 -006.35750325
112  36.64685736 -006.35761158  36.64639443 -006.35769135
111  36.64645759 -006.35817387
111  36.64631251 -006.35819293
111  36.64615618 -006.35658685
111  36.64630378 -006.35657326
112  36.64646124 -006.35691470  36.64659812 -006.35702577
111  36.64673414 -006.35700689
112  36.64748524 -006.35691076  36.64750344 -006.35690508
112  36.64843656 -006.35669517  36.64856857 -006.35664412
111  36.64850725 -006.35629805
111  36.64983852 -006.35608814
113  36.64997507 -006.35746105
110 1 0.00 275.0000 New Taxiway 24
111  36.64466549 -006.36050675
111  36.64456144 -006.36044588
111  36.64335320 -006.36061790
111  36.64331629 -006.36010257
111  36.64339354 -006.36009390
111  36.64341478 -006.36019712
111  36.64347423 -006.36019018
111  36.64348697 -006.36025041
111  36.64354431 -006.36025105
111  36.64355443 -006.36033880
111  36.64451331 -006.36018925
113  36.64462844 -006.36010632
110 2 0.00 275.0000 New Taxiway 29
111  36.64573700 -006.37017614
111  36.64562888 -006.36915869
111  36.64584491 -006.36913187
112  36.64586752 -006.36922346  36.64587600 -006.36924459
112  36.64593731 -006.36934782  36.64598819 -006.36940771
111  36.64612622 -006.36942258
111  36.64645625 -006.36937621
112  36.64671662 -006.36929046  36.64680674 -006.36920933
111  36.64683269 -006.36898853
113  36.64692729 -006.37001818
110 1 0.00 275.0000 New Taxiway 22
111  36.64693349 -006.37009329
111  36.64601745 -006.37019681
111  36.64607580 -006.37087261
111  36.64570193 -006.37092742
111  36.64560663 -006.37026961
111  36.64548934 -006.36910930
111  36.64506416 -006.36466908
111  36.64443999 -006.35839126
111  36.64490933 -006.35829282
111  36.64543062 -006.36353780
111  36.64606444 -006.36341491
111  36.64626765 -006.36324606
111  36.64640661 -006.36473452
111  36.64614612 -006.36445603
111  36.64566527 -006.36451376
112  36.64554331 -006.36474508  36.64555531 -006.36489126
111  36.64559930 -006.36526293
111  36.64589253 -006.36836010
111  36.64596615 -006.36911841
112  36.64620881 -006.36925290  36.64645709 -006.36922946
111  36.64658298 -006.36918852
113  36.64681926 -006.36887459
130 Airport Boundary 173
111  36.63967991 -006.37423145
111  36.63138172 -006.32516493
111  36.64820734 -006.32150922
113  36.65265443 -006.37177527
120 Linear Feature 172
111  36.63925851 -006.32789219 51
111  36.63909348 -006.32791328 51
111  36.63884806 -006.32585670 51
113  36.63901732 -006.32583561 51
120 Linear Feature 171
111  36.64737839 -006.33786335 51
115  36.64723800 -006.33610458
120 Linear Feature 170
111  36.64132055 -006.33975085 51
116  36.64153366 -006.33944585  36.64156623 -006.33920230
120 Linear Feature 169
111  36.64332420 -006.35096563 51
111  36.64284423 -006.35105821 51
112  36.64264712 -006.35059068  36.64286648 -006.35025787 51
115  36.64308267 -006.34990128
120 Linear Feature 168
111  36.64276584 -006.34808708 51
116  36.64230565 -006.34849541  36.64216038 -006.34882483
120 Linear Feature 167
111  36.63874934 -006.33919832 51
116  36.63843973 -006.33893585  36.63842149 -006.33867833
120 Linear Feature 166
111  36.63972213 -006.33904948 51
116  36.63993722 -006.33868773  36.63991638 -006.33840514
120 Linear Feature 163
111  36.63893174 -006.34104114 51
116  36.63862471 -006.34081294  36.63855362 -006.34054257
120 Linear Feature 162
111  36.63990452 -006.34089231 51
116  36.64011917 -006.34053905  36.64013477 -006.34022938
120 Linear Feature 160
111  36.63999694 -006.33931342 51
112  36.63972213 -006.33904948  36.63948979 -006.33906301 51
111  36.63874934 -006.33919832 51
116  36.63850397 -006.33955551  36.63851049 -006.33988024
120 Linear Feature 164
111  36.63883515 -006.34012715 51
116  36.63854524 -006.33991402  36.63848169 -006.33970745
120 Linear Feature 160
111  36.64009099 -006.34024437 51
112  36.63981332 -006.33997495  36.63958099 -006.33998848 51
111  36.63883515 -006.34012715 51
116  36.63859629 -006.34048435  36.63860281 -006.34080907
120 Linear Feature 160
111  36.64018367 -006.34116120 51
112  36.63990452 -006.34089231  36.63967218 -006.34090584 51
111  36.63893174 -006.34104114 51
116  36.63867551 -006.34140646  36.63868203 -006.34173119
120 Linear Feature 159
111  36.64022089 -006.33896302 51
116  36.63993722 -006.33868773  36.63988819 -006.33840722
120 Linear Feature 158
111  36.64123122 -006.33881765 51
116  36.64144222 -006.33848701  36.64144402 -006.33817166
120 Linear Feature 157
111  36.64031022 -006.33989622 51
116  36.64002837 -006.33962654  36.63999282 -006.33935923
120 Linear Feature 156
111  36.64039956 -006.34081305 51
116  36.64011917 -006.34053905  36.64008730 -006.34028396
120 Linear Feature 155
111  36.64140988 -006.34066768 51
116  36.64162737 -006.34037949  36.64165300 -006.34015175
120 Linear Feature 154
111  36.64150710 -006.34159433 51
116  36.64171697 -006.34126725  36.64173479 -006.34101451
120 Linear Feature 153
111  36.64049677 -006.34173971 51
116  36.64021437 -006.34145175  36.64018651 -006.34119624
120 Linear Feature 152
111  36.64149494 -006.33904018 51
112  36.64123122 -006.33881765  36.64103203 -006.33884002 51
111  36.64022089 -006.33896302 51
116  36.63999694 -006.33931342  36.63996463 -006.33963324
120 Linear Feature 165
111  36.63981163 -006.33997467 51
116  36.64002837 -006.33962654  36.64001107 -006.33937994
120 Linear Feature 152
111  36.64158704 -006.33997337 51
112  36.64132055 -006.33975085  36.64112136 -006.33977322 51
111  36.64031022 -006.33989622 51
116  36.64009099 -006.34024437  36.64005869 -006.34056418
120 Linear Feature 152
111  36.64167637 -006.34089020 51
112  36.64140988 -006.34066768  36.64121069 -006.34069004 51
111  36.64039956 -006.34081305 51
116  36.64018367 -006.34116120  36.64015137 -006.34148101
120 Linear Feature 152
111  36.64177358 -006.34181686 51
112  36.64150710 -006.34159433  36.64130790 -006.34161670 51
111  36.64049677 -006.34173971 51
116  36.64027420 -006.34208924  36.64024189 -006.34240906
120 Linear Feature 151
111  36.64158171 -006.34251744 51
116  36.64181062 -006.34224653  36.64183215 -006.34200276
120 Linear Feature 147
111  36.64142115 -006.33405720 51
115  36.64158268 -006.33584353
120 Linear Feature 146
111  36.64137859 -006.33483031 51
115  36.64145025 -006.33470826
120 Linear Feature 146
111  36.64120662 -006.33485710 51
115  36.64127827 -006.33473505
120 Linear Feature 146
111  36.64102270 -006.33488984 51
115  36.64109436 -006.33476779
120 Linear Feature 146
111  36.64083162 -006.33491366 51
115  36.64090327 -006.33479161
120 Linear Feature 146
111  36.64079101 -006.33450882 51
115  36.64086267 -006.33438677
120 Linear Feature 146
111  36.64097971 -006.33447310 51
115  36.64105136 -006.33435105
120 Linear Feature 146
111  36.64115885 -006.33444928 51
115  36.64123050 -006.33432724
120 Linear Feature 146
111  36.64133799 -006.33442249 51
115  36.64140964 -006.33430045
120 Linear Feature 146
111  36.64172732 -006.33401468 51
115  36.64179897 -006.33389263
120 Linear Feature 146
111  36.64178703 -006.33455347 51
115  36.64185869 -006.33443142
120 Linear Feature 146
111  36.64185869 -006.33514584 51
115  36.64193034 -006.33502380
120 Linear Feature 145
111  36.64145502 -006.33480947 51
115  36.64137143 -006.33472314
120 Linear Feature 145
111  36.64128305 -006.33483626 51
115  36.64119945 -006.33474993
120 Linear Feature 145
111  36.64109913 -006.33486900 51
115  36.64101553 -006.33478268
120 Linear Feature 145
111  36.64090805 -006.33489282 51
115  36.64082445 -006.33480649
120 Linear Feature 145
111  36.64086744 -006.33448798 51
115  36.64078385 -006.33440166
120 Linear Feature 145
111  36.64105614 -006.33445226 51
115  36.64097254 -006.33436594
120 Linear Feature 145
111  36.64123528 -006.33442845 51
115  36.64115168 -006.33434212
120 Linear Feature 145
111  36.64141442 -006.33440166 51
115  36.64133082 -006.33431533
120 Linear Feature 145
111  36.64180375 -006.33399384 51
115  36.64172015 -006.33390752
120 Linear Feature 145
111  36.64186346 -006.33453263 51
115  36.64177986 -006.33444631
120 Linear Feature 145
111  36.64193512 -006.33512501 51
115  36.64185152 -006.33503868
120 Linear Feature 144
111  36.64142115 -006.33405720 51
116  36.64133853 -006.33418623  36.64125224 -006.33420975
120 Linear Feature 143
111  36.64151650 -006.33416334 51
116  36.64142115 -006.33405720  36.64141441 -006.33396311
120 Linear Feature 142
111  36.64173611 -006.33534696 51
111  36.64081347 -006.33548186 51
116  36.64075552 -006.33555950  36.64075075 -006.33562201
120 Linear Feature 141
111  36.64168917 -006.33488612 51
111  36.64076985 -006.33502535 51
116  36.64071014 -006.33511352  36.64069819 -006.33519985
120 Linear Feature 140
111  36.64165232 -006.33452926 51
111  36.64071799 -006.33466477 51
116  36.64067066 -006.33474933  36.64067591 -006.33480172
120 Linear Feature 139
111  36.64178193 -006.33581308 51
111  36.64162132 -006.33414702 51
111  36.64062304 -006.33428595 51
115  36.64080922 -006.33606835
120 Linear Feature 137
111  36.64236237 -006.34423227 51
111  36.64200754 -006.34430734 51
115  36.64177026 -006.34436938
120 Linear Feature 136
111  36.64177026 -006.34436938 51
116  36.64197818 -006.34404913  36.64197165 -006.34382955
120 Linear Feature 135
111  36.64070525 -006.34453314 51
116  36.64043324 -006.34428295  36.64042998 -006.34408166
120 Linear Feature 132
111  36.64088138 -006.34636247 51
116  36.64061034 -006.34612087  36.64057771 -006.34589907
120 Linear Feature 131
111  36.64194639 -006.34619871 51
116  36.64216558 -006.34590530  36.64218931 -006.34565393
120 Linear Feature 130
111  36.64203872 -006.34712875 51
116  36.64225795 -006.34679863  36.64225556 -006.34655453
120 Linear Feature 129
111  36.64097371 -006.34728327 51
116  36.64070041 -006.34704162  36.64064983 -006.34676511
120 Linear Feature 134
111  36.64185407 -006.34528785 51
116  36.64207222 -006.34496925  36.64206946 -006.34471906
120 Linear Feature 133
111  36.64078906 -006.34545161 51
116  36.64052329 -006.34520338  36.64049106 -006.34500484
120 Linear Feature 149
111  36.64167104 -006.34343667 51
116  36.64189350 -006.34315287  36.64192613 -006.34289964
120 Linear Feature 148
111  36.64060603 -006.34360043 51
116  36.64033832 -006.34335692  36.64028930 -006.34314154
120 Linear Feature 150
111  36.64070946 -006.34265201 51
116  36.64029408 -006.34226863  36.64023486 -006.34190207
120 Linear Feature 128
111  36.64185978 -006.34278007 51
112  36.64158171 -006.34251744  36.64136235 -006.34253329 51
111  36.64051275 -006.34268691 51
116  36.64031257 -006.34306311  36.64036025 -006.34336026
120 Linear Feature 128
111  36.64194723 -006.34371484 51
112  36.64167104 -006.34343667  36.64145168 -006.34345252 51
111  36.64060603 -006.34360043 51
116  36.64040584 -006.34399385  36.64045353 -006.34429101
120 Linear Feature 128
111  36.64204032 -006.34464297 51
112  36.64177026 -006.34436938  36.64155090 -006.34438523 51
111  36.64070525 -006.34453314 51
116  36.64049589 -006.34492008  36.64054358 -006.34521723
120 Linear Feature 128
111  36.64213066 -006.34555331 51
112  36.64185407 -006.34528785  36.64163471 -006.34530370 51
111  36.64078906 -006.34545161 51
116  36.64058297 -006.34583855  36.64063066 -006.34613570
120 Linear Feature 128
111  36.64222298 -006.34646416 51
112  36.64194639 -006.34619871  36.64172703 -006.34621456 51
111  36.64088138 -006.34636247 51
116  36.64067253 -006.34675400  36.64072022 -006.34705115
120 Linear Feature 128
111  36.64231530 -006.34739420 51
112  36.64203872 -006.34712875  36.64181936 -006.34714460 51
111  36.64097371 -006.34728327 51
116  36.64076633 -006.34768219  36.64081402 -006.34797935
120 Linear Feature 123
111  36.64125560 -006.33665210 51
115  36.64123458 -006.33644254
120 Linear Feature 120
111  36.64105659 -006.33196375 51
112  36.64085749 -006.33186666  36.64071314 -006.33188553 51
111  36.64056790 -006.33191132 51
115  36.64011885 -006.33199764
120 Linear Feature 119
111  36.64140115 -006.33183121 51
112  36.64160290 -006.33172136  36.64172917 -006.33169294 51
112  36.64179867 -006.33170365  36.64184976 -006.33171402 51
116  36.64200531 -006.33192890  36.64204944 -006.33210304
120 Linear Feature 115
111  36.64480801 -006.33748842 51
115  36.64478174 -006.33721663
120 Linear Feature 114
111  36.64423687 -006.33663759 53 102
116  36.64487270 -006.33720815  36.64546720 -006.33716457
120 Linear Feature 113
111  36.64488860 -006.33747362 53 102
116  36.64438312 -006.33823833  36.64439901 -006.33894757
120 Linear Feature 111
112  36.64303984 -006.33010139  36.64300688 -006.32974726 53 102
111  36.64273264 -006.32977074 53 102
112  36.64229976 -006.32982875  36.64201118 -006.32990996 53 102
111  36.64203910 -006.33021160 53 102
111  36.64206238 -006.33050165 53 102
111  36.64226252 -006.33242172 53 102
111  36.64245336 -006.33429539 53 102
111  36.64261627 -006.33600664 53 102
112  36.64269337 -006.33692618  36.64271439 -006.33730426 53 102
111  36.64303053 -006.33727704 53 102
112  36.64345875 -006.33721903  36.64372872 -006.33716682 53 102
115  36.64369936 -006.33686218
120 Linear Feature 110
111  36.64216823 -006.33761001 53
115  36.63826740 -006.33819725
120 Linear Feature 109
111  36.64193961 -006.33117670 53 102
111  36.64183532 -006.33024634 53 102
112  36.64186947 -006.32942773  36.64199559 -006.32923781 53 102
112  36.64241334 -006.32912321  36.64279431 -006.32906754 53 102
115  36.64294670 -006.32903807
120 Linear Feature 108
111  36.64241815 -006.33600629 53 102
111  36.64234216 -006.33527021 53 102
111  36.64223359 -006.33420128 53 102
111  36.64220536 -006.33387383 53 102
111  36.64207725 -006.33262088 53 102
115  36.64200531 -006.33192890
120 Linear Feature 107
111  36.64216823 -006.33761001 53 102
112  36.64252194 -006.33718146  36.64248090 -006.33676696 53 102
115  36.64246828 -006.33661763
120 Linear Feature 106
111  36.64207488 -006.34382471 53 102
112  36.64238612 -006.34409493  36.64265190 -006.34406878 53 102
111  36.64290369 -006.34402520 53 102
112  36.64313449 -006.34346297  36.64307154 -006.34290511 53 102
111  36.64303657 -006.34241262 53 102
111  36.64286871 -006.34073031 53 102
111  36.64268687 -006.33882573 53 102
111  36.64262392 -006.33828094 53 102
112  36.64229170 -006.33787126  36.64195249 -006.33791920 53 102
111  36.64178463 -006.33793663 53 102
116  36.64154683 -006.33839861  36.64160278 -006.33877343
120 Linear Feature 105
112  36.64382664 -006.33817523  36.64379702 -006.33787992 53 102
111  36.64352505 -006.33787209 53 102
112  36.64305359 -006.33795175  36.64283778 -006.33798922 53 102
111  36.64282379 -006.33831762 53 102
111  36.64285181 -006.33858571 53 102
111  36.64298400 -006.33991022 53 102
111  36.64318769 -006.34194581 53 102
112  36.64333579 -006.34353315  36.64337521 -006.34396431 53 102
111  36.64365738 -006.34391812 53 102
112  36.64410168 -006.34385484  36.64439416 -006.34381566 53 102
115  36.64434544 -006.34344545
120 Linear Feature 104
112  36.64244089 -006.34758565  36.64246853 -006.34786857 53 102
111  36.64266790 -006.34793991 53 102
115  36.64297141 -006.34792900
120 Linear Feature 103
111  36.64297141 -006.34792900 53 102
111  36.64332501 -006.34788466 53 102
112  36.64352231 -006.34741195  36.64349200 -006.34703226 53 102
111  36.64339695 -006.34617575 53 102
111  36.64325731 -006.34468605 53 102
112  36.64293561 -006.34428484  36.64263507 -006.34431523 53 102
111  36.64241080 -006.34435909 53 102
116  36.64216115 -006.34478625  36.64216538 -006.34517649
120 Linear Feature 102
112  36.64443854 -006.34443064  36.64438608 -006.34400352 53 102
111  36.64411681 -006.34409940 53 102
112  36.64369367 -006.34416042  36.64342089 -006.34420836 53 102
111  36.64344537 -006.34456139 53 102
111  36.64347335 -006.34491441 53 102
111  36.64363421 -006.34656187 53 102
111  36.64380907 -006.34832701 53 102
111  36.64395594 -006.34978271 53 102
112  36.64400840 -006.35038481  36.64404696 -006.35071445 53 102
111  36.64432314 -006.35069797 53 102
112  36.64476027 -006.35062824  36.64506101 -006.35058029 53 102
115  36.64501206 -006.35021419
120 Linear Feature 101
111  36.64323171 -006.35053344 53 102
112  36.64354963 -006.35082267  36.64383575 -006.35081079 53 102
112  36.64381350 -006.35040665  36.64380591 -006.35035482 53 102
111  36.64372130 -006.34942007 53 102
111  36.64360685 -006.34835030 53 102
112  36.64328355 -006.34812567  36.64305758 -006.34818114 53 102
116  36.64302189 -006.34850482  36.64302825 -006.34865142
120 Linear Feature 100
111  36.64356520 -006.35391147 53 102
112  36.64388320 -006.35410702  36.64408969 -006.35409510 53 102
112  36.64410906 -006.35348349  36.64407850 -006.35308972 53 102
111  36.64402627 -006.35258951 53 102
111  36.64390268 -006.35133993 53 102
112  36.64357482 -006.35106015  36.64329506 -006.35112750 53 102
116  36.64331095 -006.35142862  36.64331095 -006.35144447
120 Linear Feature 99
111  36.64446869 -006.35714138 53 102
111  36.64423900 -006.35477933 53 102
112  36.64392675 -006.35435662  36.64364859 -006.35437675 53 102
116  36.64364680 -006.35472789  36.64364500 -006.35481958
120 Linear Feature 98
112  36.64386180 -006.35712963  36.64386898 -006.35716444 53 102
112  36.64418851 -006.35758431  36.64451542 -006.35760410 53 102
115  36.64446869 -006.35714138
120 Linear Feature 97
112  36.64509496 -006.35122819  36.64507187 -006.35086383 53 102
111  36.64478112 -006.35087645 53 102
112  36.64436182 -006.35093878  36.64403100 -006.35101069 53 102
111  36.64410794 -006.35142299 53 102
111  36.64420026 -006.35235307 53 102
111  36.64432720 -006.35370024 53 102
111  36.64440798 -006.35452484 53 102
111  36.64458493 -006.35629391 53 102
112  36.64466572 -006.35715687  36.64468600 -006.35746065 53 102
111  36.64498884 -006.35746850 53 102
112  36.64540429 -006.35740138  36.64572357 -006.35735823 53 102
115  36.64566203 -006.35701784
120 Linear Feature 96
112  36.64575532 -006.35794526  36.64574218 -006.35764072 53 102
111  36.64546368 -006.35764073 53 102
112  36.64500651 -006.35770622  36.64472275 -006.35774879 53 102
111  36.64475691 -006.35807952 53 102
111  36.64479895 -006.35851503 53 102
111  36.64499337 -006.36043720 53 102
111  36.64509847 -006.36160622 53 102
111  36.64516416 -006.36230370 53 102
112  36.64526278 -006.36335796  36.64530744 -006.36373126 53 102
111  36.64558979 -006.36367903 53 102
112  36.64587355 -006.36364301  36.64589194 -006.36363973 53 102
112  36.64614417 -006.36357097  36.64628931 -006.36350325 53 102
115  36.64626766 -006.36318457
120 Linear Feature 95
112  36.64333743 -006.36014658  36.64335767 -006.36035549 53 102
111  36.64358309 -006.36033388 53 102
112  36.64449398 -006.36019477  36.64480611 -006.36014434 53 102
115  36.64471134 -006.35967472
120 Linear Feature 94
111  36.64471134 -006.35967472 53 102
111  36.64456384 -006.35814225 53 102
112  36.64424264 -006.35782581  36.64395318 -006.35784851 53 102
111  36.64347136 -006.35793610 53 102
116  36.64315977 -006.35834360  36.64320593 -006.35877508
120 Linear Feature 93
111  36.64475431 -006.36216591 53 102
112  36.64491933 -006.36182763  36.64490196 -006.36158948 53 102
111  36.64487590 -006.36138651 53 102
111  36.64481510 -006.36072619 53 102
112  36.64453282 -006.36045015  36.64428963 -006.36047992 53 102
115  36.64338850 -006.36061523
120 Linear Feature 92
111  36.64693366 -006.37001260 53 102
111  36.64613815 -006.37011807 53 102
112  36.64577848 -006.36988075  36.64565577 -006.36965926 53 102
112  36.64565404 -006.36940882  36.64564558 -006.36934554 53 102
111  36.64561345 -006.36900531 53 102
111  36.64543573 -006.36721752 53 102
111  36.64519454 -006.36463341 53 102
111  36.64504644 -006.36311458 53 102
111  36.64501259 -006.36275070 53 102
116  36.64474119 -006.36241745  36.64453347 -006.36244142
120 Linear Feature 90
111  36.63980873 -006.33585917 51
116  36.63962978 -006.33605536  36.63949160 -006.33607750
120 Linear Feature 90
111  36.63976142 -006.33546271 51
116  36.63958246 -006.33565890  36.63944428 -006.33568104
120 Linear Feature 90
111  36.63971737 -006.33508251 51
116  36.63953842 -006.33527871  36.63940024 -006.33530085
120 Linear Feature 90
111  36.63967495 -006.33470639 51
116  36.63949600 -006.33490258  36.63935782 -006.33492472
120 Linear Feature 90
111  36.63962764 -006.33429570 51
116  36.63944869 -006.33449189  36.63931051 -006.33451403
120 Linear Feature 90
111  36.63958359 -006.33391551 51
116  36.63940464 -006.33411170  36.63926646 -006.33413384
120 Linear Feature 90
111  36.63953791 -006.33353938 51
116  36.63935896 -006.33373557  36.63922078 -006.33375772
120 Linear Feature 90
111  36.63949132 -006.33314299 51
116  36.63931237 -006.33333918  36.63917419 -006.33336132
120 Linear Feature 90
111  36.63944653 -006.33276288 51
116  36.63926758 -006.33295908  36.63912940 -006.33298122
120 Linear Feature 90
111  36.63940194 -006.33237408 51
116  36.63922298 -006.33257028  36.63908480 -006.33259242
120 Linear Feature 89
111  36.64001865 -006.33597664 51
116  36.63980873 -006.33585917  36.63976925 -006.33572386
120 Linear Feature 89
111  36.63997134 -006.33558018 51
116  36.63976142 -006.33546271  36.63972194 -006.33532741
120 Linear Feature 89
111  36.63992730 -006.33519999 51
116  36.63971737 -006.33508251  36.63967789 -006.33494721
120 Linear Feature 89
111  36.63988488 -006.33482386 51
116  36.63967495 -006.33470639  36.63963547 -006.33457108
120 Linear Feature 89
111  36.63983757 -006.33441317 51
116  36.63962764 -006.33429570  36.63958816 -006.33416040
120 Linear Feature 89
111  36.63979352 -006.33403298 51
116  36.63958359 -006.33391551  36.63954411 -006.33378020
120 Linear Feature 89
111  36.63974784 -006.33365685 51
116  36.63953791 -006.33353938  36.63949844 -006.33340408
120 Linear Feature 89
111  36.63970124 -006.33326046 51
116  36.63949132 -006.33314299  36.63945184 -006.33300768
120 Linear Feature 89
111  36.63965646 -006.33288035 51
116  36.63944653 -006.33276288  36.63940705 -006.33262758
120 Linear Feature 89
111  36.63961186 -006.33249156 51
116  36.63940194 -006.33237408  36.63936246 -006.33223878
120 Linear Feature 88
111  36.63940194 -006.33237408 51
111  36.63987290 -006.33641037 51
111  36.63989829 -006.33663453 51
116  36.64003233 -006.33677580  36.64015906 -006.33675331
120 Linear Feature 87
111  36.63842329 -006.32650807 51
112  36.63830811 -006.32642806  36.63823841 -006.32643591 51
115  36.63819229 -006.32644026
120 Linear Feature 86
111  36.63842329 -006.32650807 51
112  36.63851530 -006.32641587  36.63858219 -006.32640570 51
115  36.63862624 -006.32639553
120 Linear Feature 85
111  36.63844126 -006.32667534 51
112  36.63834809 -006.32663134  36.63830519 -006.32664203 51
115  36.63821571 -006.32665272
120 Linear Feature 84
111  36.63849906 -006.32687507 51
112  36.63837505 -006.32682227  36.63830029 -006.32683755 51
115  36.63823900 -006.32684672
120 Linear Feature 83
111  36.63849906 -006.32687507 51
112  36.63855646 -006.32675812  36.63859690 -006.32673673 51
115  36.63867045 -006.32673979
120 Linear Feature 82
111  36.63858877 -006.32726510 51
112  36.63849741 -006.32714215  36.63842237 -006.32714012 51
115  36.63836527 -006.32715639
120 Linear Feature 81
111  36.63858877 -006.32726510 51
112  36.63861487 -006.32714419  36.63864587 -006.32711369 51
115  36.63877312 -006.32709946
120 Linear Feature 80
111  36.63862877 -006.32761433 51
112  36.63852690 -006.32748747  36.63846373 -006.32749240 51
115  36.63840254 -006.32749731
120 Linear Feature 79
111  36.63862877 -006.32761433 51
112  36.63869864 -006.32745549  36.63878747 -006.32743827 51
115  36.63883089 -006.32743827
120 Linear Feature 78
111  36.63866721 -006.32797196 51
112  36.63858306 -006.32783912  36.63852976 -006.32783666 51
115  36.63844488 -006.32784896
120 Linear Feature 77
111  36.63866721 -006.32797196 51
112  36.63874140 -006.32779683  36.63882022 -006.32777301 51
115  36.63887516 -006.32777897
120 Linear Feature 76
111  36.63879154 -006.32808729 51
112  36.63866721 -006.32797196  36.63865145 -006.32788028 51
111  36.63863831 -006.32769692 51
111  36.63857525 -006.32714029 51
111  36.63856475 -006.32703879 51
111  36.63849906 -006.32687507 51
112  36.63844126 -006.32667534  36.63842550 -006.32650835 51
115  36.63838083 -006.32616782
120 Linear Feature 75
111  36.63882531 -006.32941626 51
116  36.63875584 -006.32953876  36.63876258 -006.32961101
120 Linear Feature 74
111  36.63943677 -006.32930911 51
111  36.63882531 -006.32941626 51
116  36.63873026 -006.32933855  36.63871593 -006.32926115
120 Linear Feature 73
111  36.63901298 -006.33074545 51
116  36.63892286 -006.33085244  36.63892164 -006.33093034
120 Linear Feature 72
111  36.63959101 -006.33063532 51
111  36.63901298 -006.33074545 51
116  36.63890072 -006.33068294  36.63888400 -006.33059662
120 Linear Feature 71
111  36.63975164 -006.33194620 51
116  36.63991107 -006.33168375  36.63989547 -006.33152961
120 Linear Feature 70
111  36.64009236 -006.33188676 51
111  36.63975164 -006.33194620 51
112  36.63957679 -006.33215618  36.63953546 -006.33220372 51
112  36.63940194 -006.33237408  36.63939240 -006.33238201 51
111  36.63904269 -006.33184319 51
111  36.63891553 -006.33080120 51
111  36.63881697 -006.33000089 51
111  36.63873750 -006.32939868 51
111  36.63862623 -006.32845179 51
112  36.63879154 -006.32808729  36.63903316 -006.32803183 51
115  36.63927159 -006.32799617
120 Linear Feature 69
111  36.64232353 -006.33634947 51
116  36.64252070 -006.33602355  36.64251935 -006.33580847
120 Linear Feature 68
111  36.64075187 -006.33664030 51
116  36.64085220 -006.33644771  36.64086891 -006.33626017
120 Linear Feature 67
111  36.64102823 -006.33659178 51
115  36.64003233 -006.33677580
120 Linear Feature 66
111  36.64256788 -006.33659506 51
112  36.64232353 -006.33634947  36.64211334 -006.33637567 51
111  36.64124385 -006.33655008 51
111  36.64102823 -006.33659178 51
112  36.64085220 -006.33644771  36.64082855 -006.33631673 51
111  36.64081016 -006.33606461 51
112  36.64086533 -006.33595655  36.64093627 -006.33594673 51
111  36.64184535 -006.33581575 51
112  36.64195307 -006.33592053  36.64196183 -006.33607290 51
111  36.64198723 -006.33632983 51
116  36.64203476 -006.33639454  36.64207791 -006.33641639
120 Linear Feature 65
111  36.64120398 -006.33185579 51
116  36.64102080 -006.33171885  36.64087765 -006.33173450
120 Linear Feature 64
111  36.64131239 -006.33166839 51
112  36.64120398 -006.33185579  36.64118999 -006.33202140 51
115  36.64142115 -006.33405720
120 Linear Feature 63
111  36.64181330 -006.33157242 51 101
116  36.64209969 -006.33181472  36.64213647 -006.33194897
120 Linear Feature 62
111  36.64204157 -006.33120768 51 101
112  36.64181330 -006.33157242  36.64162676 -006.33161826 51 101
111  36.64125104 -006.33167720 51 101
111  36.64009236 -006.33188676 51 101
116  36.63991107 -006.33168375  36.63987954 -006.33145454
120 Linear Feature 59
111  36.64217220 -006.34804217 51
116  36.64234987 -006.34772769  36.64236171 -006.34747429
120 Linear Feature 57
111  36.64005053 -006.34181545 51
116  36.64026823 -006.34203167  36.64031130 -006.34221953
120 Linear Feature 56
111  36.64254186 -006.34802875 51
112  36.64224791 -006.34803512  36.64217598 -006.34803512 51
111  36.64117312 -006.34819332 51
112  36.64077537 -006.34777519  36.64073025 -006.34738360 51
111  36.64072384 -006.34728400 51
111  36.64061034 -006.34612087 51
111  36.64051302 -006.34510311 51
111  36.64040723 -006.34401152 51
111  36.64034376 -006.34343672 51
111  36.64028452 -006.34279337 51
112  36.64031414 -006.34250861  36.64032261 -006.34242424 51
111  36.64028452 -006.34220803 51
115  36.64021437 -006.34145175
120 Linear Feature 55
111  36.63990716 -006.33837629 51
116  36.64011766 -006.33804528  36.64030005 -006.33801280
120 Linear Feature 54
111  36.64142024 -006.33813385 51
116  36.64115376 -006.33789055  36.64093568 -006.33787418
120 Linear Feature 53
111  36.63873468 -006.33825506 51
112  36.63842904 -006.33880884  36.63846183 -006.33923912 51
112  36.63854524 -006.33991402  36.63855680 -006.33997144 51
111  36.63864764 -006.34109443 51
111  36.63870462 -006.34173106 51
112  36.63916212 -006.34195304  36.63961780 -006.34188975 51
111  36.64005053 -006.34181545 51
112  36.64021437 -006.34145175  36.64018340 -006.34120044 51
111  36.64008637 -006.34020115 51
111  36.63996349 -006.33898245 51
111  36.63990716 -006.33837629 51
116  36.63967899 -006.33811582  36.63952027 -006.33813496
120 Linear Feature 52
111  36.64169815 -006.33780934 51
115  36.63873354 -006.33825173
120 Linear Feature 51
111  36.64241833 -006.33770798 51 101
116  36.64262572 -006.33714954  36.64255883 -006.33667174
120 Linear Feature 50
111  36.64271552 -006.33807654 51 101
116  36.64241833 -006.33770798  36.64215453 -006.33774376
120 Linear Feature 49
111  36.64234987 -006.34772769 51 101
111  36.64204732 -006.34472286 51 101
111  36.64195888 -006.34385274 51 101
111  36.64177735 -006.34188046 51 101
111  36.64154463 -006.33955435 51 101
111  36.64144222 -006.33848701 51 101
111  36.64141895 -006.33824337 51 101
112  36.64169815 -006.33780934  36.64202779 -006.33775526 51 101
112  36.64229867 -006.33772130  36.64238245 -006.33772130 51 101
115  36.64303140 -006.33762004
120 Linear Feature 48
111  36.64430885 -006.35769060 51 101
116  36.64457998 -006.35727024  36.64457412 -006.35697704
120 Linear Feature 47
111  36.64465419 -006.35805584 51 101
116  36.64430885 -006.35769060  36.64401246 -006.35764477
120 Linear Feature 46
111  36.64495155 -006.35759529 51 101
116  36.64457998 -006.35727024  36.64452749 -006.35699249
120 Linear Feature 45
111  36.64465419 -006.35805584 51 101
116  36.64495155 -006.35759529  36.64526689 -006.35748280
120 Linear Feature 44
111  36.64387635 -006.35420298 51 101
112  36.64360629 -006.35444353  36.64355764 -006.35461423 51 101
112  36.64359829 -006.35490688  36.64361132 -006.35497995 51 101
111  36.64367272 -006.35574433 51 101
111  36.64377635 -006.35693852 51 101
111  36.64382906 -006.35744113 51 101
116  36.64417412 -006.35771009  36.64451069 -006.35773716
120 Linear Feature 43
111  36.64432099 -006.35456780 51 101
116  36.64387635 -006.35420298  36.64353544 -006.35425710
120 Linear Feature 42
111  36.64423437 -006.35373495 51 101
112  36.64387635 -006.35420298  36.64349136 -006.35424412 51 101
112  36.64346399 -006.35379377  36.64345245 -006.35372665 51 101
112  36.64333655 -006.35245929  36.64332501 -006.35241614 51 101
111  36.64323666 -006.35147815 51 101
116  36.64346961 -006.35094463  36.64373119 -006.35086313
120 Linear Feature 41
111  36.64332420 -006.35096563 51 101
112  36.64315898 -006.35073279  36.64313530 -006.35055074 51 101
112  36.64307303 -006.34981458  36.64307106 -006.34980228 51 101
111  36.64299847 -006.34898796 51 101
111  36.64294850 -006.34843576 51 101
116  36.64313010 -006.34803967  36.64336501 -006.34789698
120 Linear Feature 40
111  36.64399072 -006.35127522 51 101
116  36.64360538 -006.35092588  36.64331618 -006.35094067
120 Linear Feature 39
111  36.64392847 -006.35055942 51 101
116  36.64360538 -006.35092588  36.64340071 -006.35095360
120 Linear Feature 38
111  36.64426911 -006.35082660 51 101
115  36.64332420 -006.35096563
120 Linear Feature 37
111  36.64517387 -006.34934225 51 101
111  36.64524494 -006.35006556 51 101
112  36.64514426 -006.35051824  36.64501793 -006.35065848 51 101
116  36.64475319 -006.35076279  36.64454592 -006.35082429
120 Linear Feature 36
111  36.64426911 -006.35082660 51 101
116  36.64392847 -006.35055942  36.64385248 -006.35033181
120 Linear Feature 35
111  36.64542810 -006.35201579 51 101
111  36.64535828 -006.35127907 51 101
112  36.64518358 -006.35088507  36.64506068 -006.35081247 51 101
112  36.64475319 -006.35076279  36.64450852 -006.35080695 51 101
111  36.64426911 -006.35082660 51 101
116  36.64399072 -006.35127522  36.64396708 -006.35156665
120 Linear Feature 34
111  36.64342479 -006.34799343 51 101
116  36.64363953 -006.34766337  36.64364991 -006.34736393
120 Linear Feature 33
111  36.64369391 -006.34819192 51 101
112  36.64342479 -006.34799343  36.64323693 -006.34802585 51 101
111  36.64276584 -006.34808708 51 101
116  36.64234987 -006.34772769  36.64224871 -006.34731707
120 Linear Feature 32
111  36.64236237 -006.34423227 51 101
116  36.64195888 -006.34385274  36.64192626 -006.34354572
120 Linear Feature 31
111  36.64294560 -006.34415176 51 101
116  36.64324575 -006.34360533  36.64322351 -006.34317835
120 Linear Feature 30
111  36.64334995 -006.34465035 51 101
112  36.64321119 -006.34427029  36.64309993 -006.34417636 51 101
112  36.64294560 -006.34415176  36.64288638 -006.34414505 51 101
111  36.64236237 -006.34423227 51 101
116  36.64204732 -006.34472286  36.64205809 -006.34509635
120 Linear Feature 29
111  36.64364904 -006.34405046 51 101
116  36.64324575 -006.34360533  36.64320334 -006.34317022
120 Linear Feature 28
111  36.64414325 -006.34397122 51 101
112  36.64458499 -006.34323987  36.64451787 -006.34259283 51 101
115  36.64451787 -006.34257807
120 Linear Feature 27
111  36.64477908 -006.34524632 51 101
111  36.64470394 -006.34451872 51 101
112  36.64450163 -006.34409369  36.64432095 -006.34397805 51 101
112  36.64414325 -006.34397122  36.64402936 -006.34398525 51 101
111  36.64364904 -006.34405046 51 101
116  36.64334995 -006.34465035  36.64340479 -006.34519804
120 Linear Feature 26
111  36.64303140 -006.33762004 51 101
116  36.64262572 -006.33714954  36.64258032 -006.33666488
120 Linear Feature 25
111  36.64395918 -006.33685984 51 101
116  36.64356241 -006.33753639  36.64312616 -006.33766678
120 Linear Feature 24
111  36.64409144 -006.33816128 51 101
112  36.64387430 -006.33766924  36.64367690 -006.33751917 51 101
112  36.64356241 -006.33753639  36.64352885 -006.33754131 51 101
111  36.64303140 -006.33762004 51 101
116  36.64272745 -006.33819553  36.64277483 -006.33869494
120 Linear Feature 23
111  36.64333411 -006.33025626 51 101
112  36.64313862 -006.32953697  36.64295604 -006.32931326 51 101
112  36.64248233 -006.32942095  36.64243578 -006.32942647 51 101
116  36.64193774 -006.33023886  36.64200756 -006.33092915
120 Linear Feature 22
111  36.64492742 -006.36075593 51 101
111  36.64470488 -006.35859654 51 101
111  36.64456500 -006.35711468 51 101
111  36.64440922 -006.35546642 51 101
111  36.64423437 -006.35373495 51 101
111  36.64407859 -006.35217386 51 101
111  36.64396414 -006.35100503 51 101
111  36.64390374 -006.35027203 51 101
111  36.64369391 -006.34819192 51 101
111  36.64361443 -006.34743119 51 101
111  36.64346819 -006.34585823 51 101
111  36.64329652 -006.34410698 51 101
111  36.64320750 -006.34322739 51 101
111  36.64304855 -006.34154350 51 101
111  36.64288641 -006.33993489 51 101
111  36.64272745 -006.33819553 51 101
111  36.64262572 -006.33714954 51 101
111  36.64251127 -006.33592526 51 101
111  36.64227752 -006.33372512 51 101
111  36.64204945 -006.33128300 51 101
115  36.64193774 -006.33023886
120 Linear Feature 21
111  36.64517887 -006.36355677 51 101
115  36.64491923 -006.36075638
120 Linear Feature 20
111  36.64570681 -006.36888833 51 101
115  36.64528095 -006.36453257
120 Linear Feature 19
111  36.64708395 -006.36880203 51 101
112  36.64688391 -006.36957871  36.64660792 -006.36982105 51 101
112  36.64602224 -006.36972254  36.64582339 -006.36961584 51 101
112  36.64576357 -006.36934858  36.64572510 -006.36919037 51 101
116  36.64570681 -006.36888833  36.64569963 -006.36885956
120 Linear Feature 18
111  36.64528095 -006.36453257 51 101
116  36.64562007 -006.36401466  36.64605718 -006.36386879
120 Linear Feature 17
111  36.64668145 -006.36464754 51 101
112  36.64649123 -006.36410628  36.64629921 -006.36396090 51 101
115  36.64611220 -006.36394438
120 Linear Feature 16
111  36.64517887 -006.36355677 51 101
112  36.64562007 -006.36401466  36.64603792 -006.36396028 51 101
111  36.64611220 -006.36394438 51 101
116  36.64653249 -006.36320636  36.64645937 -006.36262787
120 Linear Feature 15
111  36.64602508 -006.35810374 51 101
115  36.64608805 -006.35877219
120 Linear Feature 14
111  36.64542644 -006.35752260 51 101
116  36.64602508 -006.35810374  36.64604028 -006.35873160
120 Linear Feature 13
111  36.64589906 -006.35677548 51 101
115  36.64583715 -006.35609704
120 Linear Feature 12
111  36.64542644 -006.35752260 51 101
116  36.64589906 -006.35677548  36.64581785 -006.35611759
120 Linear Feature 11
111  36.64454889 -006.36031250 51 101
116  36.64491923 -006.36075638  36.64495333 -006.36119251
120 Linear Feature 10
111  36.64454889 -006.36031250 51 101
116  36.64482412 -006.35980137  36.64478105 -006.35945023
120 Linear Feature 9
111  36.64454889 -006.36031250 51 101
111  36.64355311 -006.36045658 51 101
112  36.64323718 -006.36026330  36.64321299 -006.36008722 51 101
112  36.64316172 -006.35950777  36.64315910 -006.35943246 51 101
112  36.64307499 -006.35850662  36.64307038 -006.35844357 51 101
111  36.64304370 -006.35811992 51 101
112  36.64326935 -006.35784352  36.64349984 -006.35780552 51 101
111  36.64461457 -006.35764705 51 101
115  36.64542644 -006.35752260
120 Linear Feature 8
111  36.64443734 -006.33741458 51 101
116  36.64399226 -006.33685268  36.64396335 -006.33633399
120 Linear Feature 7
111  36.64443734 -006.33741458 51 101
116  36.64411075 -006.33815660  36.64419746 -006.33866088
120 Linear Feature 6
111  36.64443734 -006.33741458 51 101
115  36.64730159 -006.33700189
120 Linear Feature 5
111  36.64605186 -006.35809429 51 101
115  36.64612738 -006.35877699
120 Linear Feature 4
111  36.64590963 -006.35665669 51 101
115  36.64586537 -006.35609977
120 Linear Feature 3
111  36.64635728 -006.35738202 51 101
116  36.64605186 -006.35809429  36.64609532 -006.35869840
120 Linear Feature 2
111  36.64635728 -006.35738202 51 101
116  36.64590963 -006.35665669  36.64582529 -006.35590520
120 Linear Feature 91
112  36.64640237 -006.36458702  36.64635159 -006.36424423 53 102
111  36.64608924 -006.36428642 53 102
112  36.64560685 -006.36437080  36.64535297 -006.36442881 53 102
111  36.64540798 -006.36481379 53 102
111  36.64553915 -006.36613222 53 102
111  36.64571687 -006.36802549 53 102
112  36.64583112 -006.36911188  36.64587343 -006.36945467 53 102
111  36.64612381 -006.36942703 53 102
112  36.64658797 -006.36935919  36.64688489 -006.36928681 53 102
115  36.64681763 -006.36891565
120 Linear Feature 122
111  36.64241815 -006.33600629 51
116  36.64227070 -006.33625605  36.64209872 -006.33629177
120 Linear Feature 121
111  36.64246828 -006.33661763 51
116  36.64229458 -006.33647038  36.64217515 -006.33651503
120 Linear Feature 21
111  36.64650145 -006.37005480 54
115  36.64643750 -006.36938904
120 Linear Feature 20
111  36.64594482 -006.36430053 54
115  36.64588565 -006.36365381
120 Linear Feature 19
111  36.64518980 -006.35767580 54
115  36.64516878 -006.35744291
120 Linear Feature 18
111  36.64453974 -006.35091182 54
115  36.64452176 -006.35066204
120 Linear Feature 17
111  36.64387025 -006.34412925 55
115  36.64385315 -006.34389057
120 Linear Feature 16
111  36.64326933 -006.33791068 54
115  36.64321026 -006.33726362
120 Linear Feature 15
111  36.64246836 -006.32979620 54
115  36.64240818 -006.32911641
120 Linear Feature 117
111  36.64193961 -006.33117670 51
112  36.64171338 -006.33148946  36.64147692 -006.33154185 51
111  36.64114324 -006.33159751 51
111  36.64035240 -006.33174814 51
116  36.64005550 -006.33156477  36.63998719 -006.33137813
120 Linear Feature 116
111  36.64160290 -006.33172136 51
115  36.64158192 -006.33153396
120 Linear Feature 138
111  36.64203211 -006.33551992 22
111  36.64181631 -006.33554629 22
115  36.64163436 -006.33371115
120 Linear Feature 125
111  36.64681440 -006.35744415 53 102
116  36.64633242 -006.35817948  36.64636733 -006.35882652
120 Linear Feature 124
112  36.64618333 -006.35661247  36.64624656 -006.35721554 53 102
115  36.64679010 -006.35719531
120 Linear Feature 127
111  36.64230565 -006.34849541 51
116  36.64199683 -006.34806769  36.64163525 -006.34805241
120 Linear Feature 126
111  36.64297940 -006.34876121 51
111  36.64261167 -006.34936318 51
112  36.64239136 -006.34945471  36.64226197 -006.34938062 51
112  36.64225148 -006.34923679  36.64224448 -006.34918014 51
112  36.64228645 -006.34897965  36.64229344 -006.34889249 51
112  36.64226896 -006.34857869  36.64229694 -006.34852203 51
112  36.64238087 -006.34825618  36.64238786 -006.34818209 51
115  36.64234987 -006.34772769
120 Linear Feature 1
111  36.64635728 -006.35738202 51 101
111  36.64901854 -006.35698103 51 101
112  36.64931929 -006.35702462  36.64946267 -006.35709872 51 101
112  36.64965151 -006.35695053  36.64969255 -006.35684329 51 101
112  36.64963053 -006.35657568  36.64956408 -006.35644056 51 101
112  36.64943119 -006.35640570  36.64941021 -006.35640134 51 101
111  36.64905701 -006.35646236 51 101
112  36.64873528 -006.35675003  36.64860939 -006.35697668 51 101
116  36.64839829 -006.35707515  36.64837032 -006.35707951
21  36.64292390 -006.33262685 2 277.0300 3.0 New Light Fixture 3
21  36.64738743 -006.36743359 2 95.6000 3.0 New Light Fixture 2
20  36.64202545 -006.33383813 100.3000 0 4 {@L}P{@@}{@L}P
20  36.64541162 -006.36273532 275.3100 0 4 {@Y}A{^r}
20  36.64565831 -006.36558942 95.9500 0 4 {@Y}{^l}A
20  36.64560534 -006.35856484 97.1200 0 4 {@Y}B{^r}
20  36.64438549 -006.35831004 97.1200 0 4 {@Y}B{^r}
20  36.64520673 -006.35793420 5.6000 0 4 {@L}B{@@}{@L}B
20  36.64389681 -006.34436440 5.6000 0 4 {@L}D{@@}{@L}D
20  36.64328034 -006.33813990 5.6000 0 4 {@L}E{@@}{@L}E
20  36.64318417 -006.33700850 5.6000 0 4 {@L}E{@@}{@L}E
20  36.64382488 -006.34363665 5.6000 0 4 {@L}D{@@}{@L}D
20  36.64449638 -006.35037135 5.6000 0 4 {@L}C{@@}{@L}C
20  36.64457098 -006.35121068 5.6000 0 4 {@L}C{@@}{@L}C
20  36.64514714 -006.35720218 5.6000 0 4 {@L}B{@@}{@L}B
20  36.64368062 -006.33883527 98.1800 0 4 {@Y}E{^r}
20  36.64424338 -006.34487901 98.1800 0 4 {@Y}D{^r}
20  36.64494427 -006.35190819 99.4400 0 4 {@Y}C{^r}
20  36.64245773 -006.33858385 99.4400 0 4 {@Y}E{^r}
20  36.64306916 -006.34511469 99.4400 0 4 {@Y}D{^r}
20  36.64353279 -006.34889261 99.4400 0 4 {@Y}H{^r}
20  36.64373894 -006.35175970 99.4400 0 4 {@Y}C{^r}
20  36.64403012 -006.35490984 99.4400 0 4 {@Y}G{^r}
20  36.64343657 -006.33644420 278.8800 0 4 {@Y}{^l}E
20  36.64403061 -006.34292896 278.8800 0 4 {@Y}{^l}D
20  36.64475427 -006.34992128 278.8800 0 4 {@Y}{^l}C
20  36.64249979 -006.32997704 5.2000 0 4 {@R}STOP-28
20  36.64237613 -006.32892925 22.0400 0 4 {@R}28-STOP
20  36.64180892 -006.33199079 98.2800 0 4 {@Y}D-2{^r}
20  36.64174748 -006.33125061 278.8800 0 4 {@Y}{^l}D-2
20  36.64221156 -006.33584986 278.8800 0 4 {@Y}{^l}D-1
20  36.64230255 -006.33691936 278.8800 0 4 {@Y}{^l}E{@@}{@Y}D-1{^l}
20  36.64286167 -006.34316557 278.8800 0 4 {@Y}{^l}D
20  36.64325882 -006.34688224 278.8800 0 4 {@Y}{^l}H
20  36.64368249 -006.35025328 278.8800 0 4 {@Y}{^l}C
20  36.64389933 -006.35341885 278.8800 0 4 {@Y}{^l}G
20  36.64383210 -006.35464270 5.6000 0 4 {@L}G{@@}{@L}G
20  36.64325420 -006.34838161 8.7600 0 4 {@L}H{@@}{@L}H
20  36.64315362 -006.34751031 11.6700 0 4 {@L}H{@@}{@L}H
20  36.64375315 -006.35381677 5.6000 0 4 {@L}G{@@}{@L}G
20  36.64184974 -006.33820682 5.6000 0 4 {@L}E{@Y}{^l}10{@@}{@L}E
20  36.64255560 -006.34468852 5.6000 0 4 {@L}D{@Y}{^l}10{@@}{@L}D
20  36.64355843 -006.35136045 5.6000 0 4 {@L}C{@Y}{^l}10{@@}{@L}C
20  36.64422182 -006.35810077 5.6000 0 4 {@L}B{@Y}{^l}10{@@}{@L}B
20  36.64173375 -006.33741227 5.6000 0 4 {@Y}28{^r}{@L}E{@@}{@L}E
20  36.64247629 -006.34369949 5.6000 0 4 {@Y}28{^r}{@L}D{@@}{@L}D
20  36.64345997 -006.35057583 5.6000 0 4 {@Y}28{^r}{@L}C{@@}{@L}C
20  36.64414933 -006.35734691 5.6000 0 4 {@Y}28{^r}{@L}B{@@}{@L}B
20  36.64286764 -006.33648731 277.1100 0 4 {@Y}E{^r}
20  36.64359912 -006.34310705 278.2100 0 4 {@Y}D{^r}
20  36.64420751 -006.34998319 278.2100 0 4 {@Y}C{^r}
20  36.64488226 -006.35696441 278.2100 0 4 {@Y}B{^r}
20  36.64540187 -006.35667474 278.2100 0 4 {@Y}{^l}B
20  36.64425855 -006.35701081 278.2100 0 4 {@Y}{^l}B
20  36.64307145 -006.33865718 97.1200 0 4 {@Y}{^l}E
20  36.64373305 -006.34486773 97.1200 0 4 {@Y}{^l}D
20  36.64436930 -006.35170419 97.1200 0 4 {@Y}{^l}C
20  36.64498943 -006.35821895 97.1200 0 4 {@Y}{^l}B
20  36.64239267 -006.33149744 6.1600 0 4 {@Y}{^l}10-28{^r}
20  36.64283760 -006.33622815 6.1600 0 4 {@Y}{^l}10-28{^r}
20  36.64400419 -006.34786247 6.1600 0 4 {@Y}{^l}10-28{^r}
20  36.64457484 -006.35411927 6.1600 0 4 {@Y}{^l}10-28{^r}
20  36.64517699 -006.36019084 6.1600 0 4 {@Y}{^l}10-28{^r}
20  36.64365007 -006.36064042 6.1600 0 4 {@L}F
20  36.64360237 -006.36020728 6.1600 0 4 {@L}F
20  36.64451796 -006.35969616 276.9300 0 4 {@Y}{^l}F
20  36.64464614 -006.36094351 95.7100 0 4 {@Y}F{^r}
20  36.64596857 -006.36452083 4.6900 0 4 {@L}A{@@}{@L}A
20  36.64585631 -006.36339943 4.6900 0 4 {@L}A{@@}{@L}A
20  36.64652565 -006.37019060 6.4700 0 4 {@R}10-STOP
20  36.64641409 -006.36919817 6.4700 0 4 {@R}STOP-10
14  36.64193823 -006.35166675  82.02 0 New Tower Viewpoint 4
1300  36.64723800 -006.33610458 185.57 misc heavy|jets 42
1300  36.64737839 -006.33786335 185.57 misc heavy|jets 41
1300  36.64905270 -006.35697620 184.57 misc heavy|jets 40
15  36.64145600 -006.34718808  10.01 30
15  36.64136291 -006.34627157  10.01 31
15  36.64127913 -006.34535505  10.01 32
15  36.64117673 -006.34444434  10.01 33
15  36.64110226 -006.34350462  10.01 34
15  36.64106036 -006.34257651  10.01 35
15  36.64099055 -006.34166580  10.01 36
15  36.64086022 -006.34073769  10.01 37
15  36.64080603 -006.33980991  10.01 38
15  36.64074254 -006.33887172  10.01 39
15  36.63920963 -006.33910910  10.01 23
15  36.63930941 -006.34004728  10.01 22
15  36.63943639 -006.34094026  10.01 21
15  36.63950896 -006.34187844  10.01 20
15  36.64127806 -006.33612484  98.43 N-22
15  36.63841598 -006.32785551  97.76 L-01
15  36.63837605 -006.32749965  97.76 L-03
15  36.63832087 -006.32716240  97.76 L-05
15  36.63822104 -006.32684807  97.76 L-07
15  36.63818951 -006.32664834  97.76 L-09
15  36.63816061 -006.32644533  97.76 L-11
15  36.63865756 -006.32639302  97.76 L-10
15  36.63871536 -006.32673027  97.76 L-08
15  36.63881520 -006.32710026  97.76 L-06
15  36.63886775 -006.32744079  97.76 L-04
15  36.63890979 -006.32777476  97.76 L-02
15  36.64000910 -006.33557054 276.45 P-18
15  36.63998020 -006.33519236 276.45 P-16
15  36.63993974 -006.33481417 276.45 P-14
15  36.63987904 -006.33440717 276.45 P-12
15  36.63983280 -006.33402538 276.45 P-10
15  36.63978078 -006.33364720 276.45 P-08
15  36.63974321 -006.33324741 276.45 P-06
15  36.63970853 -006.33286922 276.45 P-04
15  36.63965650 -006.33248744 276.45 P-02
15  36.63919819 -006.33257556 276.45 P-03
15  36.63924732 -006.33296454 276.45 P-03
15  36.63929356 -006.33334273 276.45 P-05
15  36.63934558 -006.33373532 277.43 P-07
15  36.63938315 -006.33413151 277.43 P-09
15  36.63943229 -006.33449889 277.43 P-11
15  36.63946697 -006.33490949 277.43 P-13
15  36.63950454 -006.33529127 277.43 P-15
15  36.63954789 -006.33566946 277.43 P-17
15  36.63958546 -006.33606565 277.43 P-19
15  36.64007390 -006.33597201 277.43 P-20
15  36.64175924 -006.33394784  98.43 N-17
15  36.64182004 -006.33448636  98.43 N-18
15  36.64189386 -006.33508171  98.43 N-19
15  36.64137360 -006.33436315  98.43 N-13
15  36.64119337 -006.33439022  98.43 N-09
15  36.64101966 -006.33441186  98.43 N-05
15  36.64082858 -006.33444704  98.43 N-01
15  36.64087200 -006.33484485  98.43 N-02
15  36.64105874 -006.33482590  98.43 N-06
15  36.64123897 -006.33479072  98.43 N-10
15  36.64141920 -006.33477448  98.43 N-14
15  36.64146262 -006.33517499  98.43 N-15
15  36.64128891 -006.33519394  98.43 N-11
15  36.64110217 -006.33522100  98.43 N-07
15  36.64092629 -006.33525076  98.43 N-03
15  36.64095669 -006.33567292  98.43 N-04
15  36.64113909 -006.33564856  98.43 N-08
15  36.64133017 -006.33561880  98.43 N-12
15  36.64150171 -006.33559444  98.43 N-16
15  36.64146697 -006.33608967  98.43 N-21
19  36.64594340 -006.36639045 0 New Windsock 7
19  36.64469469 -006.33432240 0 New Windsock 8
19  36.64689123 -006.35215754 0 New Windsock 1
53 13070 GND
54 11975 TWR
55 12850 SEVILLA APP
54 34115 TWR HEL
50 26760 ATIS
99
