I
1000 Generated by WorldEditor

1   1758 0 0 LEA2 Fuente Obejuna
100 14.00 1 1 0.25 0 0 0 11  38.28115879 -005.39760035    0    0 2 0 0 0 29  38.28236321 -005.40429365    0    0 2 0 0 0
110 1 0.25 102.8900 Taxiway
112  38.28029900 -005.39874000  38.28034700 -005.39869400
112  38.28044000 -005.39867400  38.28048600 -005.39867600
112  38.28053000 -005.39878700  38.28054400 -005.39886100
112  38.28103100 -005.40144300  38.28104500 -005.40151700
112  38.28097200 -005.40160600  38.28091900 -005.40164100
112  38.28038300 -005.40198500  38.28033000 -005.40202000
112  38.28034600 -005.40213800  38.28037500 -005.40220500
112  38.28108900 -005.40388400  38.28111800 -005.40395100
112  38.28105300 -005.40404000  38.28100000 -005.40407700
111  38.28004100 -005.40474000
111  38.27823300 -005.40603400
111  38.27818900 -005.40593400
112  38.27988100 -005.40472300  38.27993300 -005.40468600
111  38.27991700 -005.40456600
111  38.27918200 -005.40279600
111  38.27831600 -005.40338200
111  38.27827400 -005.40328100
111  38.27913900 -005.40269500
111  38.27833300 -005.40075500
111  38.27832700 -005.40076200
113  38.27827300 -005.40067000
111  38.28014400 -005.40214400
111  38.27926100 -005.40274200
111  38.27999500 -005.40451100
112  38.28011600 -005.40455700  38.28016900 -005.40452000
112  38.28093100 -005.40399400  38.28098400 -005.40395700
112  38.28096700 -005.40383800  38.28093800 -005.40377100
114  38.28026600 -005.40219100  38.28023700 -005.40212400
111  38.28010100 -005.40204400
111  38.28013700 -005.40188900
111  38.27927000 -005.39986300
111  38.27840600 -005.40068600
113  38.27921800 -005.40264100
111  38.28032700 -005.39885600
111  38.27934300 -005.39979300
111  38.28021700 -005.40183600
112  38.28034000 -005.40188500  38.28039300 -005.40185000
112  38.28086800 -005.40154400  38.28092100 -005.40150900
112  38.28092700 -005.40138100  38.28091300 -005.40130700
112  38.28045800 -005.39889900  38.28044400 -005.39882500
114  38.28041800 -005.39878700  38.28040500 -005.39878600
110 1 0.25 102.8900 Taxiway
112  38.28138800 -005.40050200  38.28135300 -005.40051400
112  38.28116700 -005.40057900  38.28113200 -005.40059100
111  38.28111500 -005.40059700
112  38.28106300 -005.40061500  38.28102800 -005.40062700
111  38.28090300 -005.40067100
111  38.28088900 -005.40060500
111  38.28104900 -005.40054900
111  38.28110100 -005.40053100
112  38.28115300 -005.40051300  38.28118800 -005.40050100
111  38.28137400 -005.40043500
111  38.28142600 -005.40041700
112  38.28147800 -005.40040000  38.28151300 -005.40038900
112  38.28153300 -005.40038200  38.28156800 -005.40037100
112  38.28155600 -005.40020900  38.28153700 -005.40010500
111  38.28155600 -005.40020900
111  38.28171300 -005.40035900
111  38.28162700 -005.40058800
112  38.28162700 -005.40058800  38.28160700 -005.40048400
112  38.28154500 -005.40044900  38.28151000 -005.40046000
111  38.28149200 -005.40046700
113  38.28144000 -005.40048400
110 1 0.25 102.8900 Taxiway
112  38.28242100 -005.40485000  38.28242000 -005.40488800
112  38.28243200 -005.40496200  38.28244100 -005.40499900
112  38.28249900 -005.40524600  38.28250800 -005.40528300
112  38.28251300 -005.40535800  38.28251400 -005.40539600
112  38.28251300 -005.40541800  38.28251400 -005.40545600
112  38.28253600 -005.40552500  38.28255100 -005.40555800
111  38.28265300 -005.40578400
111  38.28276100 -005.40607000
111  38.28272000 -005.40609500
111  38.28261300 -005.40581000
111  38.28252500 -005.40561500
111  38.28267500 -005.40607600
111  38.28259200 -005.40612000
111  38.28229200 -005.40519500
112  38.28187800 -005.40403100  38.28185300 -005.40396200
112  38.28176200 -005.40387500  38.28170900 -005.40384000
112  38.28160400 -005.40387700  38.28155100 -005.40391300
111  38.28151600 -005.40393600
111  38.27829800 -005.40613500
111  38.27825500 -005.40603500
111  38.28147400 -005.40383600
111  38.28166900 -005.40371900
112  38.28194300 -005.40358700  38.28197100 -005.40357400
112  38.28200100 -005.40362000  38.28201200 -005.40365500
112  38.28225400 -005.40444200  38.28226500 -005.40447700
112  38.28229700 -005.40454000  38.28231500 -005.40457000
112  38.28233200 -005.40459700  38.28235000 -005.40462700
112  38.28239900 -005.40464400  38.28242600 -005.40464500
112  38.28247800 -005.40461700  38.28250400 -005.40459800
111  38.28293300 -005.40428400
111  38.28295600 -005.40433400
112  38.28250000 -005.40466700  38.28247400 -005.40468600
112  38.28244300 -005.40473000  38.28243000 -005.40475300
114  38.28242200 -005.40482200  38.28242100 -005.40486000
112  38.28237500 -005.40485800  38.28237600 -005.40482000
112  38.28237800 -005.40480400  38.28237900 -005.40476600
112  38.28239200 -005.40472400  38.28240000 -005.40470900
112  38.28237000 -005.40469900  38.28234800 -005.40469800
112  38.28230900 -005.40465300  38.28229000 -005.40462300
112  38.28225800 -005.40456800  38.28223900 -005.40453800
112  38.28221400 -005.40447000  38.28220300 -005.40443500
112  38.28197500 -005.40369600  38.28196400 -005.40366100
112  38.28191700 -005.40366500  38.28188900 -005.40368000
112  38.28180500 -005.40372400  38.28177700 -005.40373900
112  38.28183700 -005.40379500  38.28188600 -005.40382800
112  38.28194800 -005.40394700  38.28197300 -005.40401600
111  38.28237400 -005.40514900
111  38.28246900 -005.40544200
111  38.28246900 -005.40543400
112  38.28246900 -005.40536600  38.28246800 -005.40532800
112  38.28245500 -005.40525400  38.28244600 -005.40521700
114  38.28238600 -005.40497000  38.28237700 -005.40493300
110 4 0.25 102.8900 Taxiway
112  38.28135600 -005.40228900  38.28143000 -005.40223900
111  38.28146700 -005.40221400
112  38.28154200 -005.40216400  38.28159200 -005.40213100
111  38.28161700 -005.40211300
112  38.28177200 -005.40201000  38.28184700 -005.40196100
112  38.28185400 -005.40178000  38.28183400 -005.40167600
111  38.28185400 -005.40178000
111  38.28201800 -005.40195900
111  38.28194300 -005.40225200
112  38.28194300 -005.40225200  38.28192400 -005.40214800
112  38.28180200 -005.40217000  38.28172700 -005.40221900
111  38.28177700 -005.40218700
111  38.28166500 -005.40226100
111  38.28166500 -005.40226200
111  38.28158900 -005.40231300
111  38.28151400 -005.40236400
111  38.28119500 -005.40257800
113  38.28113600 -005.40243600
110 4 0.25 102.8900 Taxiway
112  38.28084900 -005.39621800  38.28084400 -005.39618100
111  38.28076700 -005.39559700
111  38.28058400 -005.39469500
111  38.28062700 -005.39468100
111  38.28081100 -005.39558500
112  38.28089300 -005.39620400  38.28089800 -005.39624100
112  38.28091600 -005.39631400  38.28092700 -005.39635000
112  38.28096000 -005.39646600  38.28097100 -005.39650200
112  38.28098700 -005.39653900  38.28099400 -005.39655200
112  38.28102500 -005.39651300  38.28104300 -005.39648200
112  38.28125900 -005.39610900  38.28127700 -005.39607800
112  38.28131700 -005.39602100  38.28133800 -005.39599300
111  38.28157600 -005.39566600
111  38.28160900 -005.39570500
112  38.28135100 -005.39605700  38.28133000 -005.39608500
112  38.28129300 -005.39614500  38.28127500 -005.39617600
111  38.28101600 -005.39662400
111  38.28083400 -005.39695300
112  38.28069800 -005.39719500  38.28068100 -005.39722600
112  38.28064100 -005.39728300  38.28062000 -005.39731000
112  38.28048900 -005.39748700  38.28046800 -005.39751400
112  38.28044100 -005.39758100  38.28043000 -005.39761600
112  38.28042300 -005.39763900  38.28041200 -005.39767400
112  38.28040500 -005.39774900  38.28040400 -005.39778700
112  38.28040300 -005.39787300  38.28040200 -005.39791100
112  38.28040500 -005.39798700  38.28040700 -005.39802500
111  38.28041700 -005.39817800
112  38.28041700 -005.39833600  38.28041700 -005.39837400
112  38.28040800 -005.39844900  38.28040200 -005.39848600
112  38.28039000 -005.39855100  38.28038400 -005.39858800
112  38.28035400 -005.39865300  38.28033600 -005.39868400
111  38.28028700 -005.39876500
111  38.28025100 -005.39873100
112  38.28031200 -005.39862900  38.28033000 -005.39859800
112  38.28034900 -005.39852700  38.28035600 -005.39849000
112  38.28036300 -005.39844300  38.28037000 -005.39840600
112  38.28037300 -005.39833000  38.28037300 -005.39829200
111  38.28037300 -005.39818000
112  38.28036000 -005.39798900  38.28035700 -005.39795100
112  38.28035700 -005.39787500  38.28035800 -005.39783700
112  38.28036100 -005.39773700  38.28036200 -005.39769900
112  38.28037400 -005.39764100  38.28038200 -005.39761500
112  38.28035100 -005.39763800  38.28032800 -005.39766200
111  38.27915700 -005.39885600
111  38.27881900 -005.39923900
111  38.27878900 -005.39919700
111  38.27912700 -005.39881200
112  38.28038900 -005.39752700  38.28041200 -005.39750300
112  38.28045500 -005.39745000  38.28047600 -005.39742300
112  38.28060700 -005.39724700  38.28062800 -005.39722000
112  38.28066400 -005.39715900  38.28068100 -005.39712800
111  38.28079800 -005.39691900
112  38.28094400 -005.39665400  38.28096100 -005.39662300
112  38.28095300 -005.39657800  38.28094200 -005.39655900
112  38.28092000 -005.39649400  38.28090900 -005.39645800
114  38.28087200 -005.39632800  38.28086100 -005.39629200
110 4 0.25 102.8900 Taxiway
111  38.28058600 -005.40296300
111  38.27960000 -005.40358900
111  38.27953500 -005.40342500
113  38.28052100 -005.40279900
110 4 0.25 102.8900 Taxiway
111  38.27952000 -005.40364500
111  38.27891800 -005.40403600
111  38.27885200 -005.40387300
113  38.27945400 -005.40348200
110 3 0.25 102.8900 Apron
111  38.28159400 -005.40037200
111  38.28093100 -005.40060100
111  38.28090200 -005.40042300
111  38.28088800 -005.40027100
111  38.28085300 -005.40007400
111  38.28077900 -005.39976100
111  38.28070500 -005.39937700
111  38.28062800 -005.39898800
111  38.28059300 -005.39878200
111  38.28056800 -005.39868500
111  38.28048000 -005.39851500
111  38.28043800 -005.39820200
111  38.28042400 -005.39801900
111  38.28042400 -005.39781300
111  38.28047000 -005.39761200
111  38.28051200 -005.39749500
111  38.28063500 -005.39738400
111  38.28072900 -005.39725400
111  38.28077200 -005.39714700
111  38.28086700 -005.39699000
111  38.28091700 -005.39692900
111  38.28094300 -005.39693800
111  38.28096300 -005.39697600
111  38.28098400 -005.39707500
111  38.28100700 -005.39724900
113  38.28108900 -005.39753600
110 3 0.25 102.8900 Apron
111  38.28214100 -005.40328900
111  38.28211400 -005.40332300
111  38.28208000 -005.40341600
111  38.28199100 -005.40339200
111  38.28189400 -005.40339700
111  38.28180900 -005.40344600
111  38.28170800 -005.40350500
111  38.28162700 -005.40356900
111  38.28157700 -005.40360800
111  38.28153100 -005.40360300
111  38.28150400 -005.40356400
111  38.28146900 -005.40346600
111  38.28134100 -005.40281200
111  38.28132200 -005.40271900
111  38.28129100 -005.40265500
111  38.28129100 -005.40255100
111  38.28129900 -005.40247800
113  38.28191100 -005.40208500
110 2 0.25 102.8900 Apron
111  38.28095000 -005.40334100
111  38.28078100 -005.40295400
111  38.28091200 -005.40285700
113  38.28108500 -005.40324900
110 2 0.25 102.8900 Apron
111  38.28111200 -005.40364500
111  38.28116500 -005.40377000
111  38.28132600 -005.40366200
111  38.28136500 -005.40375500
111  38.28113100 -005.40391600
111  38.28095600 -005.40350200
111  38.28110500 -005.40340200
113  38.28118800 -005.40359000
110 1 0.25 102.8900 Apron
111  38.28037600 -005.40095100
111  38.28027100 -005.40058500
111  38.28027100 -005.40055000
111  38.28063900 -005.40029600
111  38.28067200 -005.40028300
111  38.28071900 -005.40052300
111  38.28071100 -005.40053500
111  38.28049900 -005.40060900
111  38.28049600 -005.40062900
113  38.28055800 -005.40086900
110 3 0.25 102.8900 Apron
111  38.28092800 -005.40065300
111  38.28161200 -005.40041600
111  38.28189200 -005.40193500
111  38.28128200 -005.40236500
113  38.28108500 -005.40145300
110 2 0.25 102.8900 Apron
111  38.28096000 -005.40152200
111  38.28062500 -005.40174100
111  38.28061100 -005.40169700
111  38.28089300 -005.40150300
111  38.28091200 -005.40143800
111  38.28090300 -005.40135000
111  38.28087500 -005.40124600
111  38.28075200 -005.40082000
111  38.28057400 -005.40089300
111  38.28057000 -005.40089000
111  38.28050600 -005.40066300
111  38.28051300 -005.40063300
113  38.28077500 -005.40054200
110 2 0.25 102.8900 Apron
111  38.27914300 -005.40235000
111  38.28005100 -005.40172000
111  38.28016800 -005.40199900
113  38.27926500 -005.40263700
110 2 0.25 102.8900 Apron
111  38.27924600 -005.40118000
111  38.27918700 -005.40104600
111  38.27962400 -005.40075200
113  38.27968000 -005.40088300
110 2 0.25 102.8900 Apron
111  38.27903700 -005.40530300
111  38.27877300 -005.40465700
111  38.27902000 -005.40449300
113  38.27928100 -005.40513100
110 2 0.25 102.8900 Apron
111  38.28099800 -005.39617800
111  38.28096400 -005.39603700
111  38.28109900 -005.39599300
113  38.28112800 -005.39613300
110 2 0.25 102.8900 Apron
111  38.28088300 -005.39560000
111  38.28104100 -005.39549900
111  38.28110800 -005.39586300
113  38.28095100 -005.39592000
110 2 0.25 102.8900 Apron
111  38.27906000 -005.40362100
111  38.27897600 -005.40341300
111  38.27913400 -005.40330200
113  38.27922200 -005.40351400
110 2 0.25 102.8900 Apron
111  38.27927900 -005.39984300
111  38.28018600 -005.40196200
111  38.28016200 -005.40199800
113  38.27925600 -005.39986800
110 2 0.25 102.8900 Apron
111  38.27934400 -005.39978700
111  38.27935900 -005.39977100
111  38.28026800 -005.40191800
113  38.28023600 -005.40191100
110 2 0.25 102.8900 Apron
111  38.28079899 -005.40054759
111  38.28075699 -005.40056259
111  38.28042599 -005.39881659
111  38.28038599 -005.39882759
111  38.27934599 -005.39981559
111  38.27933699 -005.39979059
111  38.28038699 -005.39878359
113  38.28045299 -005.39878059
110 2 0.25 102.8900 Apron
111  38.28061600 -005.40172400
111  38.28027500 -005.40195000
111  38.28021700 -005.40187900
111  38.28025200 -005.40187400
111  38.28030000 -005.40189300
113  38.28060000 -005.40170100
110 2 0.25 102.8900 Apron
111  38.28029400 -005.40203300
111  38.28103400 -005.40156500
111  38.28104000 -005.40158800
111  38.28036500 -005.40201800
111  38.28034100 -005.40205300
111  38.28034600 -005.40210100
111  38.28060800 -005.40273800
111  38.28111900 -005.40395500
113  38.28110300 -005.40397800
120 Centreline for Path
112  38.28165450 -005.40183850  38.28170750 -005.40180683 51
111  38.28173400 -005.40179100 51
111  38.28167300 -005.40151600 51
111  38.28167300 -005.40151600 51
111  38.28160600 -005.40120800 51
115  38.28160600 -005.40120800
120 Centreline for Path
111  38.28167300 -005.40151600 51
115  38.28167300 -005.40151600
120 Centreline for Path
111  38.28167300 -005.40151600 51
115  38.28167300 -005.40151600
120 Centreline for Path
111  38.28160600 -005.40120800 51
115  38.28160600 -005.40120800
14  38.28397900 -005.40330200  39.00 0 Fuente Obejuna Tower
1300  38.28171400 -005.40245600  23.98 misc props|helos GA Ramp  3
1300  38.28157500 -005.40188600  15.70 misc props|helos GA Ramp  4
1300  38.28143700 -005.40127700  17.58 misc props|helos GA Ramp  5
1300  38.28150100 -005.40159700  19.37 misc props|helos GA Ramp  6
1300  38.28121600 -005.40022900   0.00 misc props|helos GA Ramp  7
1300  38.28115400 -005.39995200   0.00 misc props|helos GA Ramp  8
99
