I
1000	# Converted by FS2XPlane 3.26


1     3083 0 0 LEMM Marugan
100  26.00  1 1 0.25 0 0 0 35   40.90740858   -4.36807822  50.0   0.0 1  0 0 0 17   40.91399742   -4.37000778   0.0   0.0 1  0 0 0
100  26.00  1 1 0.25 0 0 0 12   40.91119453   -4.37293009 110.0   0.0 1  0 0 0 30   40.90913547   -4.36646591   0.0   0.0 1  0 0 0
14    40.91035900   -4.37483500   27 0 Marugan Tower

1300  40.91128700   -4.37132300   0.00 misc props|helos GA Ramp  1

1300  40.91124400   -4.37118800   0.00 misc props|helos GA Ramp  2

1300  40.91119900   -4.37103600   0.00 misc props|helos GA Ramp  3

1300  40.91144500   -4.37036100  74.94 misc props|helos GA Ramp  4

1300  40.91147300   -4.37053000 257.08 misc props|helos GA Ramp  5

51   13012 UNICOM

110  01 0.25 167.50 Taxiway
112   40.91163200   -4.37075700  40.91158400   -4.37078300 
111   40.91156000   -4.37079500 
111   40.91152800   -4.37068300 
112   40.91167000   -4.37060800  40.91172600   -4.37057900 
112   40.91178800   -4.37067400  40.91181100   -4.37074700 
111   40.91193000   -4.37113700 
111   40.91213100   -4.37179900 
111   40.91204700   -4.37184300 
112   40.91189600   -4.37134600  40.91187400   -4.37127300 
112   40.91179500   -4.37127100  40.91175000   -4.37129400 
111   40.91172700   -4.37130700 
111   40.91169500   -4.37119700 
112   40.91176200   -4.37116200  40.91180700   -4.37113800 
112   40.91179500   -4.37101600  40.91177200   -4.37094300 
114   40.91173800   -4.37082800  40.91171500   -4.37075500 

110  01 0.25 167.50 Taxiway
112   40.91079000   -4.37048000  40.91080200   -4.37051900 
111   40.91080800   -4.37053700 
112   40.91091300   -4.37085700  40.91093700   -4.37093000 
112   40.91101200   -4.37093200  40.91105400   -4.37090900 
111   40.91107600   -4.37089700 
111   40.91110800   -4.37100900 
112   40.91104600   -4.37104200  40.91100500   -4.37106400 
112   40.91101900   -4.37118400  40.91104200   -4.37125700 
112   40.91108600   -4.37139300  40.91110900   -4.37146600 
112   40.91118200   -4.37146800  40.91122300   -4.37144500 
111   40.91124300   -4.37143400 
111   40.91127700   -4.37154400 
112   40.91121600   -4.37157800  40.91117600   -4.37160100 
112   40.91118500   -4.37170600  40.91120400   -4.37176900 
112   40.91130400   -4.37180800  40.91136400   -4.37181400 
112   40.91134700   -4.37181200  40.91140700   -4.37181800 
112   40.91147500   -4.37192900  40.91150000   -4.37200100 
112   40.91154700   -4.37213300  40.91157200   -4.37220500 
112   40.91152100   -4.37232400  40.91147800   -4.37237900 
111   40.91139900   -4.37248200 
111   40.91131900   -4.37258600 
112   40.91112600   -4.37283400  40.91108300   -4.37288900 
112   40.91097000   -4.37263200  40.91090900   -4.37244200 
111   40.91097000   -4.37263200
111   40.91111200   -4.37228400
112   40.91111200   -4.37228400  40.91117300   -4.37247400 
112   40.91123000   -4.37253500  40.91124800   -4.37251200 
111   40.91125700   -4.37250000 
112   40.91128600   -4.37246300  40.91130500   -4.37243800 
112   40.91128000   -4.37231600  40.91125700   -4.37224300 
111   40.91114100   -4.37187800 
111   40.91105600   -4.37160300 
111   40.91088400   -4.37106600 
112   40.91078000   -4.37074900  40.91075600   -4.37067600 
112   40.91072500   -4.37065200  40.91071200   -4.37066000 
111   40.91070500   -4.37066400 
112   40.91065800   -4.37069100  40.91062700   -4.37071000 
112   40.91070300   -4.37100400  40.91076400   -4.37119400 
111   40.91070300   -4.37100400
111   40.91038000   -4.37078800 
111   40.91048600   -4.37032500
112   40.91048600   -4.37032500  40.91054700   -4.37051500 
112   40.91062200   -4.37058300  40.91065200   -4.37056500 
111   40.91066700   -4.37055600 
112   40.91068800   -4.37054300  40.91070200   -4.37053400 
112   40.91068600   -4.37045900  40.91067100   -4.37041200 
111   40.91066400   -4.37038900 
111   40.91055900   -4.37005500 
111   40.91000200   -4.36829500 
112   40.90988300   -4.36791600  40.90986000   -4.36784300 
112   40.90979400   -4.36774500  40.90975800   -4.36770400 
111   40.90974100   -4.36768300 
111   40.90929100   -4.36715800 
111   40.90935000   -4.36706900 
111   40.90980100   -4.36759300 
112   40.90985100   -4.36765100  40.90988400   -4.36769000 
112   40.90999000   -4.36770000  40.91005000   -4.36769400 
112   40.91000900   -4.36769800  40.91006900   -4.36769200 
112   40.91013100   -4.36780000  40.91015200   -4.36787400 
112   40.91021200   -4.36807800  40.91023300   -4.36815200 
112   40.91017300   -4.36824400  40.91012600   -4.36828100 
112   40.91013600   -4.36840800  40.91015900   -4.36848100 
112   40.91060600   -4.36989800  40.91062900   -4.36997100 
112   40.91069300   -4.37002500  40.91072800   -4.37003600 
111   40.91069300   -4.37002500
111   40.91071900   -4.37010700
112   40.91071900   -4.37010700  40.91068400   -4.37009600 
112   40.91070200   -4.37020000  40.91072500   -4.37027300 
112   40.91071200   -4.37023200  40.91073500   -4.37030500 
112   40.91080000   -4.37035800  40.91083500   -4.37036900 
111   40.91080000   -4.37035800
111   40.91082500   -4.37043800
114   40.91082500   -4.37043800  40.91079000   -4.37042700 
112   40.91003100   -4.36807700  40.91005400   -4.36815000 
112   40.91009900   -4.36816200  40.91012100   -4.36814500 
112   40.91010000   -4.36802600  40.91007900   -4.36795200 
112   40.91007100   -4.36792600  40.91005000   -4.36785200 
112   40.90999500   -4.36781900  40.90996600   -4.36782200 
114   40.90998600   -4.36793300  40.91000900   -4.36800600 
112   40.91131500   -4.37192800  40.91127400   -4.37192400 
112   40.91128800   -4.37203200  40.91131100   -4.37210500 
112   40.91134900   -4.37222600  40.91137200   -4.37229900 
112   40.91143000   -4.37227500  40.91146100   -4.37223500 
112   40.91143900   -4.37210700  40.91141400   -4.37203500 
114   40.91141500   -4.37204300  40.91139000   -4.37197100 

110  02 0.25 167.50 Taxiway
111   40.91156000   -4.37079500 
111   40.91110800   -4.37100900 
111   40.91107600   -4.37089700 
113   40.91152800   -4.37068300 

110  02 0.25 167.50 Taxiway
111   40.91135800   -4.37030900 
112   40.91071900   -4.37010700  40.91068400   -4.37009600 
112   40.91070200   -4.37020000  40.91072500   -4.37027300 
111   40.91070200   -4.37020000
111   40.91055900   -4.37005500 
111   40.91060600   -4.36989800
112   40.91060600   -4.36989800  40.91062900   -4.36997100 
112   40.91069300   -4.37002500  40.91072800   -4.37003600 
111   40.91143800   -4.37026100 
111   40.91161500   -4.37031600 
111   40.91160300   -4.37038600 
111   40.91152200   -4.37036100 
111   40.91147000   -4.37034400 
113   40.91141000   -4.37032600 

110  02 0.25 167.50 Taxiway
112   40.91080000   -4.37035800  40.91083500   -4.37036900 
111   40.91139000   -4.37053300 
111   40.91144300   -4.37054900 
111   40.91148500   -4.37063500 
111   40.91143200   -4.37061900 
112   40.91143200   -4.37061900  40.91139700   -4.37060800 
112   40.91082500   -4.37043800  40.91079000   -4.37042700 
112   40.91079000   -4.37048000  40.91080200   -4.37051900 
111   40.91079000   -4.37048000
111   40.91066400   -4.37038900 
111   40.91071200   -4.37023200
114   40.91071200   -4.37023200  40.91073500   -4.37030500 

110  02 0.25 167.50 Taxiway
111   40.91151200   -4.37129000 
111   40.91169500   -4.37119700 
111   40.91172700   -4.37130700 
111   40.91142100   -4.37146400 
111   40.91134500   -4.37137700 
113   40.91142800   -4.37133300 

120  Centreline for Taxi
111   40.90935400   -4.36715300 51
112   40.90970348   -4.36755947  40.90974849   -4.36761182 51
112   40.90982800   -4.36770400  40.90986600   -4.36774800 51
112   40.90991975   -4.36787970  40.90994291   -4.36795283 51
112   40.91000925   -4.36816230  40.91003242   -4.36823543 51
112   40.91011600   -4.36821750  40.91016400   -4.36818117 51
112   40.91015584   -4.36805193  40.91013440   -4.36797788 51
112   40.91010116   -4.36786307  40.91007972   -4.36778902 51
112   40.90997935   -4.36776077  40.90991959   -4.36776662 51
112   40.90997465   -4.36776123  40.90991488   -4.36776708 51
116   40.90991975   -4.36787970  40.90994291   -4.36795283

120  Centreline for Path
112   40.91128700   -4.37132300  40.91133833   -4.37129833 51
112   40.91138400   -4.37134750  40.91139733   -4.37138850 51
112   40.91133200   -4.37144900  40.91128400   -4.37147567 51
116   40.91117850   -4.37153450  40.91112417   -4.37156483

120  Centreline for Path
112   40.91124400   -4.37118800  40.91129800   -4.37115733 51
112   40.91134450   -4.37121400  40.91135750   -4.37126200 51
116   40.91138400   -4.37134750  40.91139733   -4.37138850

120  Centreline for Path
111   40.91124600   -4.37088200 51
112   40.91124623   -4.37088276  40.91126874   -4.37095625 51
112   40.91130250   -4.37106750  40.91131750   -4.37111717 51
116   40.91134450   -4.37121400  40.91135750   -4.37126200

120  Centreline for Path
112   40.91119900   -4.37103600  40.91125300   -4.37100733 51
116   40.91130250   -4.37106750  40.91131750   -4.37111717

120  Centreline for Taxi
112   40.91117850   -4.37153450  40.91112417   -4.37156483 51
112   40.91113137   -4.37168991  40.91115429   -4.37176318 51
112   40.91114863   -4.37174509  40.91117154   -4.37181836 51
112   40.91121770   -4.37196473  40.91124083   -4.37203788 51
112   40.91133330   -4.37233027  40.91135643   -4.37240342 51
112   40.91143211   -4.37235662  40.91147485   -4.37230104 51
112   40.91146689   -4.37231138  40.91150963   -4.37225579 51
112   40.91149284   -4.37212030  40.91146741   -4.37204850 51
112   40.91144516   -4.37198570  40.91141972   -4.37191390 51
112   40.91131738   -4.37186880  40.91125763   -4.37186266 51
112   40.91127262   -4.37186420  40.91121287   -4.37185807 51
116   40.91121770   -4.37196473  40.91124083   -4.37203788

120  Centreline for Taxi
112   40.91113137   -4.37168991  40.91110846   -4.37161664 51
112   40.91106192   -4.37147049  40.91103854   -4.37139748 51
112   40.91096008   -4.37115251  40.91093669   -4.37107950 51
112   40.91100825   -4.37099814  40.91106375   -4.37096823 51
112   40.91100875   -4.37099786  40.91106425   -4.37096795 51
116   40.91117664   -4.37091293  40.91123306   -4.37088622

120  Centreline for Taxi
112   40.91104097   -4.37245817  40.91110166   -4.37264806 51
112   40.91119656   -4.37266023  40.91123960   -4.37260505 51
112   40.91122344   -4.37262577  40.91126648   -4.37257059 51
112   40.91132800   -4.37249150  40.91135467   -4.37245717 51
116   40.91143211   -4.37235662  40.91147485   -4.37230104

120  Centreline for Taxi
112   40.91096008   -4.37115252  40.91093669   -4.37107951 51
112   40.91088929   -4.37093384  40.91086549   -4.37086107 51
112   40.91080271   -4.37066916  40.91077890   -4.37059639 51
112   40.91072650   -4.37058500  40.91069950   -4.37060167 51
112   40.91060404   -4.37065885  40.91054940   -4.37069141 51
112   40.91056996   -4.37067915  40.91051532   -4.37071172 51
116   40.91057903   -4.37101283  40.91063972   -4.37120272

120  Centreline for Taxi
112   40.91000925   -4.36816230  40.91003242   -4.36823543 51
112   40.91007867   -4.36838174  40.91010178   -4.36845490 51
112   40.91056533   -4.36992226  40.91058844   -4.36999542 51
112   40.91063480   -4.37014167  40.91065801   -4.37021478 51
112   40.91067120   -4.37025633  40.91069440   -4.37032944 51
112   40.91073650   -4.37046300  40.91075683   -4.37052767 51
116   40.91080271   -4.37066916  40.91082651   -4.37074193

120  Centreline for Taxi
112   40.91133200   -4.37144900  40.91138000   -4.37142233 51
112   40.91148785   -4.37136612  40.91154374   -4.37133753 51
112   40.91162715   -4.37129488  40.91168305   -4.37126629 51
116   40.91179454   -4.37120810  40.91185024   -4.37117884

120  Centreline for Taxi
112   40.91133330   -4.37233027  40.91135643   -4.37240342 51
116   40.91132800   -4.37249150  40.91130133   -4.37252583

120  Centreline for Taxi
112   40.90997465   -4.36776123  40.90991488   -4.36776708 51
116   40.90982800   -4.36770400  40.90979000   -4.36766000

120  Centreline for Taxi
112   40.91011600   -4.36821750  40.91006800   -4.36825383 51
116   40.91007867   -4.36838174  40.91010178   -4.36845490

120  Centreline for Taxi
112   40.91127262   -4.37186420  40.91121287   -4.37185807 51
116   40.91114863   -4.37174509  40.91112571   -4.37167182

120  Centreline for Taxi
112   40.91117850   -4.37153450  40.91112417   -4.37156483 51
116   40.91106192   -4.37147049  40.91103854   -4.37139748

120  Centreline for Taxi
112   40.91100825   -4.37099814  40.91095275   -4.37102805 51
116   40.91088929   -4.37093384  40.91086549   -4.37086107

120  Centreline for Taxi
112   40.91072650   -4.37058500  40.91075350   -4.37056833 51
116   40.91073650   -4.37046300  40.91071617   -4.37039833

120  Centreline for Taxi
112   40.91056533   -4.36992226  40.91058844   -4.36999542 51
116   40.91065245   -4.37004864  40.91068741   -4.37005974

120  Centreline for Taxi
112   40.91063480   -4.37014167  40.91061160   -4.37006856 51
116   40.91065245   -4.37004864  40.91068741   -4.37005974

120  Centreline for Taxi
112   40.91073650   -4.37046300  40.91071617   -4.37039833 51
116   40.91075861   -4.37038169  40.91079369   -4.37039215

120  Centreline for Taxi
112   40.91067120   -4.37025633  40.91069440   -4.37032944 51
116   40.91075861   -4.37038169  40.91079369   -4.37039215

120  Centreline for Taxi join
112   40.91138400   -4.37134750  40.91139733   -4.37138850 51
116   40.91148785   -4.37136612  40.91154374   -4.37133753

120  Centreline for Path
112   40.91128700   -4.37132300  40.91133833   -4.37129833 51
116   40.91134450   -4.37121400  40.91133150   -4.37116600

120  Centreline for Path
112   40.91124400   -4.37118800  40.91129800   -4.37115733 51
116   40.91130250   -4.37106750  40.91128750   -4.37101783

120  Centreline for Path
112   40.91124624   -4.37088277  40.91126875   -4.37095626 51
116   40.91119900   -4.37103600  40.91114500   -4.37106467

120  Taxi hold short
111   40.91131624   -4.37258134 54
115   40.91125976   -4.37250466

120  Taxi hold short
111   40.91070263   -4.37065877 54
115   40.91066937   -4.37056123

120  Taxi hold short
111   40.90974427   -4.36767818 54
115   40.90979773   -4.36759782

120  GA Ramp  1
111   40.91129468   -4.37135093 51
115   40.91127932   -4.37129507

120  GA Ramp  2
111   40.91125287   -4.37121531 51
115   40.91123513   -4.37116069

120  GA Ramp  3
111   40.91120738   -4.37106358 51
115   40.91119062   -4.37100842

110  03 0.25 167.50 Apron
111   40.91170400   -4.37051400
111   40.91170400   -4.37056800
111   40.91168800   -4.37060600
111   40.91095500   -4.37097400
111   40.91076600   -4.37041800
111   40.91146300   -4.37062200
111   40.91148000   -4.37061100
111   40.91149900   -4.37050200
111   40.91162100   -4.37054200
111   40.91163600   -4.37045800
111   40.91157600   -4.37044000
111   40.91160200   -4.37031700
111   40.91166800   -4.37036700
111   40.91169600   -4.37040800
113   40.91170800   -4.37046300

110  02 0.25 167.50 Apron
111   40.91128800   -4.37153700
111   40.91108900   -4.37090500
111   40.91152700   -4.37068900
111   40.91155000   -4.37067500
111   40.91173500   -4.37129800
113   40.91172100   -4.37131200

110  03 0.25 167.50 Apron
111   40.91134700   -4.37052700
111   40.91136000   -4.37045800
111   40.91147100   -4.37049200
113   40.91145900   -4.37055900

110  03 0.25 167.50 Apron
111   40.91132200   -4.37051700
111   40.91121000   -4.37048700
111   40.91122100   -4.37041700
113   40.91133400   -4.37045300

110  03 0.25 167.50 Apron
111   40.91118200   -4.37047500
111   40.91106800   -4.37044400
111   40.91108000   -4.37038100
113   40.91119400   -4.37040700

110  03 0.25 167.50 Apron
111   40.91104100   -4.37043100
111   40.91093100   -4.37040200
111   40.91094300   -4.37033400
113   40.91105100   -4.37037000

110  03 0.25 167.50 Apron
111   40.91114900   -4.37023900
111   40.91113700   -4.37030600
111   40.91102800   -4.37026400
113   40.91103900   -4.37020500

110  03 0.25 167.50 Apron
111   40.91129200   -4.37028800
111   40.91128100   -4.37035100
111   40.91116500   -4.37031500
113   40.91117700   -4.37024900

110  03 0.25 167.50 Apron
111   40.91142800   -4.37032900
111   40.91141800   -4.37039000
111   40.91131200   -4.37036100
113   40.91132200   -4.37029600

110  03 0.25 167.50 Apron
111   40.91157300   -4.37037300
111   40.91156000   -4.37043900
111   40.91144800   -4.37039900
113   40.91145900   -4.37033500

110  03 0.25 167.50 Apron
111   40.91392600   -4.37011500
111   40.91244200   -4.36966300
111   40.91246200   -4.36946300
113   40.91396600   -4.36988700

110  03 0.25 167.50 Apron
111   40.90741000   -4.36816700
111   40.90744700   -4.36799300
111   40.90947800   -4.36857400
113   40.90946500   -4.36878200

110  03 0.25 167.50 Apron
111   40.90949100   -4.36775200
111   40.90909400   -4.36660100
111   40.90924600   -4.36653800
113   40.90962800   -4.36771000

110  04 0.25 167.50 Apron
111   40.91224000   -4.37157000
111   40.91222500   -4.37168600
111   40.91216700   -4.37174300
111   40.91212600   -4.37179100
111   40.91188800   -4.37100600
111   40.91207100   -4.37090400
111   40.91207800   -4.37093800
111   40.91209500   -4.37099600
111   40.91211600   -4.37105000
111   40.91213400   -4.37111300
111   40.91215500   -4.37120100
111   40.91217900   -4.37129500
113   40.91220900   -4.37141700

110  03 0.25 167.50 Apron
111   40.91177200   -4.37062600
111   40.91194600   -4.37053800
111   40.91196200   -4.37055000
111   40.91206900   -4.37090500
113   40.91188900   -4.37100800

110  03 0.25 167.50 Apron
111   40.91138100   -4.37234000
111   40.91124500   -4.37193000
111   40.91137900   -4.37191700
113   40.91148900   -4.37221900

110  04 0.25 167.50 Apron
111   40.91120700   -4.37261000
111   40.91061000   -4.37070400
111   40.91075000   -4.37062900
113   40.91133000   -4.37242500

110  04 0.25 167.50 Apron
111   40.91057600   -4.37064000
111   40.91005300   -4.36899200
111   40.91026800   -4.36903900
113   40.91072000   -4.37052200

110  04 0.25 167.50 Apron
111   40.90995500   -4.36872700
111   40.90959100   -4.36751600
111   40.90987400   -4.36782500
113   40.91017900   -4.36878300

110  04 0.25 167.50 Apron
111   40.91006400   -4.36819400
111   40.90994600   -4.36781000
111   40.91004400   -4.36781000
113   40.91014600   -4.36816200

110  03 0.25 167.50 Apron
111   40.91101300   -4.37019600
111   40.91100200   -4.37025500
111   40.91090300   -4.37031900
111   40.91088800   -4.37038800
111   40.91073800   -4.37033800
113   40.91066900   -4.37008900

110  02 0.25 167.50 Apron
111   40.91179700   -4.37115100
111   40.91166500   -4.37072400
111   40.91171100   -4.37070200
113   40.91183600   -4.37112800

110  03 0.25 167.50 Apron
111   40.91111000   -4.37152000
111   40.91097500   -4.37106100
111   40.91111900   -4.37099200
113   40.91126200   -4.37145000

110  03 0.25 167.50 Apron
111   40.91186400   -4.37123500
111   40.91204900   -4.37183900
111   40.91130400   -4.37285100
111   40.91123700   -4.37266900
111   40.91156200   -4.37222000
111   40.91142200   -4.37183400
111   40.91121700   -4.37180900
113   40.91114800   -4.37160100

110  03 0.25 167.50 Apron
111   40.91183500   -4.37113500
111   40.91170400   -4.37120100
111   40.91167600   -4.37111700
111   40.91175300   -4.37107000
111   40.91176700   -4.37104200
111   40.91170100   -4.37082300
111   40.91168000   -4.37081500
111   40.91160200   -4.37085400
111   40.91157800   -4.37077500
113   40.91170900   -4.37071000

110  02 0.25 167.50 Apron
111   40.91167800   -4.37111600
111   40.91160000   -4.37085400
111   40.91168400   -4.37081000
111   40.91170100   -4.37081500
111   40.91177000   -4.37104400
113   40.91176200   -4.37106900

110  13 0.25 167.50 Apron
111   40.91196100   -4.37077100
111   40.91194900   -4.37077200
111   40.91193900   -4.37075500
111   40.91192900   -4.37075500
111   40.91192000   -4.37074900
111   40.91188900   -4.37065200
111   40.91189000   -4.37064000
111   40.91189400   -4.37062900
111   40.91192500   -4.37061100
111   40.91193500   -4.37061200
111   40.91194400   -4.37062100
111   40.91197300   -4.37072000
111   40.91197100   -4.37073400
111   40.91196500   -4.37074200
113   40.91196900   -4.37075800

110  02 0.25 167.50 Apron
111   40.91191700   -4.37079400
111   40.91187300   -4.37064400
111   40.91188000   -4.37062400
111   40.91194100   -4.37059100
111   40.91195100   -4.37059700
111   40.91199700   -4.37075300
111   40.91199100   -4.37077300
113   40.91193000   -4.37080300

110  02 0.25 167.50 Apron
111   40.91164000   -4.37044900
111   40.91162400   -4.37054700
111   40.91161500   -4.37056200
111   40.91087800   -4.37033700
111   40.91086900   -4.37032400
111   40.91088600   -4.37021600
111   40.91089300   -4.37021100
113   40.91163200   -4.37043700


99
