I
850	# Converted by FS2XPlane 3.11


1     609 1 0 LEBZ Talavera_La_Real_AB
100 60.05 01 00 0.25 0 2 1 13   38.898759   -6.834625   0.0 299.9 02 01 0 1 31   38.883795   -6.807905   0.0 299.9 02 01 0 1
21   38.897909   -6.832159 2 125.69 2.5 13
21   38.897208   -6.832805 3 125.69 2.5 13
21   38.884645   -6.810371 2 305.69 2.5 31
21   38.885346   -6.809725 3 305.69 2.5 31
102 H1  38.884782   -6.819322 276.55 30.00 30.00 01 00 00 0.25 1
102 H2  38.885128   -6.819271 276.50 30.00 30.00 01 00 00 0.25 1
102 H3  38.885061   -6.818531  96.50 30.00 30.00 01 00 00 0.25 1
102 H4  38.884708   -6.818581  96.50 30.00 30.00 01 00 00 0.25 1

110 01 0.25 125.69 Taxiway
111  38.882606   -6.820727 
111  38.882563   -6.820744 53
111  38.882493   -6.820453 
113  38.882536   -6.820436 53

110 01 0.25 125.69 Taxiway
112  38.881936   -6.809663  38.882043   -6.809564 59
111  38.883056   -6.808635 53 102
111  38.883275   -6.808435 53 102
112  38.883435   -6.808289  38.883541   -6.808191 53 102
112  38.883279   -6.807579  38.883069   -6.807204 
111  38.883279   -6.807579
111  38.884091   -6.807842 
111  38.884025   -6.808911
112  38.884025   -6.808911  38.883815   -6.808536 53 102
112  38.883550   -6.808495  38.883443   -6.808593 53 102
111  38.883389   -6.808641 53 102
111  38.883170   -6.808841 53 102
112  38.882212   -6.809721  38.882105   -6.809820 53 102
112  38.882105   -6.809967  38.882141   -6.810032 53 102
111  38.882160   -6.810065 53 102
112  38.884327   -6.813927  38.884404   -6.814064 53 102
112  38.884605   -6.813987  38.884713   -6.813890 53 102
111  38.885419   -6.813252 53 102
111  38.885776   -6.812929 53 102
112  38.885946   -6.812777  38.886054   -6.812680 53 102
112  38.885793   -6.812068  38.885583   -6.811693 
111  38.885793   -6.812068
111  38.886606   -6.812333 
111  38.886538   -6.813400
112  38.886538   -6.813400  38.886328   -6.813025 53 102
112  38.886061   -6.812983  38.885953   -6.813080 53 102
111  38.885890   -6.813137 53 102
111  38.885533   -6.813460 53 102
112  38.884721   -6.814193  38.884613   -6.814290 53 102
112  38.884674   -6.814545  38.884751   -6.814682 53 102
112  38.886707   -6.818185  38.886784   -6.818322 53 102
112  38.886900   -6.818158  38.886952   -6.818003 53 102
111  38.887551   -6.816216 53 102
112  38.887685   -6.815818  38.887737   -6.815663 53 102
112  38.887448   -6.815022  38.887238   -6.814647 
111  38.887448   -6.815022
111  38.888174   -6.815132 
111  38.888213   -6.816388
112  38.888213   -6.816388  38.888003   -6.816013 53 102
112  38.887820   -6.816058  38.887768   -6.816213 53 102
111  38.887733   -6.816316 53 102
112  38.887035   -6.818398  38.886983   -6.818553 53 102
112  38.887072   -6.818838  38.887149   -6.818976 53 102
112  38.887864   -6.820256  38.887941   -6.820394 53 102
112  38.888112   -6.820059  38.888201   -6.819790 53 102
111  38.888685   -6.818315 53 102
112  38.888798   -6.817975  38.888873   -6.817748 53 102
112  38.888596   -6.817072  38.888386   -6.816697 
111  38.888596   -6.817072
111  38.889371   -6.817269 
111  38.889460   -6.818613
112  38.889460   -6.818613  38.889250   -6.818238 53 102
112  38.889072   -6.818269  38.889023   -6.818415 53 102
111  38.888999   -6.818487 53 102
112  38.888346   -6.820476  38.888257   -6.820745 53 102
112  38.888328   -6.821086  38.888405   -6.821223 53 102
112  38.889986   -6.824046  38.890063   -6.824183 53 102
112  38.890263   -6.824106  38.890371   -6.824009 53 102
111  38.891442   -6.823048 53 102
112  38.891616   -6.822893  38.891724   -6.822796 53 102
112  38.891463   -6.822185  38.891253   -6.821810 
111  38.891463   -6.822185
111  38.891905   -6.821788
112  38.891905   -6.821788  38.892116   -6.822163 53 102
112  38.892382   -6.822205  38.892489   -6.822108 53 102
111  38.892543   -6.822059 53 102
111  38.893605   -6.821102 
111  38.893719   -6.821310 53 102
111  38.892657   -6.822267 53 102
112  38.892497   -6.822412  38.892390   -6.822509 53 102
112  38.892652   -6.823120  38.892862   -6.823495 
111  38.892652   -6.823120
111  38.892209   -6.823517
112  38.892209   -6.823517  38.891999   -6.823142 53 102
112  38.891732   -6.823099  38.891624   -6.823196 53 102
111  38.891556   -6.823256 53 102
112  38.890379   -6.824312  38.890271   -6.824409 53 102
112  38.890332   -6.824664  38.890409   -6.824801 53 102
112  38.892525   -6.828586  38.892602   -6.828723 53 102
112  38.892804   -6.828650  38.892913   -6.828555 53 102
111  38.893996   -6.827613 53 102
112  38.894171   -6.827461  38.894280   -6.827366 53 102
112  38.894020   -6.826756  38.893810   -6.826381 
111  38.894020   -6.826756
111  38.894836   -6.827027 
111  38.894766   -6.828089
112  38.894766   -6.828089  38.894556   -6.827714 53 102
112  38.894287   -6.827667  38.894178   -6.827761 53 102
111  38.894106   -6.827823 53 102
112  38.892920   -6.828855  38.892811   -6.828950 53 102
112  38.892871   -6.829204  38.892948   -6.829341 53 102
112  38.895055   -6.833109  38.895132   -6.833246 53 102
112  38.895332   -6.833170  38.895440   -6.833073 53 102
111  38.896377   -6.832237 53 102
111  38.896513   -6.832113 53 102
112  38.896689   -6.831957  38.896798   -6.831861 53 102
112  38.896537   -6.831250  38.896327   -6.830875 
111  38.896537   -6.831250
111  38.897351   -6.831517 
111  38.897282   -6.832582
112  38.897282   -6.832582  38.897072   -6.832207 53 102
112  38.896804   -6.832163  38.896695   -6.832259 53 102
111  38.896627   -6.832321 53 102
111  38.896491   -6.832445 59
112  38.895447   -6.833376  38.895339   -6.833473 59
112  38.895401   -6.833727  38.895478   -6.833864 59
111  38.895647   -6.834165 59
111  38.895716   -6.834288 53 102
112  38.896437   -6.835576  38.896514   -6.835713 53 102
112  38.896644   -6.835849  38.896705   -6.835894 53 102
112  38.896848   -6.835891  38.896923   -6.835875 53 102
112  38.897121   -6.835718  38.897228   -6.835619 53 102
111  38.898050   -6.834861 53 102
112  38.898225   -6.834701  38.898332   -6.834603 53 102
112  38.898071   -6.833991  38.897861   -6.833616 
111  38.898071   -6.833991
111  38.898883   -6.834254 
111  38.898817   -6.835323
112  38.898817   -6.835323  38.898607   -6.834948 53 102
112  38.898341   -6.834907  38.898234   -6.835005 53 102
111  38.898166   -6.835067 53 102
112  38.897199   -6.835958  38.897092   -6.836057 53 102
112  38.896869   -6.836144  38.896756   -6.836169 53 102
112  38.896559   -6.836078  38.896465   -6.836009 53 102
112  38.896301   -6.835770  38.896224   -6.835633 53 102
111  38.895554   -6.834436 53 102
111  38.895487   -6.834313 53 102
111  38.895066   -6.833565 53 102
111  38.892536   -6.829040 53 102
112  38.890141   -6.824759  38.890064   -6.824622 53 102
112  38.889828   -6.824545  38.889696   -6.824540 53 102
112  38.887143   -6.824430  38.887011   -6.824425 53 102
112  38.886759   -6.824336  38.886635   -6.824279 53 102
112  38.885918   -6.823948  38.885794   -6.823891 53 102
112  38.885591   -6.823683  38.885497   -6.823564 53 102
111  38.885175   -6.823155 53 102
111  38.885046   -6.823019 
111  38.884917   -6.822882 
111  38.884929   -6.822830 
111  38.884903   -6.822811 
112  38.884681   -6.822529  38.884587   -6.822410 
111  38.884508   -6.822220 
111  38.884477   -6.822090 
111  38.884429   -6.821891 
111  38.884410   -6.821809 
111  38.884390   -6.821727 
111  38.884342   -6.821527 
111  38.884322   -6.821442 
111  38.884301   -6.821357 
111  38.884253   -6.821157 
111  38.884232   -6.821073 
111  38.884212   -6.820988 
111  38.884164   -6.820789 
111  38.884143   -6.820702 
111  38.884122   -6.820614 
111  38.884074   -6.820414 
111  38.884054   -6.820328 
111  38.884033   -6.820242 
111  38.883984   -6.820043 
111  38.883964   -6.819959 
111  38.883944   -6.819876 
111  38.883896   -6.819677 
111  38.883881   -6.819615 
111  38.883866   -6.819553 
111  38.883796   -6.819262 
111  38.883781   -6.819200 
111  38.883766   -6.819138 
111  38.883717   -6.818939 
111  38.883697   -6.818855 
111  38.883676   -6.818770 
111  38.883628   -6.818572 
111  38.883608   -6.818487 
111  38.883587   -6.818402 
111  38.883539   -6.818204 
111  38.883480   -6.817962 
112  38.883474   -6.817940  38.883435   -6.817779 
112  38.883479   -6.817457  38.883522   -6.817296 
111  38.883658   -6.816779 
111  38.883896   -6.816281 
111  38.883806   -6.816230 53 102
112  38.884246   -6.814570  38.884289   -6.814410 53 102
112  38.884194   -6.814124  38.884117   -6.813987 53 102
111  38.882000   -6.810213 59
114  38.881888   -6.810012  38.881813   -6.809878 59
111  38.885311   -6.822971 53 102
112  38.885699   -6.823464  38.885793   -6.823583 53 102
112  38.886026   -6.823728  38.886150   -6.823785 53 102
112  38.886797   -6.824084  38.886921   -6.824141 53 102
112  38.887181   -6.824178  38.887313   -6.824183 53 102
112  38.889682   -6.824285  38.889814   -6.824290 53 102
112  38.889765   -6.824087  38.889688   -6.823950 53 102
111  38.887971   -6.820883 53 102
112  38.886912   -6.818988  38.886835   -6.818851 53 102
112  38.886600   -6.818811  38.886469   -6.818830 53 102
111  38.885315   -6.818997 
111  38.885293   -6.818745 53 102
112  38.886469   -6.818574  38.886600   -6.818555 53 102
112  38.886550   -6.818339  38.886473   -6.818202 53 102
112  38.884567   -6.814789  38.884490   -6.814652 53 102
112  38.884388   -6.814823  38.884345   -6.814983 53 102
111  38.883992   -6.816317 53 102
111  38.883846   -6.816861 53 102
112  38.883687   -6.817462  38.883644   -6.817622 53 102
112  38.883682   -6.817944  38.883721   -6.818105 53 102
111  38.883771   -6.818307 53 102
111  38.883860   -6.818676 53 102
112  38.883893   -6.818810  38.883915   -6.818899 53 102
112  38.884123   -6.818916  38.884254   -6.818897 53 102
111  38.884529   -6.818857 
111  38.884551   -6.819109 53 102
112  38.884183   -6.819162  38.884052   -6.819181 53 102
112  38.884013   -6.819302  38.884031   -6.819376 53 102
111  38.884040   -6.819412 53 102
111  38.884129   -6.819782 53 102
111  38.884218   -6.820148 53 102
111  38.884307   -6.820522 53 102
111  38.884397   -6.820893 53 102
111  38.884486   -6.821264 53 102
111  38.884575   -6.821634 53 102
111  38.884662   -6.821997 53 102
112  38.884688   -6.822105  38.884705   -6.822178 53 102
112  38.884855   -6.822392  38.884949   -6.822511 53 102
113  38.885043   -6.822631 53 102

110 15 0.25 125.69 Apron path
111  38.884761   -6.822827 53 102
111  38.884784   -6.822685 
111  38.884819   -6.822560 
112  38.884898   -6.822588  38.884951   -6.822607 
112  38.885097   -6.822818  38.885177   -6.822953 
111  38.885097   -6.822818
111  38.885046   -6.823019
112  38.885046   -6.823019  38.884960   -6.822928 53 102
114  38.884839   -6.822855  38.884787   -6.822837 53 102

110 15 0.25 125.69 Apron path
112  38.883434   -6.817066  38.883509   -6.816953 53 102
112  38.883589   -6.816814  38.883618   -6.816759 53 102
112  38.883713   -6.816498  38.883767   -6.816343 53 102
111  38.883806   -6.816230 53 102
111  38.883898   -6.816276 
111  38.883896   -6.816281 
112  38.883845   -6.816603  38.883819   -6.816769 
112  38.883757   -6.816949  38.883724   -6.817014 
111  38.883707   -6.817046 
111  38.883622   -6.816979 
112  38.883523   -6.817230  38.883463   -6.817381 
112  38.883243   -6.817527  38.883116   -6.817574 
111  38.882952   -6.817635 
112  38.882514   -6.817799  38.882387   -6.817846 
112  38.882347   -6.817967  38.882362   -6.818032 
112  38.882549   -6.818131  38.882668   -6.818176 
112  38.882557   -6.818399  38.882481   -6.818370 
112  38.882497   -6.818573  38.882533   -6.818718 
112  38.882740   -6.818863  38.882867   -6.818911 
112  38.882812   -6.819155  38.882685   -6.819107 
112  38.882676   -6.819301  38.882712   -6.819446 
112  38.882921   -6.819591  38.883048   -6.819640 
112  38.882929   -6.819859  38.882844   -6.819826 
112  38.882861   -6.820052  38.882900   -6.820213 
112  38.882866   -6.820070  38.882905   -6.820231 
112  38.883054   -6.820362  38.883140   -6.820395 
112  38.883103   -6.820561  38.883017   -6.820528 
112  38.883034   -6.820754  38.883074   -6.820915 
112  38.883047   -6.820808  38.883087   -6.820969 
112  38.883236   -6.821100  38.883322   -6.821133 
112  38.883285   -6.821300  38.883199   -6.821267 
112  38.883216   -6.821492  38.883256   -6.821653 
112  38.883463   -6.821805  38.883588   -6.821853 
112  38.883470   -6.822073  38.883389   -6.822042 
112  38.883408   -6.822268  38.883448   -6.822429 
112  38.883477   -6.822549  38.883517   -6.822710 
112  38.883661   -6.822742  38.883744   -6.822709 
111  38.883784   -6.822693 
112  38.884121   -6.822562  38.884328   -6.822481 
112  38.884608   -6.822563  38.884726   -6.822644 
112  38.884695   -6.822813  38.884651   -6.822804 53 102
112  38.884319   -6.822919  38.884112   -6.822999 53 102
111  38.883878   -6.823091 53 102
112  38.883662   -6.823177  38.883517   -6.823234 53 102
112  38.883385   -6.823021  38.883345   -6.822860 53 102
111  38.883103   -6.821873 53 102
111  38.882923   -6.821144 53 102
111  38.882741   -6.820406 53 102
111  38.882557   -6.819659 53 102
111  38.882378   -6.818932 53 102
111  38.882198   -6.818203 53 102
112  38.882133   -6.817940  38.882094   -6.817779 53 102
112  38.882264   -6.817627  38.882391   -6.817580 53 102
111  38.882898   -6.817391 53 102
114  38.883131   -6.817305  38.883258   -6.817258 53 102

120 Centreline for Taxi
111  38.882578   -6.820708 51
115  38.882521   -6.820472

120 Centreline for Path
111  38.894420   -6.820529 51
112  38.894335   -6.820606  38.894261   -6.820672 51
112  38.894113   -6.820804  38.894040   -6.820870 51
112  38.894112   -6.820806  38.894038   -6.820872 51
112  38.893838   -6.821049  38.893730   -6.821146 51
112  38.893825   -6.821062  38.893716   -6.821158 51
116  38.893500   -6.821352  38.893392   -6.821449

120 Centreline for Path
111  38.894310   -6.820320 51
112  38.894226   -6.820395  38.894152   -6.820461 51
112  38.894170   -6.820600  38.894206   -6.820670 51
116  38.894113   -6.820804  38.894040   -6.820870

120 Centreline for Path
111  38.894217   -6.820148 51
112  38.894134   -6.820222  38.894061   -6.820289 51
112  38.894070   -6.820408  38.894100   -6.820465 51
116  38.894170   -6.820600  38.894206   -6.820670

120 Centreline for Path
111  38.894126   -6.819978 51
112  38.894044   -6.820051  38.893970   -6.820117 51
112  38.893979   -6.820236  38.894009   -6.820293 51
116  38.894070   -6.820408  38.894100   -6.820465

120 Centreline for Taxi C2
112  38.886072   -6.811972  38.886282   -6.812347 51
112  38.886225   -6.812681  38.886117   -6.812778 51
112  38.885995   -6.812887  38.885887   -6.812984 51
112  38.885671   -6.813179  38.885564   -6.813277 51
112  38.885638   -6.813210  38.885530   -6.813307 51
112  38.885314   -6.813502  38.885206   -6.813599 51
112  38.884582   -6.814163  38.884474   -6.814260 51
116  38.884356   -6.814549  38.884314   -6.814710

120 Centreline for Taxi C3
112  38.887640   -6.814771  38.887850   -6.815146 51
112  38.887877   -6.815567  38.887824   -6.815723 51
112  38.887720   -6.816033  38.887668   -6.816188 51
112  38.887564   -6.816499  38.887512   -6.816655 51
112  38.886922   -6.818414  38.886870   -6.818569 51
116  38.886647   -6.818676  38.886516   -6.818695

120 Centreline for Taxi C4
112  38.888167   -6.821015  38.888090   -6.820878 51
112  38.888184   -6.820405  38.888272   -6.820135 51
112  38.888709   -6.818805  38.888798   -6.818536 51
112  38.888976   -6.817998  38.889066   -6.817729 51
112  38.889018   -6.817874  38.889107   -6.817605 51
116  38.888837   -6.816908  38.888627   -6.816533

120 Centreline for Taxi C13
112  38.890193   -6.824634  38.890116   -6.824497 51
112  38.889880   -6.824420  38.889749   -6.824414 51
112  38.887162   -6.824304  38.887030   -6.824299 51
112  38.886778   -6.824210  38.886654   -6.824153 51
112  38.885972   -6.823838  38.885848   -6.823781 51
112  38.885645   -6.823574  38.885551   -6.823455 51
112  38.885382   -6.823239  38.885288   -6.823120 51
112  38.885107   -6.822891  38.885018   -6.822778 51
116  38.884832   -6.822542  38.884738   -6.822423

120 Centreline for Taxi C8
112  38.896602   -6.835964  38.896679   -6.836020 51
112  38.896859   -6.836017  38.896952   -6.835996 51
112  38.897160   -6.835838  38.897267   -6.835739 51
112  38.897947   -6.835112  38.898054   -6.835013 51
112  38.898269   -6.834817  38.898377   -6.834719 51
112  38.898503   -6.834603  38.898610   -6.834505 51
116  38.898349   -6.833893  38.898139   -6.833518

120 Centreline for Path
112  38.893748   -6.819799  38.893796   -6.819890 51
112  38.893797   -6.820074  38.893781   -6.820165 51
112  38.893766   -6.820256  38.893751   -6.820348 51
112  38.893781   -6.820474  38.893805   -6.820527 51
112  38.893910   -6.820729  38.893971   -6.820846 51
116  38.893838   -6.821049  38.893730   -6.821146

120 Centreline for Path
112  38.893910   -6.820729  38.893849   -6.820612 51
112  38.893708   -6.820342  38.893635   -6.820201 51
112  38.893434   -6.819814  38.893361   -6.819673 51
116  38.893297   -6.819553  38.893279   -6.819520

120 Centreline for Taxi
112  38.884832   -6.822542  38.884738   -6.822423 51
112  38.884768   -6.822461  38.884674   -6.822342 51
112  38.884597   -6.822159  38.884577   -6.822076 51
112  38.884524   -6.821853  38.884495   -6.821732 51
112  38.884436   -6.821486  38.884406   -6.821363 51
112  38.884346   -6.821116  38.884317   -6.820993 51
112  38.884257   -6.820745  38.884227   -6.820621 51
112  38.884168   -6.820372  38.884138   -6.820248 51
112  38.884079   -6.820003  38.884049   -6.819881 51
112  38.883989   -6.819635  38.883960   -6.819512 51
112  38.883900   -6.819266  38.883871   -6.819143 51
112  38.883811   -6.818898  38.883781   -6.818775 51
112  38.883722   -6.818530  38.883692   -6.818407 51
112  38.883618   -6.818103  38.883578   -6.817941 51
112  38.883578   -6.817942  38.883539   -6.817781 51
112  38.883583   -6.817459  38.883625   -6.817299 51
112  38.883688   -6.817061  38.883731   -6.816900 51
116  38.883816   -6.816580  38.883859   -6.816420

120 Centreline for Path
112  38.884597   -6.822159  38.884577   -6.822076 51
112  38.884438   -6.821985  38.884352   -6.821951 51
112  38.884436   -6.821984  38.884350   -6.821951 51
112  38.884178   -6.821884  38.884092   -6.821851 51
112  38.884085   -6.821849  38.883999   -6.821816 51
112  38.883916   -6.821633  38.883890   -6.821523 51
112  38.883909   -6.821601  38.883882   -6.821490 51
112  38.883830   -6.821269  38.883803   -6.821159 51
112  38.883820   -6.821232  38.883794   -6.821121 51
112  38.883741   -6.820901  38.883715   -6.820790 51
112  38.883732   -6.820861  38.883705   -6.820751 51
112  38.883652   -6.820531  38.883626   -6.820420 51
112  38.883643   -6.820491  38.883616   -6.820381 51
112  38.883563   -6.820161  38.883537   -6.820050 51
112  38.883553   -6.820117  38.883526   -6.820007 51
112  38.883324   -6.819878  38.883198   -6.819829 51
112  38.883272   -6.819859  38.883146   -6.819810 51
112  38.882893   -6.819713  38.882767   -6.819665 51
112  38.882841   -6.819693  38.882714   -6.819645 51
112  38.882591   -6.819379  38.882552   -6.819217 51
112  38.882532   -6.819136  38.882492   -6.818975 51
112  38.882412   -6.818652  38.882372   -6.818490 51
112  38.882352   -6.818407  38.882312   -6.818246 51
112  38.882245   -6.817975  38.882215   -6.817847 51
112  38.882389   -6.817713  38.882516   -6.817666 51
112  38.882735   -6.817584  38.882862   -6.817537 51
112  38.883115   -6.817443  38.883242   -6.817396 51
112  38.883187   -6.817416  38.883314   -6.817369 51
112  38.883501   -6.817160  38.883584   -6.817036 51
112  38.883514   -6.817175  38.883440   -6.817308 51
112  38.883269   -6.817562  38.883180   -6.817687 51
112  38.883156   -6.817720  38.883067   -6.817845 51
112  38.883049   -6.818015  38.883066   -6.818088 51
112  38.883115   -6.818290  38.883141   -6.818400 51
112  38.883122   -6.818322  38.883149   -6.818433 51
112  38.882972   -6.818419  38.882845   -6.818373 51
112  38.882889   -6.818389  38.882762   -6.818343 51
112  38.882509   -6.818248  38.882383   -6.818200 51
112  38.882482   -6.818237  38.882355   -6.818189 51
116  38.882352   -6.818407  38.882392   -6.818569

120 Centreline for Path
112  38.882591   -6.819379  38.882631   -6.819540 51
112  38.882711   -6.819863  38.882750   -6.820025 51
112  38.882775   -6.820126  38.882815   -6.820287 51
112  38.882895   -6.820610  38.882935   -6.820772 51
112  38.882957   -6.820864  38.882997   -6.821025 51
112  38.883077   -6.821348  38.883117   -6.821510 51
112  38.883137   -6.821593  38.883177   -6.821754 51
112  38.883257   -6.822077  38.883297   -6.822239 51
112  38.883431   -6.822785  38.883471   -6.822946 51
112  38.883661   -6.822959  38.883774   -6.822915 51
112  38.884141   -6.822771  38.884347   -6.822691 51
112  38.884220   -6.822741  38.884427   -6.822660 51
112  38.884659   -6.822653  38.884746   -6.822676 51
112  38.884868   -6.822718  38.884921   -6.822739 51
116  38.885094   -6.822905  38.885192   -6.823009

120 Centreline for Path
112  38.883137   -6.821593  38.883177   -6.821754 51
112  38.883386   -6.821908  38.883513   -6.821957 51
112  38.883431   -6.821925  38.883557   -6.821974 51
112  38.883809   -6.822072  38.883935   -6.822121 51
112  38.883854   -6.822089  38.883980   -6.822138 51
112  38.884074   -6.822293  38.884096   -6.822380 51
112  38.884296   -6.822496  38.884422   -6.822545 51
112  38.884345   -6.822516  38.884472   -6.822564 51
112  38.884662   -6.822637  38.884747   -6.822671 51
116  38.884868   -6.822718  38.884921   -6.822739

120 Centreline for Path
112  38.883916   -6.821633  38.883943   -6.821744 51
112  38.883996   -6.821965  38.884022   -6.822075 51
112  38.884003   -6.821997  38.884030   -6.822108 51
116  38.884074   -6.822293  38.884096   -6.822380

120 Centreline for Path
112  38.884346   -6.821116  38.884317   -6.820993 51
112  38.884174   -6.820883  38.884088   -6.820851 51
112  38.883916   -6.820784  38.883830   -6.820750 51
112  38.883821   -6.820747  38.883735   -6.820713 51
112  38.883563   -6.820647  38.883477   -6.820614 51
112  38.882964   -6.820417  38.882878   -6.820384 51
116  38.882895   -6.820610  38.882935   -6.820772

120 Centreline for Path
112  38.884257   -6.820745  38.884227   -6.820621 51
112  38.884083   -6.820508  38.883997   -6.820474 51
112  38.884083   -6.820508  38.883997   -6.820474 51
112  38.883825   -6.820409  38.883738   -6.820376 51
112  38.883732   -6.820374  38.883646   -6.820342 51
116  38.883563   -6.820161  38.883537   -6.820050

120 Centreline for Path
112  38.884168   -6.820372  38.884138   -6.820248 51
112  38.883994   -6.820137  38.883908   -6.820104 51
112  38.883992   -6.820136  38.883906   -6.820103 51
112  38.883734   -6.820037  38.883648   -6.820004 51
112  38.883642   -6.820002  38.883556   -6.819969 51
112  38.883474   -6.819786  38.883447   -6.819676 51
112  38.883465   -6.819752  38.883439   -6.819641 51
112  38.883386   -6.819421  38.883359   -6.819310 51
112  38.883378   -6.819387  38.883351   -6.819277 51
112  38.883299   -6.819056  38.883272   -6.818946 51
112  38.883289   -6.819019  38.883263   -6.818908 51
112  38.883210   -6.818688  38.883184   -6.818577 51
112  38.883202   -6.818653  38.883175   -6.818543 51
112  38.883291   -6.818536  38.883378   -6.818568 51
112  38.883379   -6.818569  38.883465   -6.818601 51
112  38.883637   -6.818665  38.883723   -6.818698 51
116  38.883811   -6.818898  38.883841   -6.819021

120 Centreline for Path
112  38.883722   -6.818530  38.883692   -6.818407 51
112  38.883547   -6.818297  38.883461   -6.818266 51
112  38.883288   -6.818202  38.883202   -6.818171 51
112  38.883205   -6.818172  38.883118   -6.818140 51
116  38.883115   -6.818290  38.883141   -6.818400

120 Centreline for Path
112  38.883077   -6.821348  38.883037   -6.821187 51
112  38.883146   -6.821156  38.883232   -6.821189 51
112  38.883740   -6.821385  38.883826   -6.821418 51
112  38.883998   -6.821485  38.884084   -6.821518 51
112  38.884351   -6.821621  38.884437   -6.821654 51
116  38.884524   -6.821853  38.884552   -6.821974

120 Centreline for Path
112  38.882532   -6.819136  38.882492   -6.818975 51
112  38.882662   -6.818966  38.882788   -6.819014 51
112  38.883148   -6.819150  38.883275   -6.819198 51
112  38.883528   -6.819293  38.883654   -6.819341 51
112  38.883755   -6.819379  38.883882   -6.819426 51
116  38.883989   -6.819635  38.884019   -6.819758

120 Centreline for Taxi C11
112  38.883816   -6.816580  38.883859   -6.816420 51
112  38.883834   -6.816516  38.883877   -6.816356 51
112  38.883962   -6.816036  38.884004   -6.815875 51
112  38.884356   -6.814549  38.884399   -6.814389 51
116  38.884535   -6.814515  38.884612   -6.814653

120 Centreline for Path C11
112  38.883834   -6.816516  38.883877   -6.816356 51
112  38.883817   -6.816508  38.883764   -6.816663 51
112  38.883800   -6.816559  38.883746   -6.816714 51
116  38.883672   -6.816883  38.883641   -6.816943

120 Centreline for Path
112  38.883514   -6.817175  38.883588   -6.817041 51
116  38.883672   -6.816883  38.883703   -6.816822

120 Centreline for Taxi
112  38.885107   -6.822891  38.885196   -6.823004 51
116  38.885094   -6.822905  38.884996   -6.822801

120 Centreline for Taxi C12
112  38.885108   -6.818900  38.885239   -6.818881 51
112  38.885501   -6.818842  38.885632   -6.818823 51
112  38.886647   -6.818676  38.886778   -6.818657 51
116  38.886959   -6.818853  38.887036   -6.818991

120 Centreline for Path C12
112  38.884343   -6.819011  38.884474   -6.818992 51
112  38.884736   -6.818954  38.884867   -6.818935 51
116  38.885108   -6.818900  38.885239   -6.818881

120 Centreline for Taxi C12
112  38.884343   -6.819011  38.884212   -6.819030 51
112  38.884053   -6.819054  38.883922   -6.819073 51
116  38.883900   -6.819266  38.883930   -6.819389

120 Centreline for Path
112  38.884436   -6.821486  38.884406   -6.821363 51
112  38.884262   -6.821251  38.884176   -6.821218 51
112  38.883910   -6.821116  38.883824   -6.821083 51
116  38.883741   -6.820901  38.883715   -6.820790

120 Centreline for Path
112  38.884079   -6.820003  38.884049   -6.819881 51
112  38.883905   -6.819770  38.883819   -6.819737 51
112  38.883555   -6.819636  38.883469   -6.819603 51
116  38.883386   -6.819421  38.883359   -6.819310

120 Centreline for Path
112  38.883900   -6.819266  38.883871   -6.819143 51
112  38.883727   -6.819033  38.883640   -6.819001 51
112  38.883379   -6.818902  38.883293   -6.818869 51
116  38.883210   -6.818688  38.883184   -6.818577

120 Centreline for Taxi T5
112  38.892731   -6.829172  38.892654   -6.829035 51
112  38.892501   -6.828760  38.892424   -6.828622 51
112  38.890193   -6.824634  38.890116   -6.824497 51
116  38.889962   -6.824222  38.889885   -6.824084

120 Centreline for Taxi T4
112  38.889880   -6.824420  38.890012   -6.824425 51
112  38.889962   -6.824222  38.889885   -6.824084 51
112  38.888167   -6.821015  38.888090   -6.820878 51
116  38.887936   -6.820603  38.887859   -6.820465

120 Centreline for Taxi T3
112  38.888184   -6.820405  38.888095   -6.820674 51
112  38.887936   -6.820603  38.887859   -6.820465 51
112  38.886959   -6.818853  38.886882   -6.818716 51
116  38.886922   -6.818414  38.886974   -6.818258

120 Centreline for Taxi T2
112  38.886922   -6.818414  38.886870   -6.818569 51
112  38.886729   -6.818441  38.886652   -6.818303 51
112  38.884535   -6.814515  38.884458   -6.814378 51
116  38.884304   -6.814103  38.884227   -6.813966

120 Centreline for Taxi T7
112  38.896602   -6.835964  38.896524   -6.835907 51
112  38.896369   -6.835673  38.896292   -6.835535 51
112  38.895751   -6.834568  38.895674   -6.834431 51
112  38.895601   -6.834300  38.895578   -6.834259 51
112  38.895451   -6.834033  38.895374   -6.833896 51
112  38.895262   -6.833697  38.895185   -6.833560 51
116  38.895031   -6.833285  38.894954   -6.833147

120 Centreline for Taxi T6
112  38.895308   -6.833346  38.895200   -6.833443 51
112  38.895031   -6.833285  38.894954   -6.833147 51
112  38.892731   -6.829172  38.892654   -6.829035 51
116  38.892780   -6.828824  38.892889   -6.828729

120 Centreline for Taxi C7
112  38.895262   -6.833697  38.895185   -6.833560 51
112  38.895308   -6.833346  38.895417   -6.833249 51
112  38.896272   -6.832486  38.896380   -6.832389 51
112  38.896502   -6.832279  38.896547   -6.832238 51
112  38.896733   -6.832073  38.896841   -6.831977 51
112  38.896969   -6.831863  38.897078   -6.831767 51
116  38.896817   -6.831156  38.896606   -6.830781

120 Centreline for Taxi C1
112  38.884187   -6.808607  38.883977   -6.808232 51
112  38.883711   -6.808191  38.883604   -6.808290 51
112  38.883493   -6.808391  38.883386   -6.808489 51
112  38.883223   -6.808638  38.883150   -6.808705 51
112  38.882952   -6.808886  38.882845   -6.808984 51
112  38.882074   -6.809692  38.881967   -6.809791 51
116  38.881997   -6.809990  38.882052   -6.810089

120 Centreline for Taxi C6
112  38.894302   -6.826666  38.894512   -6.827041 51
112  38.894453   -6.827371  38.894343   -6.827465 51
112  38.894215   -6.827576  38.894106   -6.827671 51
112  38.893887   -6.827860  38.893778   -6.827955 51
112  38.892780   -6.828824  38.892671   -6.828919 51
116  38.892501   -6.828760  38.892424   -6.828622

120 Centreline for Taxi
112  38.881997   -6.809990  38.882052   -6.810089 51
112  38.882196   -6.810345  38.882273   -6.810482 51
112  38.884304   -6.814103  38.884381   -6.814240 51
116  38.884356   -6.814549  38.884314   -6.814710

120 Centreline for Taxi C5N
112  38.891742   -6.822090  38.891953   -6.822465 51
112  38.892220   -6.822507  38.892328   -6.822409 51
112  38.892438   -6.822309  38.892546   -6.822212 51
112  38.892762   -6.822017  38.892870   -6.821920 51
116  38.893500   -6.821352  38.893608   -6.821255

120 Centreline for Taxi C5
112  38.891742   -6.822090  38.891953   -6.822465 51
112  38.891896   -6.822798  38.891787   -6.822895 51
112  38.891661   -6.823007  38.891553   -6.823104 51
112  38.891337   -6.823298  38.891229   -6.823395 51
112  38.890240   -6.824282  38.890132   -6.824379 51
116  38.889880   -6.824420  38.889749   -6.824414

120 Centreline for Taxi join
112  38.890193   -6.824634  38.890116   -6.824497 51
116  38.890240   -6.824282  38.890348   -6.824185

120 Centreline for Taxi join
112  38.889962   -6.824222  38.890039   -6.824359 51
116  38.890240   -6.824282  38.890348   -6.824185

120 Centreline for Taxi join
112  38.883811   -6.818898  38.883841   -6.819021 51
116  38.884053   -6.819054  38.884184   -6.819035

120 Centreline for Taxi join
112  38.883811   -6.818898  38.883841   -6.819021 51
116  38.883727   -6.819033  38.883640   -6.819001

120 Centreline for Taxi join
112  38.884053   -6.819054  38.883922   -6.819073 51
116  38.883727   -6.819033  38.883640   -6.819001

120 Centreline for Taxi C7
112  38.897447   -6.832282  38.897237   -6.831907 51
116  38.896969   -6.831863  38.896861   -6.831959

120 Centreline for Taxi C6
112  38.894932   -6.827792  38.894722   -6.827417 51
116  38.894453   -6.827371  38.894343   -6.827465

120 Centreline for Taxi C5N
112  38.892373   -6.823216  38.892163   -6.822841 51
116  38.892220   -6.822507  38.892328   -6.822409

120 Centreline for Taxi C5
112  38.892373   -6.823216  38.892163   -6.822841 51
116  38.891896   -6.822798  38.891787   -6.822895

120 Centreline for Taxi join
112  38.892220   -6.822507  38.892112   -6.822604 51
116  38.891896   -6.822798  38.891787   -6.822895

120 Centreline for Taxi join
112  38.884535   -6.814515  38.884458   -6.814378 51
116  38.884582   -6.814163  38.884690   -6.814066

120 Centreline for Taxi join
112  38.884304   -6.814103  38.884381   -6.814240 51
116  38.884582   -6.814163  38.884690   -6.814066

120 Centreline for Taxi C2
112  38.886225   -6.812681  38.886333   -6.812584 51
116  38.886702   -6.813098  38.886913   -6.813473

120 Centreline for Taxi C3
112  38.887877   -6.815567  38.887929   -6.815412 51
116  38.888270   -6.815897  38.888480   -6.816272

120 Centreline for Taxi join
112  38.886647   -6.818676  38.886778   -6.818657 51
116  38.886729   -6.818441  38.886652   -6.818303

120 Centreline for Taxi join
112  38.886959   -6.818853  38.886882   -6.818716 51
116  38.886729   -6.818441  38.886652   -6.818303

120 Centreline for Taxi C4
112  38.889018   -6.817874  38.889107   -6.817605 51
116  38.889468   -6.818034  38.889678   -6.818409

120 Centreline for Path
112  38.894112   -6.820806  38.894038   -6.820872 51
116  38.893910   -6.820729  38.893849   -6.820612

120 Centreline for Path
112  38.894170   -6.820600  38.894206   -6.820670 51
116  38.894335   -6.820606  38.894408   -6.820540

120 Centreline for Path
112  38.894070   -6.820408  38.894100   -6.820465 51
116  38.894226   -6.820395  38.894300   -6.820329

120 Centreline for Path
112  38.893979   -6.820236  38.894009   -6.820293 51
116  38.894134   -6.820222  38.894208   -6.820156

120 Centreline for Path
112  38.893708   -6.820342  38.893781   -6.820483 51
116  38.893781   -6.820474  38.893755   -6.820421

120 Centreline for Path
112  38.883854   -6.822089  38.883980   -6.822138 51
116  38.884003   -6.821997  38.883977   -6.821887

120 Centreline for Path
112  38.883257   -6.822077  38.883217   -6.821916 51
116  38.883386   -6.821908  38.883513   -6.821957

120 Centreline for Path
112  38.882957   -6.820864  38.882997   -6.821025 51
116  38.883146   -6.821156  38.883232   -6.821189

120 Centreline for Path
112  38.883909   -6.821601  38.883882   -6.821490 51
116  38.883740   -6.821385  38.883654   -6.821352

120 Centreline for Path
112  38.883909   -6.821601  38.883882   -6.821490 51
116  38.883998   -6.821485  38.884084   -6.821518

120 Centreline for Path
112  38.883830   -6.821269  38.883856   -6.821380 51
116  38.883740   -6.821385  38.883654   -6.821352

120 Centreline for Path
112  38.883830   -6.821269  38.883856   -6.821380 51
116  38.883998   -6.821485  38.884084   -6.821518

120 Centreline for Path
112  38.883732   -6.820861  38.883705   -6.820751 51
116  38.883821   -6.820747  38.883907   -6.820781

120 Centreline for Path
112  38.883732   -6.820861  38.883705   -6.820751 51
116  38.883563   -6.820647  38.883477   -6.820614

120 Centreline for Path
112  38.883652   -6.820531  38.883679   -6.820641 51
116  38.883821   -6.820747  38.883907   -6.820781

120 Centreline for Path
112  38.883652   -6.820531  38.883679   -6.820641 51
116  38.883563   -6.820647  38.883477   -6.820614

120 Centreline for Path
112  38.882775   -6.820126  38.882815   -6.820287 51
116  38.882964   -6.820417  38.883050   -6.820450

120 Centreline for Path
112  38.883324   -6.819878  38.883450   -6.819927 51
116  38.883474   -6.819786  38.883447   -6.819676

120 Centreline for Path
112  38.883324   -6.819878  38.883450   -6.819927 51
116  38.883642   -6.820002  38.883728   -6.820035

120 Centreline for Path
112  38.883553   -6.820117  38.883526   -6.820007 51
116  38.883474   -6.819786  38.883447   -6.819676

120 Centreline for Path
112  38.883553   -6.820117  38.883526   -6.820007 51
116  38.883642   -6.820002  38.883728   -6.820035

120 Centreline for Path
112  38.883378   -6.819387  38.883351   -6.819277 51
116  38.883148   -6.819150  38.883022   -6.819102

120 Centreline for Path
112  38.883378   -6.819387  38.883351   -6.819277 51
116  38.883528   -6.819293  38.883654   -6.819341

120 Centreline for Path
112  38.883299   -6.819056  38.883325   -6.819167 51
116  38.883148   -6.819150  38.883022   -6.819102

120 Centreline for Path
112  38.883299   -6.819056  38.883325   -6.819167 51
116  38.883528   -6.819293  38.883654   -6.819341

120 Centreline for Path
112  38.882412   -6.818652  38.882452   -6.818813 51
116  38.882662   -6.818966  38.882788   -6.819014

120 Centreline for Path
112  38.882711   -6.819863  38.882671   -6.819702 51
116  38.882841   -6.819693  38.882967   -6.819741

120 Centreline for Path
112  38.882972   -6.818419  38.883099   -6.818465 51
116  38.883202   -6.818653  38.883228   -6.818764

120 Centreline for Path
112  38.882972   -6.818419  38.883099   -6.818465 51
116  38.883291   -6.818536  38.883378   -6.818568

120 Centreline for Path
112  38.883202   -6.818653  38.883175   -6.818543 51
116  38.883122   -6.818322  38.883096   -6.818212

120 Centreline for Path
112  38.883122   -6.818322  38.883149   -6.818433 51
116  38.883291   -6.818536  38.883378   -6.818568

120 Centreline for Path
112  38.882245   -6.817975  38.882277   -6.818101 51
116  38.882482   -6.818237  38.882608   -6.818285

120 Centreline for Taxi join
112  38.884524   -6.821853  38.884552   -6.821974 51
116  38.884438   -6.821985  38.884352   -6.821951

120 Centreline for Taxi join
112  38.884436   -6.821486  38.884465   -6.821609 51
116  38.884351   -6.821621  38.884265   -6.821588

120 Centreline for Taxi join
112  38.884346   -6.821116  38.884376   -6.821239 51
116  38.884262   -6.821251  38.884176   -6.821218

120 Centreline for Taxi join
112  38.884257   -6.820745  38.884287   -6.820869 51
116  38.884174   -6.820883  38.884088   -6.820851

120 Centreline for Taxi join
112  38.884168   -6.820372  38.884197   -6.820497 51
116  38.884083   -6.820508  38.883997   -6.820474

120 Centreline for Taxi join
112  38.884079   -6.820003  38.884108   -6.820125 51
116  38.883994   -6.820137  38.883908   -6.820104

120 Centreline for Taxi join
112  38.883989   -6.819635  38.884019   -6.819758 51
116  38.883905   -6.819770  38.883819   -6.819737

120 Centreline for Taxi join
112  38.883900   -6.819266  38.883930   -6.819389 51
116  38.883755   -6.819379  38.883629   -6.819331

120 Centreline for Taxi join
112  38.883722   -6.818530  38.883751   -6.818652 51
116  38.883637   -6.818665  38.883551   -6.818633

120 Centreline for Taxi join
112  38.883618   -6.818103  38.883657   -6.818264 51
116  38.883547   -6.818297  38.883461   -6.818266

120 Centreline for Path
112  38.883996   -6.821965  38.883969   -6.821854 51
116  38.884085   -6.821849  38.884171   -6.821882

120 Centreline for Path
112  38.883820   -6.821232  38.883794   -6.821121 51
116  38.883910   -6.821116  38.883996   -6.821149

120 Centreline for Path
112  38.883643   -6.820491  38.883616   -6.820381 51
116  38.883732   -6.820374  38.883819   -6.820407

120 Centreline for Path
112  38.883465   -6.819752  38.883439   -6.819641 51
116  38.883555   -6.819636  38.883641   -6.819669

120 Centreline for Path
112  38.883289   -6.819019  38.883263   -6.818908 51
116  38.883379   -6.818902  38.883466   -6.818934

120 Centreline for Path
112  38.883049   -6.818015  38.883066   -6.818088 51
116  38.883205   -6.818172  38.883291   -6.818203

120 Centreline for Taxi join
112  38.883962   -6.816036  38.883919   -6.816196 51
116  38.883817   -6.816508  38.883764   -6.816663

120 Centreline for Path
112  38.883672   -6.816883  38.883641   -6.816943 51
116  38.883501   -6.817160  38.883418   -6.817284

120 Centreline for Taxi join
112  38.885382   -6.823239  38.885288   -6.823120 51
116  38.885094   -6.822905  38.884996   -6.822801

120 Centreline for Path
112  38.884659   -6.822653  38.884746   -6.822676 51
116  38.884662   -6.822637  38.884577   -6.822604

120 Taxi C5N hold short
111  38.892654   -6.822262 54
115  38.892546   -6.822064

120 Taxi C5 hold short
111  38.891445   -6.823052 54
115  38.891553   -6.823252

120 Taxi C2 hold short
111  38.885887   -6.813132 54
115  38.885779   -6.812934

120 Taxi C3 hold short
111  38.887729   -6.816314 54
115  38.887555   -6.816218

120 Taxi C4 hold short
111  38.888995   -6.818485 54
115  38.888689   -6.818317

120 Taxi C1 hold short
111  38.883387   -6.808637 54
115  38.883277   -6.808439

120 Taxi C8 hold short
111  38.898163   -6.835062 54
115  38.898053   -6.834866

120 Taxi C7 hold short
111  38.896625   -6.832316 54
115  38.896515   -6.832118

120 Taxi C6 hold short
111  38.894104   -6.827818 54
115  38.893998   -6.827618

120 GA Ramp 2
111  38.894401   -6.820494 51
115  38.894439   -6.820564

120 GA Ramp 3
111  38.894291   -6.820284 51
115  38.894329   -6.820356

120 GA Ramp 4
111  38.894198   -6.820113 51
115  38.894236   -6.820183

120 GA Ramp 5
111  38.894107   -6.819942 51
115  38.894145   -6.820014

120 Mil Cargo Ramp 11
111  38.883854   -6.822991 51
115  38.883808   -6.822793

120 Mil Cargo Ramp 11
111  38.883807   -6.822793 51
115  38.883855   -6.822991

120 Military Ramp 12
111  38.883606   -6.822059 51
115  38.883634   -6.821937

120 Military Ramp 12
111  38.883634   -6.821937 51
115  38.883606   -6.822059

120 Military Ramp 15
111  38.883069   -6.819846 51
115  38.883097   -6.819724

120 Military Ramp 15
111  38.883097   -6.819724 51
115  38.883069   -6.819846

120 Military Ramp 17
111  38.882686   -6.818381 51
115  38.882712   -6.818259

120 Military Ramp 17
111  38.882713   -6.818259 51
115  38.882685   -6.818381

120 GA Ramp 21
111  38.884297   -6.821975 51
115  38.884317   -6.821893

120 GA Ramp 21
111  38.884317   -6.821893 51
115  38.884297   -6.821975

120 GA Ramp 24
111  38.884036   -6.820877 51
115  38.884054   -6.820793

120 GA Ramp 24
111  38.884055   -6.820794 51
115  38.884035   -6.820876

120 GA Ramp 25
111  38.883944   -6.820498 51
115  38.883964   -6.820416

120 GA Ramp 25
111  38.883963   -6.820415 51
115  38.883945   -6.820499

120 GA Ramp 26
111  38.883853   -6.820128 51
115  38.883873   -6.820046

120 GA Ramp 26
111  38.883873   -6.820046 51
115  38.883853   -6.820128

120 GA Ramp 30
111  38.883499   -6.818659 51
115  38.883517   -6.818575

120 GA Ramp 30
111  38.883517   -6.818575 51
115  38.883499   -6.818659

120 GA Ramp 31
111  38.883409   -6.818292 51
115  38.883427   -6.818208

120 GA Ramp 31
111  38.883427   -6.818208 51
115  38.883409   -6.818292

110 01 0.25 125.69 Apron
111  38.894777   -6.819673
111  38.894777   -6.819673
111  38.895077   -6.820231
111  38.893744   -6.821362
111  38.892497   -6.822490
111  38.892445   -6.822603
111  38.892223   -6.822205
111  38.892317   -6.822183
111  38.893569   -6.821058
111  38.893662   -6.820961
111  38.893717   -6.820852
111  38.893722   -6.820724
111  38.893670   -6.820600
111  38.893055   -6.819452
113  38.894150   -6.818499
111  38.894631   -6.819797
111  38.894509   -6.819569
111  38.894322   -6.819731
113  38.894442   -6.819957

110 01 0.25 125.69 Apron
111  38.883703   -6.823894
111  38.883595   -6.823449
111  38.883373   -6.823539
111  38.883248   -6.823055
111  38.882985   -6.823154
111  38.882773   -6.822346
111  38.882749   -6.821963
111  38.882967   -6.821877
111  38.882886   -6.821550
111  38.882667   -6.821634
111  38.882748   -6.821963
111  38.882773   -6.822347
111  38.882480   -6.822463
111  38.882124   -6.821069
111  38.882446   -6.820941
111  38.882279   -6.820264
111  38.882278   -6.820263
111  38.881967   -6.820382
111  38.881608   -6.819004
111  38.881870   -6.818902
111  38.882206   -6.818777
111  38.882159   -6.818590
111  38.881909   -6.818685
111  38.881956   -6.818870
111  38.881870   -6.818901
111  38.881693   -6.818217
111  38.881442   -6.818305
111  38.881115   -6.816998
111  38.882236   -6.816581
111  38.882325   -6.816966
111  38.883058   -6.816705
111  38.883135   -6.816812
111  38.883029   -6.816937
111  38.883058   -6.817060
111  38.883203   -6.816930
111  38.883135   -6.816811
111  38.883058   -6.816705
111  38.883433   -6.816184
111  38.883623   -6.816397
111  38.883748   -6.816376
111  38.883763   -6.816360
111  38.883805   -6.816233
111  38.883808   -6.816932
111  38.883619   -6.817738
111  38.884699   -6.822214
111  38.885181   -6.822833
111  38.884999   -6.822968
111  38.884967   -6.822942
111  38.884931   -6.822931
111  38.884202   -6.823216
113  38.884305   -6.823656
111  38.882251   -6.817406
111  38.882197   -6.817155
111  38.881602   -6.817368
111  38.881718   -6.817844
111  38.881950   -6.817760
113  38.881901   -6.817535
111  38.882177   -6.819724
111  38.882419   -6.819628
111  38.882359   -6.819389
113  38.882114   -6.819482

110 01 0.25 125.69 Apron
111  38.881895   -6.810020
111  38.881443   -6.809218
111  38.881418   -6.809141
111  38.881419   -6.809057
111  38.881439   -6.808977
111  38.881471   -6.808928
111  38.882312   -6.808180
111  38.882394   -6.808132
111  38.882476   -6.808116
111  38.882563   -6.808158
111  38.882630   -6.808231
111  38.882845   -6.808612
111  38.882902   -6.808648
111  38.882960   -6.808668
111  38.883062   -6.808635
111  38.883175   -6.808839
111  38.882161   -6.809775
111  38.882132   -6.809814
111  38.882108   -6.809869
111  38.882104   -6.809931
113  38.882117   -6.809984

110 01 0.25 125.69 Apron
111  38.895716   -6.834309
111  38.895275   -6.833520
111  38.896499   -6.832426
111  38.896422   -6.832626
111  38.896435   -6.832775
111  38.896606   -6.833104
111  38.896654   -6.833283
111  38.896612   -6.833464
113  38.896514   -6.833593

110 03 0.25 125.69 Apron
111  38.894319   -6.819729
111  38.894515   -6.819559
111  38.894639   -6.819788
113  38.894441   -6.819958

110 03 0.25 125.69 Apron
111  38.881713   -6.817857
111  38.881591   -6.817361
111  38.882203   -6.817145
111  38.882257   -6.817411
111  38.881911   -6.817542
113  38.881962   -6.817766

110 03 0.25 125.69 Apron
111  38.882426   -6.819631
111  38.882174   -6.819733
111  38.882106   -6.819477
113  38.882362   -6.819378

110 03 0.25 125.69 Apron
111  38.882214   -6.818782
111  38.881952   -6.818881
111  38.881900   -6.818680
113  38.882164   -6.818582

110 03 0.25 125.69 Apron
111  38.882975   -6.821881
111  38.882743   -6.821976
111  38.882657   -6.821628
113  38.882891   -6.821539

110 03 0.25 125.69 Apron
111  38.883059   -6.817058
111  38.883029   -6.816938
111  38.883136   -6.816813
113  38.883203   -6.816930

110 01 0.25 125.69 Apron
111  38.885368   -6.819514
111  38.884587   -6.819620
111  38.884471   -6.818324
113  38.885253   -6.818223

14   38.883332   -6.816658  47.41 0 Talavera_La_Real_AB Tower
15   38.894420   -6.820529 215.26 GA_Ramp_2
15   38.884307   -6.821934 163.20 GA_Ramp_21
15   38.884045   -6.820835 163.20 GA_Ramp_24
15   38.883954   -6.820457 163.20 GA_Ramp_25
15   38.883863   -6.820087 163.20 GA_Ramp_26
15   38.894310   -6.820320 215.30 GA_Ramp_3
15   38.883508   -6.818617 163.20 GA_Ramp_30
15   38.883418   -6.818250 163.20 GA_Ramp_31
15   38.894217   -6.820148 215.30 GA_Ramp_4
15   38.894126   -6.819978 215.30 GA_Ramp_5
15   38.893676   -6.819661 304.50 Gate_1
15   38.883831   -6.822892 196.50 Mil_Cargo_Ramp_11
15   38.883620   -6.821998 163.20 Military_Ramp_12
15   38.883083   -6.819785 163.20 Military_Ramp_15
15   38.882699   -6.818320 163.20 Military_Ramp_17
20   38.882255   -6.809712  15.32 0 3 {@L}C1
20   38.884385   -6.814923  50.59 0 3 {@Y}{^ld}T2|{^lu}C2|T1{^ru}
20   38.884156   -6.814831  90.59 0 3 {@Y}{^ld}T2|{^lu}C2|T1{^ru}
20   38.884641   -6.813923 193.08 0 3 {@Y}{^l}T1|C11{^ru}|T2{^r}
20   38.884768   -6.814176 233.08 0 3 {@Y}{^l}T1|C11{^ru}|T2{^r}
20   38.885982   -6.813077  15.08 0 3 {@L}C2{@R}_13-31_
20   38.885851   -6.812832  55.08 0 3 {@R}_13-31_{@L}C2
20   38.887793   -6.816242  43.51 0 3 {@L}C3{@R}_13-31_
20   38.887567   -6.816076  83.51 0 3 {@R}_13-31_{@L}C3
20   38.883444   -6.808258 195.23 0 3 {@L}C1
20   38.883907   -6.808773 145.69 0 3 {@Y}C1{^r}
20   38.885815   -6.812170 285.69 0 3 {@Y}{^l}C2
20   38.886457   -6.813301 145.77 0 3 {@Y}C2{^r}
20   38.887563   -6.815287 285.77 0 3 {@Y}{^lu}C3
20   38.888105   -6.816260 145.74 0 3 {@Y}C3{^rd}
20   38.888732   -6.817376 285.74 0 3 {@Y}{^lu}C4
20   38.884121   -6.814029 285.33 0 3 {@Y}{^lu}C11|T2{^u}|C2{^r}
20   38.884311   -6.813853 325.33 0 3 {@Y}{^lu}C11|{^u}T2|C2{^r}
20   38.884782   -6.814708 106.35 0 3 {@Y}{^l}C2|T1{^u}|C11{^rd}
20   38.884598   -6.814878 146.35 0 3 {@Y}{^l}C2|{^u}T1|C11{^rd}
20   38.883884   -6.816789  52.41 0 3 {@L}C11
20   38.883641   -6.816666  82.42 0 3 {@L}C11
20   38.883513   -6.808545  15.23 0 3 {@L}C1{@R}_31_
20   38.883386   -6.808310  55.22 0 3 {@R}_31_{@L}C1
20   38.884741   -6.814634 326.35 0 3 {@Y}{^u}T3{@L}T2
20   38.887824   -6.816159 263.51 0 3 {@L}C3
20   38.887600   -6.815995 223.51 0 3 {@L}C3
20   38.886039   -6.813023 235.08 0 3 {@L}C2
20   38.885909   -6.812779 195.08 0 3 {@L}C2
20   38.883571   -6.808495 235.22 0 3 {@L}C1
20   38.881956   -6.810172 285.32 0 3 {@L}T1{@Y}T2{^u}
20   38.882151   -6.809998 325.32 0 3 {@Y}{^u}T2{@L}T1
20   38.884556   -6.814805 286.35 0 3 {@L}T2{@Y}T3{^u}
20   38.884407   -6.814840 270.59 0 3 {@L}C11
20   38.884178   -6.814747 230.59 0 3 {@L}C11
20   38.884581   -6.813974  53.08 0 3 {@L}C2
20   38.884711   -6.814226  13.08 0 3 {@L}C2
20   38.884160   -6.814099 145.33 0 3 {@Y}{^u}C1{@L}T1
20   38.884353   -6.813928 105.33 0 3 {@L}T1{@Y}C1{^u}
20   38.894155   -6.827044 285.69 0 3 {@Y}{^l}C6
20   38.894575   -6.827801 145.77 0 3 {@Y}C6{^r}
20   38.896652   -6.831540 285.77 0 3 {@Y}{^l}C7
20   38.897099   -6.832313 145.69 0 3 {@Y}C7{^r}
20   38.898153   -6.834214 285.69 0 3 {@Y}{^l}C8
20   38.898370   -6.834911 234.33 0 3 {@L}C8
20   38.892360   -6.828764 285.77 0 3 {@Y}T6{^u}|C6{^r}
20   38.892555   -6.828590 325.77 0 3 {@Y}{^u}T6|C6{^r}
20   38.892876   -6.829156 104.68 0 3 {@Y}{^l}C6|T5{^u}
20   38.892675   -6.829343 144.69 0 3 {@Y}{^l}C6|{^u}T5
20   38.894870   -6.833250 284.69 0 3 {@Y}T7{^u}|C7{^r}
20   38.895068   -6.833082 324.68 0 3 {@Y}{^u}T7|C7{^r}
20   38.895795   -6.834394 104.72 0 3 {@Y}{^l}C7|T6{^u}
20   38.895606   -6.834566 144.72 0 3 {@Y}{^l}C7|{^u}T6
20   38.896331   -6.835858 144.72 0 3 {@Y}{^u}T6{@L}T7
20   38.896519   -6.835684 104.72 0 3 {@L}T7{@Y}T6{^u}
20   38.897016   -6.835798  54.33 0 3 {@L}C8
20   38.897140   -6.836038  14.34 0 3 {@L}C8
20   38.898312   -6.834961  14.34 0 3 {@L}C8{@R}_13_
20   38.898176   -6.834710  54.33 0 3 {@R}_13_{@L}C8
20   38.895036   -6.833579 215.63 0 3 {@Y}{^l}T6|T7{^r}
20   38.895320   -6.833153  64.63 0 3 {@L}C7
20   38.896767   -6.832223  14.63 0 3 {@L}C7{@R}_13-31_
20   38.896631   -6.831978  54.63 0 3 {@R}_13-31_{@L}C7
20   38.892795   -6.828630  53.37 0 3 {@L}C6
20   38.892929   -6.828880  13.37 0 3 {@L}C6
20   38.894191   -6.827778  13.37 0 3 {@L}C6{@R}_13-31_
20   38.894058   -6.827529  53.37 0 3 {@R}_13-31_{@L}C6
20   38.898234   -6.834658 194.34 0 3 {@L}C8
20   38.896826   -6.832171 234.63 0 3 {@L}C7
20   38.896690   -6.831928 194.63 0 3 {@L}C7
20   38.894117   -6.827480 193.37 0 3 {@L}C6
20   38.894252   -6.827728 233.37 0 3 {@L}C6
20   38.892837   -6.829084 324.69 0 3 {@Y}{^u}T7{@L}T6
20   38.892635   -6.829269 284.68 0 3 {@L}T6{@Y}T7{^u}
20   38.895756   -6.834323 324.72 0 3 {@Y}{^u}C8{@L}T7
20   38.895565   -6.834491 284.72 0 3 {@L}T7{@Y}C8{^u}
20   38.895108   -6.833154 104.69 0 3 {@L}T6{@Y}T5{^u}
20   38.894910   -6.833323 144.68 0 3 {@Y}{^u}T5{@L}T6
20   38.892398   -6.828837 143.77 0 3 {@Y}{^u}T4{@L}T5
20   38.892597   -6.828662 105.77 0 3 {@L}T5{@Y}T4{^u}
20   38.892516   -6.829068 215.63 0 3 {@Y}{^l}T5|T6{^r}
20   38.892020   -6.821939 325.74 0 3 {@Y}C5N{^r}
20   38.892443   -6.822053 196.37 0 3 {@L}C5N{@R}_31-13_
20   38.890400   -6.824319 231.38 0 3 {@Y}{^l}T4|{^lu}C13|T5{^r}
20   38.891538   -6.822378 285.75 0 3 {@Y}{^l}C5
20   38.892581   -6.822950 105.69 0 3 {@Y}{^l}C5N
20   38.892096   -6.823385 145.69 0 3 {@Y}C5{^r}
20   38.890353   -6.824660 105.75 0 3 {@Y}{^l}C5|T4{^u}|C13{^ru}
20   38.890168   -6.824848 145.75 0 3 {@Y}{^l}C5|{^u}T4|C13{^ru}
20   38.892623   -6.822395 236.38 0 3 {@R}_31-13_{@L}C5N
20   38.891692   -6.823158  16.38 0 3 {@L}C5{@R}_13-31_
20   38.891553   -6.822913  56.37 0 3 {@R}_13-31_{@L}C5
20   38.890269   -6.824075 191.37 0 3 {@Y}{^l}T4|{^lu}C13|T5{^r}
20   38.891749   -6.823107 236.37 0 3 {@L}C5
20   38.891609   -6.822858 196.38 0 3 {@L}C5
20   38.892386   -6.822103  56.38 0 3 {@L}C5N
20   38.892566   -6.822445  16.37 0 3 {@L}C5N
20   38.890314   -6.824587 325.75 0 3 {@Y}{^u}T6{@L}T5
20   38.890209   -6.824121  51.38 0 3 {@Y}{^u}C5N{@L}C5
20   38.890339   -6.824368  11.37 0 3 {@L}C5){@Y}C5N{^u}
20   38.886893   -6.818124 223.51 0 3 {@Y}{^ld}T2|{^lu}C12|T3{^ru}
20   38.887106   -6.818261 263.51 0 3 {@Y}{^ld}T2|{^lu}C12|{@Y}T3{^ru}
20   38.886458   -6.818853 346.90 0 3 {@Y}{^lu}T3|C3{^ru}|T2{^rd}
20   38.886434   -6.818560  26.90 0 3 {@Y}{^lu}T3|C3{^ru}|T2{^rd}
20   38.888018   -6.820280  86.98 0 3 {@L}C4
20   38.888350   -6.820521  46.98 0 3 {@L}C4
20   38.889060   -6.818365  46.98 0 3 {@L}C4{@R}_13-31_
20   38.889338   -6.818459 145.75 0 3 {@Y}C4{^rd}
20   38.886515   -6.818313 286.35 0 3 {@Y}{^ld}C12|T3{^u}|C3{^rd}
20   38.886705   -6.818145 326.35 0 3 {@Y}{^ld}C12|{^u}T3|C3{^rd}
20   38.887101   -6.818840 104.94 0 3 {@Y}{^lu}C3|T2{^u}|C12{^ru}
20   38.886908   -6.819021 144.94 0 3 {@Y}{^lu}C3|{^u}T2|C12{^ru}
20   38.887681   -6.820401 284.94 0 3 {@Y}T4{^u}|C4{^rd}
20   38.887871   -6.820222 324.94 0 3 {@Y}{^u}T4|C4{^rd}
20   38.888338   -6.821046 105.85 0 3 {@Y}{^lu}C4|T3{^u}
20   38.888145   -6.821233 145.85 0 3 {@Y}{^lu}C4|{^u}T3
20   38.884062   -6.819398  88.37 0 3 {@Y}{^l}C12
20   38.884169   -6.819184 345.39 0 3 {@L}C12
20   38.884139   -6.818884  25.39 0 3 {@L}C12
20   38.883894   -6.818716 308.39 0 3 {@Y}C12{^r}
20   38.889677   -6.824557 338.88 0 3 {@Y}{^lu}T5|C5{^ru}|T4{^rd}
20   38.889674   -6.824262  18.88 0 3 {@Y}{^lu}T5|C5{^ru}|T4{^rd}
20   38.889745   -6.824091 285.85 0 3 {@Y}{^ld}C13|T5{^u}|C5{^r}
20   38.889940   -6.823921 325.85 0 3 {@Y}{^ld}C13|{^u}T5|C5{^r}
20   38.885087   -6.823087 295.84 0 3 {@L}C13
20   38.885248   -6.822864 335.84 0 3 {@L}C13
20   38.888714   -6.818171  86.98 0 3 {@R}_13-31_{@L}C4
20   38.889087   -6.818281 266.98 0 3 {@L}C4
20   38.888743   -6.818087 226.98 0 3 {@L}C4
20   38.887063   -6.818766 324.95 0 3 {@Y}{^u}T4{@L}T3
20   38.886865   -6.818946 284.94 0 3 {@L}T3{@Y}T4{^u}
20   38.888103   -6.821160 285.85 0 3 {@L}T4{@Y}T5{^u}
20   38.888298   -6.820975 325.85 0 3 {@Y}{^u}T5{@L}T4
20   38.890126   -6.824774 285.75 0 3 {@L}T5{@Y}T6{^u}
20   38.889784   -6.824163 145.85 0 3 {@Y}{^u}T3{@L}T4
20   38.889982   -6.823994 105.85 0 3 {@L}T4{@Y}T3{^u}
20   38.889745   -6.824264 158.88 0 3 {@L}C8
20   38.889746   -6.824555 198.88 0 3 {@L}C13
20   38.887913   -6.820296 104.94 0 3 {@L}T3{@Y}T2{^u}
20   38.887722   -6.820474 144.94 0 3 {@Y}{^u}T2{@L}T3
20   38.887985   -6.820998 239.35 0 3 {@Y}{^l}T3|T4{^r}
20   38.886748   -6.818217 106.35 0 3 {@L}T2{@Y}T1{^u}
20   38.886557   -6.818387 146.35 0 3 {@Y}{^u}T1{@L}T2
20   38.886862   -6.818203  83.51 0 3 {@L}C3
20   38.887074   -6.818341  43.51 0 3 {@L}C3
20   38.886505   -6.818549 166.90 0 3 {@L}C12
20   38.886529   -6.818842 206.90 0 3 {@L}C12
54  12210 BADAJOZ TWR
19   38.884167   -6.810089 1 Windsock
19   38.884167   -6.810089 1 Windsock


99
