I
1000 Generated by WorldEditor

1   3388 1 0 LETL Teruel
100 60.00 1 1 0.25 1 3 1 18  40.39799446 -001.21719575    0    0 3 0 1 1 36  40.42335554 -001.21947425    0    0 3 0 1 1
102 H1  40.40626300 -001.22180800  84.50 20.00 20.00 2 0 0 0.25 1
102 H2  40.40601200 -001.22177200  84.80 20.00 20.00 2 0 0 0.25 1
102 H3  40.40575400 -001.22174600  84.60 20.00 20.00 2 0 0 0.25 1
110 1 0.25 176.0800 Taxiway
112  40.42239200 -001.22021300  40.42234700 -001.22016000
112  40.42202900 -001.21978700  40.42198400 -001.21973400
112  40.42142400 -001.21965900  40.42106500 -001.21962600
111  40.42142400 -001.21965900
111  40.42172600 -001.21897700
111  40.42244300 -001.21975000
112  40.42217500 -001.21979900  40.42222000 -001.21985200
112  40.42242800 -001.22009700  40.42247300 -001.22015000
112  40.42258500 -001.22018200  40.42264500 -001.22018600
112  40.42259700 -001.22018300  40.42265700 -001.22018700
112  40.42272700 -001.22010400  40.42275300 -001.22004700
112  40.42277200 -001.21989900  40.42277600 -001.21982000
111  40.42244300 -001.21975000
111  40.42285900 -001.21907800
111  40.42291400 -001.21979300
112  40.42291400 -001.21979300  40.42288300 -001.21979000
112  40.42286100 -001.21990600  40.42285700 -001.21998500
112  40.42286000 -001.21993700  40.42285600 -001.22001600
112  40.42280700 -001.22015600  40.42277600 -001.22022300
112  40.42278200 -001.22021000  40.42275100 -001.22027700
112  40.42264500 -001.22030500  40.42258500 -001.22030100
114  40.42254900 -001.22029800  40.42248900 -001.22029400
110 1 0.25 176.0800 Taxiway
111  40.41564400 -001.23073800
111  40.41598700 -001.23218600
111  40.41632800 -001.23362900
112  40.41652300 -001.23445200  40.41659400 -001.23475300
112  40.41665100 -001.23503800  40.41666500 -001.23512800
112  40.41667300 -001.23537100  40.41667400 -001.23550400
111  40.41667500 -001.23557000
112  40.41647300 -001.23893100  40.41645400 -001.23924500
112  40.41629600 -001.23960800  40.41619700 -001.23974500
112  40.41578800 -001.23979800  40.41554900 -001.23978700
111  40.41526200 -001.23977400
112  40.41524200 -001.23977400  40.41522900 -001.23977400
112  40.41518800 -001.24024400  40.41516500 -001.24055700
112  40.41516500 -001.24054700  40.41514200 -001.24086000
112  40.41487300 -001.24115600  40.41470100 -001.24124900
112  40.41425600 -001.24125900  40.41401700 -001.24123400
111  40.41326400 -001.24115800
112  40.41226500 -001.24105700  40.41202600 -001.24103300
112  40.41172200 -001.24075800  40.41159900 -001.24058300
112  40.41155300 -001.24002500  40.41156300 -001.23971200
112  40.41155300 -001.23950200  40.41154300 -001.23946700
112  40.41151200 -001.23944300  40.41149500 -001.23943900
112  40.41139800 -001.23944400  40.41133900 -001.23944900
112  40.41095600 -001.23938000  40.41071900 -001.23933200
112  40.41091600 -001.23937200  40.41067900 -001.23932400
112  40.41035200 -001.23907000  40.41021300 -001.23891700
112  40.41016700 -001.23836900  40.41018300 -001.23805500
112  40.41030900 -001.23552500  40.41032500 -001.23521100
112  40.41030600 -001.23505200  40.41028800 -001.23505100
112  40.41006800 -001.23488400  40.40992700 -001.23477300
112  40.40975600 -001.23426600  40.40968900 -001.23396400
111  40.40866100 -001.22934700
112  40.40766000 -001.22482000  40.40759300 -001.22451800
112  40.40771900 -001.22401900  40.40782500 -001.22378700
112  40.40823800 -001.22369700  40.40847700 -001.22371500
111  40.40957900 -001.22379800
111  40.40983900 -001.22382600
111  40.41008700 -001.22385300
111  40.41163400 -001.22402000
111  40.41181600 -001.22403600
112  40.41183900 -001.22403800  40.41185400 -001.22403900
112  40.41186600 -001.22399100  40.41186900 -001.22395900
111  40.41187000 -001.22394400 53 102
112  40.41198100 -001.22238400  40.41200300 -001.22207100 53 102
112  40.41199100 -001.22187400  40.41197600 -001.22184700 53 102
112  40.41191700 -001.22183000  40.41188200 -001.22182700
111  40.41186500 -001.22182400
111  40.41189500 -001.22135400
112  40.41196000 -001.22136100  40.41200300 -001.22136500
112  40.41204100 -001.22135500  40.41205200 -001.22134700 53 102
112  40.41209500 -001.22087300  40.41212000 -001.22056000 53 102
111  40.41220600 -001.21945900 53 102
111  40.41223700 -001.21905600 102
112  40.41224500 -001.21894600  40.41225100 -001.21887300 102
112  40.41215900 -001.21882800  40.41209600 -001.21882300
111  40.41215900 -001.21882800
111  40.41247900 -001.21814500
111  40.41271400 -001.21887300
112  40.41271400 -001.21887300  40.41264700 -001.21886800 102
112  40.41260500 -001.21898400  40.41259900 -001.21906300 102
111  40.41259500 -001.21910400 53 102
111  40.41256400 -001.21950700 53 102
111  40.41240600 -001.22151400 53 102
111  40.41237900 -001.22186700 53 102
111  40.41222800 -001.22399600
112  40.41222500 -001.22403300  40.41222200 -001.22405800
112  40.41226700 -001.22407400  40.41229800 -001.22407700
111  40.41231200 -001.22407900
111  40.41402000 -001.22429400
111  40.41424200 -001.22432400
111  40.41446300 -001.22435400
111  40.41462100 -001.22439000
111  40.41432700 -001.22315900
112  40.41418300 -001.22292500  40.41412300 -001.22291900
112  40.41321700 -001.22282400  40.41315700 -001.22281800
112  40.41309200 -001.22270600  40.41306900 -001.22263300
111  40.41301900 -001.22247900
111  40.41310200 -001.22243300
112  40.41315400 -001.22259400  40.41317700 -001.22266700
112  40.41327900 -001.22271200  40.41333900 -001.22271800
112  40.41415400 -001.22280300  40.41421400 -001.22280900
112  40.41419300 -001.22260000  40.41415900 -001.22245900
112  40.41405200 -001.22237900  40.41399200 -001.22237200
111  40.41394800 -001.22236800
111  40.41395500 -001.22225000
112  40.41421600 -001.22227800  40.41427600 -001.22228400
112  40.41436000 -001.22251200  40.41439600 -001.22266200
111  40.41444100 -001.22284800
111  40.41482000 -001.22443400
111  40.41493800 -001.22446100
111  40.41486800 -001.22463900
111  40.41551400 -001.22734100
112  40.41574000 -001.22749800  40.41585500 -001.22745300
112  40.41767600 -001.22673700  40.41779100 -001.22669200
112  40.41779500 -001.22644300  40.41776000 -001.22629200
112  40.41740400 -001.22477900  40.41736900 -001.22462800
112  40.41731400 -001.22453800  40.41728900 -001.22452800
112  40.41722600 -001.22449400  40.41719100 -001.22447500
112  40.41713800 -001.22438400  40.41711400 -001.22433100
112  40.41709600 -001.22421000  40.41709200 -001.22414700
112  40.41711900 -001.22403500  40.41714000 -001.22398200
112  40.41720900 -001.22389200  40.41724900 -001.22385000
112  40.41735200 -001.22383400  40.41740700 -001.22383700
112  40.41749900 -001.22388100  40.41754200 -001.22391000
112  40.41760400 -001.22401000  40.41763100 -001.22406700
112  40.41764200 -001.22419300  40.41764100 -001.22425800
112  40.41761400 -001.22434900  40.41759700 -001.22438800
112  40.41755600 -001.22444900  40.41753500 -001.22447700
112  40.41757800 -001.22471600  40.41761300 -001.22486700
112  40.41796800 -001.22637700  40.41800300 -001.22652800
112  40.41819400 -001.22653800  40.41830900 -001.22649500
112  40.41871100 -001.22634400  40.41882600 -001.22630100
112  40.41892800 -001.22649400  40.41895800 -001.22663800
112  40.41880000 -001.22677600  40.41868500 -001.22682000
111  40.41708400 -001.22743400
111  40.41703800 -001.22723300
111  40.41562200 -001.22779000
111  40.41539600 -001.22763300
111  40.41493800 -001.22571700
111  40.41494300 -001.22574000
111  40.41507400 -001.22632800
111  40.41514600 -001.22665200
111  40.41521800 -001.22697500
111  40.41522300 -001.22761800
111  40.41509300 -001.22767500
112  40.41509300 -001.22767500  40.41500600 -001.22771300
112  40.41500200 -001.22791500  40.41502800 -001.22803700
111  40.41504200 -001.22809700
111  40.41531100 -001.22933400
113  40.41545900 -001.22995400
111  40.41157400 -001.23513800
111  40.41157100 -001.23513800
111  40.41156000 -001.23513800
111  40.41069200 -001.23507800
111  40.41053800 -001.23816100
112  40.41061500 -001.23874300  40.41068200 -001.23881700
112  40.41102100 -001.23891600  40.41122500 -001.23895700
111  40.41132700 -001.23897800
112  40.41132800 -001.23897800  40.41132900 -001.23897800
113  40.41135900 -001.23850700
111  40.41178400 -001.23467400
112  40.41186700 -001.23468100  40.41192300 -001.23468500
112  40.41194500 -001.23465100  40.41194100 -001.23462700
111  40.41193900 -001.23461400
111  40.41086600 -001.22979400
112  40.41085100 -001.22972600  40.41084200 -001.22968100
112  40.41076700 -001.22965400  40.41072000 -001.22965100
111  40.41069700 -001.22964900
111  40.40907700 -001.22953200
111  40.41006200 -001.23395600
112  40.41027600 -001.23449800  40.41035100 -001.23455700
112  40.41046100 -001.23459200  40.41050900 -001.23459600
111  40.41053300 -001.23459800
111  40.41069400 -001.23460600
113  40.41157400 -001.23466600
111  40.41278400 -001.22911900
111  40.41262500 -001.22839900
111  40.41248000 -001.22774300
111  40.41230100 -001.22693400
112  40.41194700 -001.22533100  40.41188000 -001.22502800
112  40.41184000 -001.22474400  40.41183500 -001.22465500
111  40.41183400 -001.22461200
112  40.41183400 -001.22456100  40.41183500 -001.22452700
112  40.41181500 -001.22450800  40.41180200 -001.22450700
111  40.41179400 -001.22450600
111  40.41160800 -001.22449000
111  40.41005800 -001.22432300
111  40.41012200 -001.22461900
111  40.41020200 -001.22499600
111  40.41026600 -001.22529900
111  40.41033000 -001.22560300
111  40.41038800 -001.22587800
111  40.41044600 -001.22615300
111  40.41050800 -001.22644300
111  40.41056900 -001.22673200
112  40.41066500 -001.22718700  40.41072900 -001.22749000
111  40.41103800 -001.22895300
112  40.41107100 -001.22908100  40.41109400 -001.22916600
112  40.41115100 -001.22921300  40.41118200 -001.22921600
111  40.41119700 -001.22921800
113  40.41283700 -001.22935400
111  40.41450600 -001.22735800
111  40.41444300 -001.22707000
112  40.41434400 -001.22661600  40.41427800 -001.22631300
112  40.41404700 -001.22525000  40.41398100 -001.22494700
112  40.41393300 -001.22477600  40.41392400 -001.22476300
112  40.41356100 -001.22471100  40.41332200 -001.22468100
111  40.41228200 -001.22454900
112  40.41223900 -001.22454500  40.41221000 -001.22454200
112  40.41219400 -001.22457200  40.41219300 -001.22459300
111  40.41219400 -001.22460200
112  40.41219900 -001.22469900  40.41220200 -001.22476300
112  40.41230300 -001.22524900  40.41237000 -001.22555200
111  40.41254300 -001.22633100
111  40.41264300 -001.22678500
111  40.41273400 -001.22719300
111  40.41282400 -001.22760100
111  40.41289700 -001.22793100
111  40.41297000 -001.22826200
111  40.41304900 -001.22861700
111  40.41312700 -001.22897300
112  40.41316100 -001.22912700  40.41318400 -001.22923000
111  40.41319500 -001.22928000
111  40.41321900 -001.22937100
111  40.41450700 -001.22948100
112  40.41490500 -001.22943600  40.41493000 -001.22938600
112  40.41484400 -001.22890700  40.41477800 -001.22860400
111  40.41479600 -001.22868500
111  40.41469700 -001.22823100
112  40.41463300 -001.22793800  40.41459000 -001.22774300
113  40.41456900 -001.22764500
111  40.41478600 -001.22692600
112  40.41482400 -001.22710200  40.41485000 -001.22721900
112  40.41488400 -001.22726900  40.41489800 -001.22726300
112  40.41481700 -001.22686000  40.41475800 -001.22659400
111  40.41472800 -001.22646000
111  40.41459700 -001.22586800
111  40.41437700 -001.22482000
113  40.41432800 -001.22481500
111  40.41540100 -001.23130400
111  40.41529400 -001.23085300
112  40.41521500 -001.23051600  40.41516200 -001.23029100
112  40.41501800 -001.23008300  40.41494000 -001.23002000
111  40.41454200 -001.22995700
111  40.41345900 -001.22986500
111  40.41345900 -001.22987800
111  40.41334000 -001.22986800
111  40.41417900 -001.23366000
112  40.41432400 -001.23451900  40.41435300 -001.23478900
112  40.41441800 -001.23493200  40.41445100 -001.23493700
111  40.41446900 -001.23493900
111  40.41519800 -001.23500500
111  40.41533400 -001.23501800
111  40.41551700 -001.23503400
112  40.41585500 -001.23506500  40.41608000 -001.23508500
112  40.41622600 -001.23501500  40.41624900 -001.23496200
112  40.41615300 -001.23448300  40.41608200 -001.23418200
111  40.41608900 -001.23421000
111  40.41598200 -001.23375900
112  40.41587500 -001.23330800  40.41580400 -001.23300700
111  40.41574500 -001.23275500
111  40.41563800 -001.23230400
114  40.41553100 -001.23185300  40.41546000 -001.23155200
112  40.41545800 -001.23597500  40.41543900 -001.23628900
112  40.41528300 -001.23883100  40.41526400 -001.23914500
111  40.41525400 -001.23930200
111  40.41526800 -001.23930200
112  40.41563300 -001.23931800  40.41587600 -001.23932900
112  40.41604700 -001.23926700  40.41608000 -001.23922200
111  40.41612500 -001.23872700
111  40.41631300 -001.23558000
111  40.41549300 -001.23550400
114  40.41549000 -001.23550400  40.41548800 -001.23550400
112  40.41373600 -001.23872100  40.41376100 -001.23840800
112  40.41397400 -001.23581700  40.41399900 -001.23550400
112  40.41399800 -001.23534500  40.41398900 -001.23534400
111  40.41398300 -001.23534300
111  40.41327200 -001.23527600
112  40.41321300 -001.23527300  40.41317400 -001.23527100
112  40.41312300 -001.23574000  40.41310200 -001.23605300
112  40.41293100 -001.23864200  40.41291000 -001.23895500
112  40.41325900 -001.23914700  40.41349800 -001.23917000
114  40.41333900 -001.23915600  40.41357800 -001.23917900
111  40.41384600 -001.23967800
111  40.41269200 -001.23956400
111  40.41193800 -001.23949900
111  40.41192900 -001.23949900
111  40.41191800 -001.23989800
112  40.41199000 -001.24044200  40.41204700 -001.24052400
112  40.41243500 -001.24060100  40.41267400 -001.24062500
111  40.41292600 -001.24065100
111  40.41328500 -001.24068700
112  40.41364300 -001.24072300  40.41388200 -001.24074700
112  40.41419800 -001.24078000  40.41443700 -001.24080400
112  40.41467500 -001.24075200  40.41475400 -001.24070900
112  40.41482800 -001.24022300  40.41485100 -001.23991200
111  40.41486200 -001.23975700
113  40.41484300 -001.23975600
112  40.41441600 -001.23925000  40.41465500 -001.23926900
111  40.41486500 -001.23928400
112  40.41487900 -001.23928600  40.41488900 -001.23928700
111  40.41492300 -001.23881600
111  40.41512800 -001.23547100
111  40.41443700 -001.23540900
112  40.41440300 -001.23540400  40.41438100 -001.23540100
112  40.41433200 -001.23586900  40.41430700 -001.23618200
114  40.41409500 -001.23875200  40.41407000 -001.23906500
111  40.41399900 -001.23487100
111  40.41396300 -001.23454200
111  40.41382700 -001.23376000
111  40.41295900 -001.22983600
111  40.41121900 -001.22969200
111  40.41121900 -001.22969300
111  40.41228900 -001.23450000
112  40.41230600 -001.23460900  40.41231700 -001.23468200
112  40.41256400 -001.23474400  40.41272500 -001.23476100
111  40.41280500 -001.23477000
111  40.41300100 -001.23479200
111  40.41329200 -001.23480400
113  40.41399900 -001.23487100
112  40.41276400 -001.23571200  40.41278500 -001.23539900
112  40.41278500 -001.23524100  40.41277800 -001.23524000
111  40.41277500 -001.23524000
111  40.41216200 -001.23517500
111  40.41193200 -001.23515800
111  40.41171800 -001.23853300
111  40.41168800 -001.23900400
112  40.41168900 -001.23900400  40.41169000 -001.23900400
112  40.41205000 -001.23903500  40.41228900 -001.23905600
112  40.41218200 -001.23904700  40.41242100 -001.23906800
114  40.41257200 -001.23860800  40.41259300 -001.23829500
112  40.41731900 -001.22429000  40.41733200 -001.22429700
112  40.41736800 -001.22431200  40.41738700 -001.22431900
112  40.41742000 -001.22429300  40.41743500 -001.22427200
112  40.41745200 -001.22424100  40.41745900 -001.22422800
112  40.41746200 -001.22419100  40.41746200 -001.22417000
112  40.41744900 -001.22413200  40.41744000 -001.22411300
112  40.41741200 -001.22408800  40.41739700 -001.22407700
112  40.41735900 -001.22407100  40.41733900 -001.22407000
112  40.41731100 -001.22408800  40.41729900 -001.22410100
112  40.41728300 -001.22413400  40.41727600 -001.22415200
112  40.41727600 -001.22419600  40.41727800 -001.22421900
114  40.41728900 -001.22425400  40.41729600 -001.22427000
111  40.40985300 -001.22510900
111  40.40969500 -001.22436200
112  40.40968800 -001.22432200  40.40968300 -001.22429500
112  40.40961600 -001.22427500  40.40957300 -001.22427000
111  40.40955300 -001.22426800
112  40.40843400 -001.22418500  40.40819500 -001.22416700
112  40.40801200 -001.22429600  40.40797000 -001.22438800
112  40.40805000 -001.22488600  40.40811700 -001.22518800
112  40.40887100 -001.22860000  40.40893800 -001.22890200
112  40.40899700 -001.22905400  40.40901400 -001.22905500
111  40.40902300 -001.22905600
111  40.41071700 -001.22917700
111  40.41069400 -001.22909300
111  40.41022400 -001.22686600
111  40.41010000 -001.22627900
113  40.40998300 -001.22572800
110 1 0.25 176.0800 Taxiway
112  40.39870500 -001.21678700  40.39870800 -001.21670800
112  40.39871700 -001.21647900  40.39872000 -001.21640000
112  40.39875800 -001.21627100  40.39878300 -001.21621100
112  40.39888000 -001.21618400  40.39893700 -001.21618600
112  40.39902200 -001.21627500  40.39906000 -001.21633400
111  40.39907900 -001.21636300
112  40.39943700 -001.21688700  40.39947700 -001.21694600
112  40.40003500 -001.21702400  40.40039400 -001.21705700
111  40.40003500 -001.21702400
111  40.39967500 -001.21770000
111  40.39912300 -001.21694900
112  40.39931100 -001.21688000  40.39927100 -001.21682100
111  40.39901100 -001.21644100
112  40.39896700 -001.21637200  40.39893800 -001.21632600
112  40.39888500 -001.21630200  40.39886000 -001.21630100
112  40.39882800 -001.21634700  40.39881500 -001.21637800
112  40.39880500 -001.21651100  40.39880200 -001.21659000
112  40.39879700 -001.21673100  40.39879400 -001.21681000
112  40.39883400 -001.21689000  40.39886100 -001.21691700
111  40.39912300 -001.21694900
111  40.39916800 -001.21766100
111  40.39858500 -001.21689600
112  40.39858500 -001.21689600  40.39866300 -001.21690300
111  40.39870200 -001.21690700
114  40.39870200 -001.21690600  40.39870100 -001.21690500
110 2 0.25 176.0800 Taxiway
111  40.40712500 -001.22086900 102
111  40.40735600 -001.22089100 102
111  40.40762000 -001.22091800 102
111  40.40788200 -001.22094400 102
111  40.40813700 -001.22096800 102
111  40.40839500 -001.22099500 102
111  40.40861700 -001.22101600 102
111  40.40883500 -001.22104000 102
111  40.40906000 -001.22106300 102
111  40.40927900 -001.22108400 102
111  40.40967100 -001.22112500 102
111  40.40999100 -001.22116200 102
111  40.41048200 -001.22120900 102
111  40.41075100 -001.22123600 102
111  40.41084400 -001.22124600 102
111  40.41121500 -001.22128500 102
111  40.41148200 -001.22130900 102
111  40.41189500 -001.22135400
111  40.41186500 -001.22182400 102
112  40.41174800 -001.22181100  40.41166900 -001.22180200 102
112  40.41159500 -001.22226800  40.41157200 -001.22258100 102
111  40.41153300 -001.22309900
111  40.41117400 -001.22305300 102
112  40.41123600 -001.22223300  40.41125900 -001.22192000 102
112  40.41123000 -001.22175900  40.41120300 -001.22175600 102
111  40.41118900 -001.22175500 102
111  40.41090500 -001.22172600 102
111  40.41054600 -001.22168800
111  40.41050100 -001.22168400 102
111  40.41045600 -001.22167900 102
111  40.41029900 -001.22166400
111  40.41014100 -001.22164900
111  40.40978300 -001.22161200
111  40.40971200 -001.22160400 102
111  40.40964100 -001.22159500 102
112  40.40953400 -001.22158400  40.40946300 -001.22157700 102
112  40.40939600 -001.22204300  40.40937500 -001.22235600 102
111  40.40933700 -001.22289400
111  40.40897900 -001.22285200 102
111  40.40899400 -001.22263000 102
111  40.40877900 -001.22259000 102
111  40.40877400 -001.22266900
111  40.40868400 -001.22265900
111  40.40867400 -001.22283800
111  40.40844500 -001.22281100 102
111  40.40844400 -001.22281700
111  40.40820100 -001.22278800
111  40.40784200 -001.22274800 102
111  40.40785700 -001.22251500 102
111  40.40770300 -001.22249600 102
111  40.40770200 -001.22251000
111  40.40745300 -001.22247100 102
111  40.40744100 -001.22271000
111  40.40708200 -001.22267800 102
111  40.40709400 -001.22244900 102
111  40.40685100 -001.22241900 102
112  40.40688900 -001.22178900  40.40690800 -001.22147500 102
112  40.40675800 -001.22129900  40.40665200 -001.22128600 102
111  40.40659900 -001.22128100
113  40.40663100 -001.22081100 102
110 15 0.25 176.0800 Apron path
112  40.41011100 -001.22212000  40.41009100 -001.22243400 102
111  40.41005800 -001.22295300
111  40.40970000 -001.22291300 102
112  40.40975300 -001.22208300  40.40977300 -001.22176900 102
112  40.40971200 -001.22160400  40.40966500 -001.22159900
111  40.40971200 -001.22160400
111  40.40997700 -001.22139700
111  40.41029900 -001.22166400
114  40.41029900 -001.22166400  40.41019400 -001.22165400 102
110 1 0.25 176.0800 Apron
111  40.41490900 -001.22778700
111  40.41408400 -001.22430000
111  40.41463200 -001.22436800
111  40.41448500 -001.22376000
111  40.41223800 -001.22353700
111  40.41224800 -001.22343300
111  40.41255600 -001.22346600
111  40.41445900 -001.22364300
111  40.41429800 -001.22296500
111  40.41329700 -001.22283300
111  40.41314000 -001.22278400
111  40.41299700 -001.22248100
111  40.41280900 -001.22245300
111  40.41286100 -001.22178600
111  40.41400700 -001.22193400
111  40.41399209 -001.22212459
111  40.41416800 -001.22214800
111  40.41424900 -001.22212400
111  40.41433600 -001.22249300
111  40.41551500 -001.22754700
111  40.41570000 -001.22749900
111  40.41769600 -001.22672300
111  40.41780700 -001.22654600
111  40.41736300 -001.22467200
111  40.41722700 -001.22436300
111  40.41718000 -001.22418800
111  40.41721500 -001.22396000
111  40.41738800 -001.22391200
111  40.41754000 -001.22399600
111  40.41757900 -001.22424000
111  40.41757000 -001.22460300
111  40.41800800 -001.22645700
111  40.41816400 -001.22653800
111  40.41889100 -001.22625600
111  40.41897700 -001.22672400
111  40.41709200 -001.22745000
111  40.41699400 -001.22728900
111  40.41592200 -001.22772500
111  40.41581100 -001.22796700
111  40.41611900 -001.22901700
111  40.41609700 -001.22928900
111  40.41576400 -001.22950000
111  40.41546000 -001.22875300
111  40.41555600 -001.22850400
113  40.41537700 -001.22759100
111  40.41395846 -001.22251969
111  40.41395400 -001.22257500
111  40.41384900 -001.22256300
111  40.41383000 -001.22274800
111  40.41426100 -001.22281100
113  40.41420300 -001.22255700
110 1 0.25 176.0800 Apron
111  40.41550300 -001.22756900
111  40.41440500 -001.22280500
111  40.41653700 -001.22202300
113  40.41763800 -001.22675100
110 1 0.25 176.0800 Apron
111  40.42303000 -001.21979100
111  40.42302000 -001.21995300
111  40.42300400 -001.22018300
111  40.42290800 -001.22048300
111  40.42274500 -001.22057000
111  40.42231500 -001.22051700
111  40.42212000 -001.22030200
111  40.42156000 -001.21965500
113  40.42158300 -001.21966700
110 2 0.25 176.0800 Apron
111  40.40646200 -001.22267100
111  40.40552800 -001.22259500
111  40.40558300 -001.22155400
113  40.40650400 -001.22164300
110 1 0.25 176.0800 Apron
111  40.40641000 -001.22264700
111  40.40557000 -001.22256400
111  40.40560100 -001.22202700
113  40.40644300 -001.22211900
110 1 0.25 176.0800 Apron
111  40.41371800 -001.22155000
111  40.41389500 -001.21894800
111  40.41395600 -001.21895800
111  40.41374500 -001.22193400
111  40.41368700 -001.22192900
111  40.41371000 -001.22163300
111  40.41239700 -001.22146800
113  40.41240300 -001.22138600
110 4 0.25 176.0800 Apron
111  40.41692800 -001.23963400
111  40.41629900 -001.24049900
111  40.41565300 -001.24047600
111  40.41544400 -001.24149000
111  40.41482800 -001.24188300
111  40.41193700 -001.24163600
111  40.41122300 -001.24067500
111  40.41123600 -001.23997400
111  40.41036600 -001.23987600
111  40.40974000 -001.23899200
111  40.40998000 -001.23563800
111  40.40944600 -001.23508300
111  40.40661200 -001.22267500
111  40.41191900 -001.22314000
111  40.41186800 -001.22402600
111  40.40791300 -001.22368800
111  40.40759500 -001.22439900
111  40.40986800 -001.23467200
111  40.41034300 -001.23504000
111  40.41016900 -001.23880400
111  40.41060200 -001.23928400
111  40.41131900 -001.23943000
111  40.41158100 -001.23938200
111  40.41155500 -001.24044100
111  40.41193200 -001.24099100
111  40.41463200 -001.24126200
111  40.41510800 -001.24099400
111  40.41522800 -001.23974600
111  40.41527900 -001.23975100
111  40.41615400 -001.23978000
111  40.41645100 -001.23936800
111  40.41667300 -001.23518400
111  40.41541200 -001.22972000
111  40.41599200 -001.22953400
113  40.41724500 -001.23497600
110 1 0.25 176.0800 Apron
111  40.41823300 -001.22652000
111  40.41821200 -001.22644400
111  40.41717100 -001.22187600
111  40.41811100 -001.22194600
113  40.41909300 -001.22621800
110 3 0.25 176.0800 Apron
111  40.42612100 -001.20392100
111  40.42585700 -001.20409500
113  40.42630100 -001.20374500
110 1 0.25 176.0800 Apron
111  40.41368700 -001.22286400
111  40.41366300 -001.22289400
111  40.41365200 -001.22294100
111  40.41363900 -001.22311500
111  40.41361600 -001.22319800
111  40.41357200 -001.22323800
111  40.41280300 -001.22314900
111  40.41279100 -001.22318700
111  40.41276900 -001.22321900
111  40.41273900 -001.22324600
111  40.41270000 -001.22325600
111  40.41265700 -001.22325300
111  40.41261700 -001.22322600
111  40.41258800 -001.22318500
111  40.41257200 -001.22312300
111  40.41228300 -001.22308400
111  40.41228800 -001.22301900
111  40.41257200 -001.22305200
111  40.41260000 -001.22299600
111  40.41264300 -001.22295400
111  40.41269400 -001.22294600
111  40.41273800 -001.22295900
111  40.41277300 -001.22298600
111  40.41279600 -001.22303200
111  40.41280800 -001.22307700
111  40.41355500 -001.22316500
111  40.41358800 -001.22313600
111  40.41359900 -001.22307400
113  40.41361400 -001.22286300
110 4 0.25 176.0800 Apron
111  40.41642000 -001.23520100
111  40.41623000 -001.23926800
111  40.41514400 -001.23937000
111  40.41477200 -001.24081400
111  40.41178400 -001.24066000
111  40.41141800 -001.23902500
111  40.41031700 -001.23873600
113  40.41059800 -001.23481600
110 4 0.25 176.0800 Apron
111  40.40878300 -001.22921800
111  40.40770800 -001.22441800
111  40.40788500 -001.22414900
111  40.41369800 -001.22443300
113  40.41482100 -001.22966200
110 1 0.25 176.0800 Apron
111  40.39962100 -001.21700600
111  40.39843100 -001.21690500
111  40.39858700 -001.21612300
111  40.39865900 -001.21598900
111  40.39878400 -001.21592900
111  40.39900300 -001.21593700
111  40.39913400 -001.21599400
111  40.39921000 -001.21614200
113  40.39932700 -001.21642900
110 4 0.25 176.0800 Apron
111  40.41011000 -001.23461500
111  40.40893100 -001.22920300
111  40.41536000 -001.22990900
113  40.41655500 -001.23513400
110 1 0.25 176.0800 Apron
111  40.41272300 -001.22301000
111  40.41266800 -001.22300000
111  40.41279000 -001.22150600
113  40.41284200 -001.22151300
110 2 0.25 176.0800 Apron
111  40.41352200 -001.22254500
111  40.41324900 -001.22250700
111  40.41331700 -001.22162800
113  40.41359500 -001.22166700
110 2 0.25 176.0800 Apron
111  40.41653900 -001.22203100
111  40.41716600 -001.22186700
111  40.41823000 -001.22651200
111  40.41816900 -001.22653800
111  40.41800500 -001.22646000
111  40.41756900 -001.22460300
111  40.41756300 -001.22442100
111  40.41762300 -001.22423100
111  40.41760100 -001.22407400
111  40.41753300 -001.22393900
111  40.41742300 -001.22391100
111  40.41725600 -001.22389700
111  40.41718400 -001.22398600
111  40.41713600 -001.22411300
111  40.41714900 -001.22430000
111  40.41720900 -001.22445700
111  40.41730400 -001.22450600
111  40.41736800 -001.22467600
111  40.41780300 -001.22654800
111  40.41769500 -001.22672500
113  40.41763300 -001.22674500
110 2 0.25 176.0800 Apron
111  40.40644200 -001.22266900
111  40.40655700 -001.22068400
111  40.41208300 -001.22124600
113  40.41195300 -001.22315000
110 12 0.25 176.0800 Apron
111  40.41445700 -001.22364700
111  40.41225700 -001.22343600
111  40.41228300 -001.22308300
111  40.41257500 -001.22312100
111  40.41259100 -001.22318400
111  40.41262100 -001.22322300
111  40.41266100 -001.22324700
111  40.41270200 -001.22324700
111  40.41273700 -001.22324100
111  40.41276900 -001.22321700
111  40.41278800 -001.22318400
111  40.41280400 -001.22314900
111  40.41356700 -001.22323200
111  40.41359400 -001.22321800
111  40.41361100 -001.22318900
111  40.41362900 -001.22315500
111  40.41363700 -001.22311600
111  40.41364900 -001.22293600
111  40.41365800 -001.22289000
111  40.41367100 -001.22288300
113  40.41429900 -001.22296300
110 12 0.25 176.0800 Apron
111  40.41369000 -001.22189600
111  40.41357700 -001.22188100
111  40.41359200 -001.22166800
111  40.41332100 -001.22163300
111  40.41330100 -001.22184600
111  40.41282000 -001.22178300
111  40.41284100 -001.22152400
113  40.41371100 -001.22163100
110 12 0.25 176.0800 Apron
111  40.41280700 -001.22307700
111  40.41279100 -001.22303300
111  40.41276800 -001.22298400
111  40.41274700 -001.22296400
111  40.41272500 -001.22295900
111  40.41281900 -001.22178300
111  40.41286400 -001.22178900
111  40.41281000 -001.22245000
111  40.41300500 -001.22247800
111  40.41314200 -001.22280200
111  40.41361800 -001.22287500
111  40.41360400 -001.22308500
111  40.41359400 -001.22314000
111  40.41358200 -001.22315500
113  40.41355600 -001.22316700
120 Centreline for Taxi
111  40.41330000 -001.22961500 51
112  40.41459819 -001.22972547  40.41483740 -001.22974582 51
112  40.41512200 -001.22989000  40.41523200 -001.22997933 51
112  40.41521300 -001.22971300  40.41516367 -001.22950567 51
112  40.41504013 -001.22894795  40.41497422 -001.22864525 51
112  40.41496787 -001.22861605  40.41490196 -001.22831335 51
112  40.41480550 -001.22787100  40.41476317 -001.22767700 51
112  40.41493500 -001.22749550  40.41506367 -001.22743917 51
112  40.41502685 -001.22695782  40.41495941 -001.22665570 51
112  40.41500215 -001.22684718  40.41493472 -001.22654506 51
112  40.41483550 -001.22609900  40.41479183 -001.22590233 51
112  40.41467449 -001.22534871  40.41461081 -001.22504519 51
112  40.41461251 -001.22505329  40.41454884 -001.22474976 51
112  40.41425950 -001.22456350  40.41408783 -001.22454050 51
112  40.41364409 -001.22448387  40.41340548 -001.22445378 51
112  40.41265491 -001.22435913  40.41241630 -001.22432904 51
112  40.41215750 -001.22430100  40.41206450 -001.22429233 51
116  40.41203350 -001.22412900  40.41204383 -001.22402300
120 Centreline for Taxi
111  40.41714500 -001.22728800 51
112  40.41869043 -001.22669520  40.41880548 -001.22665107 51
112  40.41884200 -001.22652700  40.41882800 -001.22645900 51
112  40.41864815 -001.22648992  40.41853291 -001.22653320 51
112  40.41813385 -001.22668308  40.41801862 -001.22672636 51
112  40.41778877 -001.22681571  40.41767395 -001.22686085 51
112  40.41568123 -001.22764429  40.41556641 -001.22768943 51
112  40.41545516 -001.22748671  40.41541927 -001.22733652 51
112  40.41440884 -001.22310829  40.41437295 -001.22295810 51
112  40.41430088 -001.22265783  40.41426479 -001.22250772 51
112  40.41427812 -001.22256317  40.41424204 -001.22241306 51
112  40.41413440 -001.22232857  40.41407466 -001.22232228 51
115  40.41399600 -001.22231400
120 Centreline for Path
111  40.40989400 -001.22269800 51 101
112  40.40994698 -001.22186757  40.40996699 -001.22155386 51 101
116  40.40981650 -001.22137850  40.40970950 -001.22136617
120 Centreline for Taxi
111  40.40828200 -001.22255900 51 101
112  40.40834599 -001.22169996  40.40836933 -001.22138665 51 101
112  40.40849200 -001.22124050  40.40856600 -001.22124750 51 101
112  40.40871200 -001.22126300  40.40878467 -001.22127100 51 101
112  40.40893350 -001.22128650  40.40900850 -001.22129417 51 101
112  40.40915550 -001.22130850  40.40922850 -001.22131550 51 101
112  40.40946050 -001.22133950  40.40959083 -001.22135317 51 101
112  40.40981650 -001.22137850  40.40992350 -001.22139083 51 101
112  40.41022300 -001.22142050  40.41038700 -001.22143617 51 101
112  40.41060300 -001.22145750  40.41069233 -001.22146650 51 101
112  40.41078300 -001.22147600  40.41081367 -001.22147933 51 101
112  40.41101550 -001.22150050  40.41113983 -001.22151350 51 101
112  40.41133500 -001.22153200  40.41142367 -001.22154000 51 101
112  40.41167400 -001.22156650  40.41181133 -001.22158150 51 101
116  40.41197150 -001.22159850  40.41203250 -001.22160483
120 Centreline for Taxi
111  40.40873300 -001.22260500 51
116  40.40881322 -001.22139261  40.40881841 -001.22131420
120 Centreline for Taxi
111  40.40851100 -001.22258200 51 101
112  40.40857049 -001.22172128  40.40859216 -001.22140776 51 101
116  40.40871200 -001.22126300  40.40878467 -001.22127100
120 Centreline for Taxi
111  40.40803700 -001.22253300 51 101
112  40.40809258 -001.22167351  40.40811286 -001.22135984 51 101
112  40.40825200 -001.22121650  40.40833800 -001.22122550 51 101
116  40.40834599 -001.22169996  40.40832265 -001.22201327
120 Centreline for Taxi
111  40.40727400 -001.22245900 51 101
112  40.40731861 -001.22159711  40.40733487 -001.22128304 51 101
112  40.40747450 -001.22113950  40.40756217 -001.22114850 51 101
112  40.40773750 -001.22116600  40.40782517 -001.22117467 51 101
112  40.40783992 -001.22164966  40.40782053 -001.22196343 51 101
112  40.40781608 -001.22203534  40.40779669 -001.22234911 51 101
116  40.40778400 -001.22254300  40.40778200 -001.22256767
120 Centreline for Taxi
111  40.41137100 -001.22284100 51 101
112  40.41143285 -001.22201397  40.41145628 -001.22170066 51 101
116  40.41167400 -001.22156650  40.41181133 -001.22158150
120 Centreline for Taxi
111  40.40917400 -001.22263800 51 101
112  40.40923255 -001.22178929  40.40925418 -001.22147576 51 101
116  40.40946050 -001.22133950  40.40959083 -001.22135317
120 Centreline for Path
111  40.41067700 -001.22272200 51 101
116  40.41071440 -001.22194229  40.41072947 -001.22162810
120 Centreline for Taxi
112  40.40679400 -001.22106700  40.40700533 -001.22109167 51 101
112  40.40722700 -001.22111500  40.40730433 -001.22112233 51 101
116  40.40747450 -001.22113950  40.40756217 -001.22114850
120 Centreline for Taxi
111  40.41307800 -001.22251000 51 101
112  40.41312305 -001.22265023  40.41314635 -001.22272274 51 101
112  40.41324761 -001.22276828  40.41330735 -001.22277447 51 101
112  40.41426539 -001.22287372  40.41432513 -001.22287991 51 101
116  40.41440884 -001.22310829  40.41444473 -001.22325848
120 Centreline for Path
111  40.41658400 -001.22502600 51 101
112  40.41618248 -001.22501492  40.41594283 -001.22500831 51 101
112  40.41610144 -001.22470620  40.41628707 -001.22450700 51 101
115  40.41641100 -001.22437400
120 Centreline for Path
111  40.41622300 -001.22484100 51 101
111  40.41582300 -001.22500500 51 101
116  40.41562700 -001.22503000  40.41549633 -001.22504667
120 Centreline for Path
111  40.41582200 -001.22329900 51 101
111  40.41543300 -001.22346000 51 101
112  40.41525950 -001.22353150  40.41514383 -001.22357917 51 101
112  40.41500850 -001.22388500  40.41495683 -001.22407300 51 101
112  40.41472400 -001.22438250  40.41458600 -001.22452617 51 101
112  40.41478400 -001.22466350  40.41496200 -001.22470717 51 101
112  40.41524100 -001.22489200  40.41536767 -001.22500067 51 101
112  40.41532389 -001.22460419  40.41525248 -001.22430364 51 101
112  40.41519311 -001.22405381  40.41512170 -001.22375327 51 101
116  40.41500850 -001.22388500  40.41495683 -001.22407300
120 Centreline for Path
111  40.41617500 -001.22346400 51 101
112  40.41579256 -001.22346194  40.41555285 -001.22346065 51 101
112  40.41571996 -001.22317545  40.41591127 -001.22298574 51 101
115  40.41602900 -001.22286900
120 Centreline for Path
111  40.41657700 -001.22617600 51 101
111  40.41612400 -001.22635400 51 101
111  40.41612400 -001.22635400 51 101
111  40.41575300 -001.22651800 51 101
112  40.41564300 -001.22671400  40.41556967 -001.22684467 51 101
112  40.41533050 -001.22716050  40.41519550 -001.22732750 51 101
116  40.41493500 -001.22749550  40.41480633 -001.22755183
120 Centreline for Path
111  40.41692700 -001.22641000 51 101
111  40.41612400 -001.22635400 51 101
111  40.41612400 -001.22635400 51 101
115  40.41674600 -001.22568400
120 Centreline for Taxi
111  40.41329100 -001.22962800 51
112  40.41154384 -001.22948282  40.41130461 -001.22946294 51
112  40.41107950 -001.22944300  40.41100917 -001.22943633 51
112  40.41084050 -001.22942300  40.41075150 -001.22941633 51
112  40.41034797 -001.22938734  40.41010862 -001.22937023 51
112  40.40937303 -001.22931766  40.40913368 -001.22930055 51
112  40.40892400 -001.22928650  40.40886400 -001.22928283 51
112  40.40893489 -001.22973424  40.40900215 -001.23003641 51
112  40.40990911 -001.23411076  40.40997637 -001.23441292 51
112  40.41017200 -001.23469100  40.41028000 -001.23477567 51
112  40.41042900 -001.23482600  40.41049233 -001.23483133 51
112  40.41060500 -001.23483800  40.41065900 -001.23484067 51
112  40.41104508 -001.23486645  40.41128446 -001.23488276 51
112  40.41120792 -001.23487755  40.41144731 -001.23489385 51
112  40.41167150 -001.23490600  40.41174117 -001.23490867 51
112  40.41197500 -001.23492500  40.41210767 -001.23493500 51
112  40.41248200 -001.23497250  40.41268733 -001.23499417 51
112  40.41289000 -001.23501600  40.41295667 -001.23502333 51
112  40.41313600 -001.23503350  40.41323333 -001.23503783 51
116  40.41364050 -001.23507400  40.41387950 -001.23509667
120 Centreline for Taxi
112  40.41364409 -001.22448387  40.41388270 -001.22451396 51
112  40.41405550 -001.22460200  40.41409117 -001.22465067 51
112  40.41420781 -001.22512907  40.41427369 -001.22543178 51
112  40.41451419 -001.22653693  40.41458006 -001.22683964 51
112  40.41467750 -001.22728550  40.41472050 -001.22748183 51
116  40.41493500 -001.22749550  40.41506367 -001.22743917
120 Centreline for Taxi
112  40.41647300 -001.23507900  40.41648500 -001.23515767 51
112  40.41649300 -001.23537950  40.41649433 -001.23550117 51
112  40.41646679 -001.23603281  40.41644798 -001.23634668 51
112  40.41629921 -001.23882919  40.41628040 -001.23914306 51
112  40.41617150 -001.23943750  40.41610517 -001.23952917 51
112  40.41571266 -001.23955852  40.41547310 -001.23954754 51
112  40.41562434 -001.23955448  40.41538478 -001.23954349 51
112  40.41516200 -001.23953800  40.41509333 -001.23953800 51
112  40.41495650 -001.23952900  40.41488817 -001.23952300 51
112  40.41449506 -001.23949225  40.41425577 -001.23947375 51
112  40.41421694 -001.23947075  40.41397765 -001.23945225 51
112  40.41389640 -001.23897345  40.41392200 -001.23866042 51
112  40.41417160 -001.23560855  40.41419720 -001.23529552 51
112  40.41410450 -001.23512350  40.41403417 -001.23511317 51
116  40.41364050 -001.23507400  40.41340150 -001.23505133
120 Centreline for Taxi
112  40.41221350 -001.22166700  40.41220450 -001.22178500 51 101
112  40.41216660 -001.22231419  40.41214434 -001.22262765 51 101
112  40.41208240 -001.22349981  40.41206013 -001.22381327 51 101
116  40.41203350 -001.22412900  40.41202317 -001.22423500
120 Centreline for Taxi
112  40.42230190 -001.21938299  40.42266063 -001.21941500 51
112  40.42283417 -001.21954883  40.42283028 -001.21962738 51
112  40.42281583 -001.21991917  40.42281194 -001.21999772 51
112  40.42276316 -001.22013778  40.42273193 -001.22020497 51
112  40.42275784 -001.22014922  40.42272661 -001.22021641 51
112  40.42262123 -001.22024386  40.42256139 -001.22023977 51
112  40.42256677 -001.22024014  40.42250692 -001.22023605 51
112  40.42241002 -001.22015526  40.42236536 -001.22010276 51
112  40.42177498 -001.21940874  40.42173033 -001.21935625 51
116  40.42224610 -001.21937801  40.42260483 -001.21941002
120 Centreline for Taxi
112  40.39943900 -001.21732750  40.39960767 -001.21734050 51
112  40.39963190 -001.21725922  40.39959184 -001.21720070 51
112  40.39910510 -001.21648978  40.39906503 -001.21643126 51
112  40.39899450 -001.21632350  40.39896083 -001.21627117 51
112  40.39888250 -001.21624300  40.39884150 -001.21624167 51
112  40.39879300 -001.21630900  40.39877433 -001.21635433 51
112  40.39876076 -001.21649490  40.39875793 -001.21657351 51
112  40.39875124 -001.21675910  40.39874841 -001.21683770 51
112  40.39881899 -001.21694768  40.39886699 -001.21699480 51
112  40.39911401 -001.21723732  40.39916200 -001.21728444 51
116  40.39943900 -001.21732750  40.39960767 -001.21734050
120 Centreline for Taxi
112  40.41482628 -001.23520766  40.41506543 -001.23522922 51
112  40.41525350 -001.23524650  40.41529917 -001.23525083 51
112  40.41541350 -001.23526100  40.41547450 -001.23526633 51
112  40.41586369 -001.23530177  40.41610282 -001.23532362 51
112  40.41593431 -001.23530823  40.41617344 -001.23533008 51
112  40.41637400 -001.23515100  40.41642800 -001.23502433 51
112  40.41634816 -001.23451007  40.41627694 -001.23420944 51
112  40.41626284 -001.23414993  40.41619161 -001.23384931 51
112  40.41604941 -001.23324797  40.41597836 -001.23294728 51
112  40.41592159 -001.23270703  40.41585053 -001.23240634 51
112  40.41570818 -001.23180506  40.41563697 -001.23150444 51
112  40.41557882 -001.23125894  40.41550761 -001.23095831 51
112  40.41537950 -001.23041600  40.41531783 -001.23015467 51
116  40.41512200 -001.22989000  40.41501200 -001.22980067
120 Centreline for Taxi
112  40.41525350 -001.23524650  40.41529917 -001.23525083 51
112  40.41529311 -001.23572373  40.41527385 -001.23603755 51
112  40.41508789 -001.23906727  40.41506863 -001.23938109 51
112  40.41502433 -001.24000805  40.41500121 -001.24032142 51
112  40.41499667 -001.24038295  40.41497356 -001.24069632 51
112  40.41477350 -001.24095450  40.41464783 -001.24102217 51
112  40.41422651 -001.24101952  40.41398752 -001.24099520 51
112  40.41363649 -001.24095948  40.41339750 -001.24093516 51
112  40.41291950 -001.24088679  40.41268050 -001.24086265 51
112  40.41234950 -001.24082921  40.41211050 -001.24080507 51
112  40.41185600 -001.24060000  40.41176600 -001.24047133 51
112  40.41173550 -001.23996100  40.41174517 -001.23966367 51
112  40.41171000 -001.23937700  40.41168333 -001.23928500 51
112  40.41158250 -001.23921950  40.41152417 -001.23920650 51
112  40.41140700 -001.23920750  40.41134833 -001.23921250 51
112  40.41097850 -001.23914600  40.41075150 -001.23910000 51
112  40.41048350 -001.23890650  40.41038050 -001.23879283 51
112  40.41035255 -001.23826479  40.41036825 -001.23795065 51
112  40.41050045 -001.23530521  40.41051615 -001.23499107 51
116  40.41042900 -001.23482600  40.41036567 -001.23482067
120 Centreline for Taxi
112  40.41140700 -001.23920750  40.41146567 -001.23920250 51
112  40.41152514 -001.23872943  40.41154523 -001.23841572 51
112  40.41172886 -001.23554857  40.41174895 -001.23523486 51
112  40.41176750 -001.23499400  40.41177317 -001.23493800 51
116  40.41167150 -001.23490600  40.41160183 -001.23490333
120 Centreline for Taxi
112  40.40892400 -001.22928650  40.40886400 -001.22928283 51
112  40.40873375 -001.22882752  40.40866692 -001.22852520 51
112  40.40785525 -001.22485348  40.40778842 -001.22455116 51
112  40.40786600 -001.22415700  40.40794000 -001.22399500 51
112  40.40833598 -001.22394088  40.40857529 -001.22395881 51
112  40.40920702 -001.22400612  40.40944634 -001.22402404 51
112  40.40969500 -001.22404700  40.40978100 -001.22405633 51
112  40.40994800 -001.22407450  40.41003067 -001.22408350 51
112  40.41043035 -001.22412663  40.41066926 -001.22415239 51
112  40.41126265 -001.22421637  40.41150155 -001.22424212 51
112  40.41171300 -001.22426300  40.41177433 -001.22426833 51
112  40.41191150 -001.22427950  40.41198250 -001.22428517 51
112  40.41201600 -001.22444750  40.41201467 -001.22455383 51
112  40.41201950 -001.22472150  40.41202317 -001.22479783 51
112  40.41212521 -001.22528952  40.41219202 -001.22559187 51
112  40.41237379 -001.22641448  40.41244060 -001.22671683 51
112  40.41256350 -001.22727250  40.41262317 -001.22754217 51
112  40.41272550 -001.22800500  40.41277383 -001.22822367 51
112  40.41287750 -001.22869300  40.41293050 -001.22893300 51
112  40.41299050 -001.22920300  40.41301283 -001.22930300 51
112  40.41306200 -001.22949200  40.41308733 -001.22958467 51
112  40.41320036 -001.23008448  40.41326727 -001.23038679 51
112  40.41400264 -001.23370952  40.41406955 -001.23401184 51
112  40.41415424 -001.23463043  40.41418841 -001.23494204 51
112  40.41415876 -001.23467157  40.41419292 -001.23498319 51
112  40.41433150 -001.23515650  40.41441250 -001.23516817 51
116  40.41481171 -001.23520634  40.41505086 -001.23522791
120 Centreline for Taxi
112  40.40969500 -001.22404700  40.40978100 -001.22405633 51
112  40.40984650 -001.22418150  40.40986150 -001.22426183 51
112  40.40994750 -001.22467400  40.40999983 -001.22492200 51
112  40.41009100 -001.22535550  40.41013433 -001.22556183 51
112  40.41021450 -001.22594050  40.41025350 -001.22612417 51
112  40.41033500 -001.22650950  40.41037633 -001.22670517 51
112  40.41049313 -001.22725803  40.41055722 -001.22756139 51
112  40.41076987 -001.22856797  40.41083396 -001.22887132 51
112  40.41092000 -001.22922800  40.41095600 -001.22936467 51
112  40.41100650 -001.22958050  40.41102817 -001.22967883 51
112  40.41113990 -001.23018125  40.41120717 -001.23048342 51
112  40.41201310 -001.23410375  40.41208037 -001.23440592 51
112  40.41214400 -001.23474850  40.41216400 -001.23487617 51
116  40.41248200 -001.23497250  40.41268733 -001.23499417
120 Centreline for Taxi
112  40.41313600 -001.23503350  40.41303867 -001.23502917 51
112  40.41295883 -001.23549746  40.41293805 -001.23581110 51
112  40.41273617 -001.23885854  40.41271539 -001.23917218 51
112  40.41234623 -001.23929780  40.41210704 -001.23927700 51
112  40.41202877 -001.23927020  40.41178959 -001.23924940 51
116  40.41171000 -001.23937700  40.41173667 -001.23946900
120 Centreline for Taxi
112  40.41227150 -001.21848250  40.41239850 -001.21849283 51 101
112  40.41243900 -001.21878900  40.41242367 -001.21898300 51 101
112  40.41240050 -001.21928150  40.41239017 -001.21941583 51 101
112  40.41234802 -001.21995273  40.41232337 -001.22026588 51 101
112  40.41226398 -001.22102027  40.41223933 -001.22133342 51 101
116  40.41214500 -001.22154900  40.41209033 -001.22158833
120 Centreline for Taxi
112  40.41778877 -001.22681571  40.41790359 -001.22677057 51
112  40.41790799 -001.22652236  40.41787265 -001.22637194 51
112  40.41747601 -001.22468364  40.41744067 -001.22453321 51
112  40.41746900 -001.22439600  40.41749967 -001.22435467 51
112  40.41753300 -001.22429500  40.41754500 -001.22426900 51
112  40.41755200 -001.22419200  40.41755267 -001.22414933 51
112  40.41752650 -001.22407100  40.41750883 -001.22403300 51
112  40.41745600 -001.22398450  40.41742667 -001.22396483 51
112  40.41735550 -001.22395200  40.41731783 -001.22395000 51
112  40.41726050 -001.22399000  40.41723483 -001.22401733 51
112  40.41720150 -001.22408500  40.41718783 -001.22412100 51
112  40.41718550 -001.22420300  40.41718850 -001.22424567 51
112  40.41721350 -001.22431950  40.41722917 -001.22435450 51
112  40.41727250 -001.22439200  40.41729617 -001.22440533 51
112  40.41736550 -001.22443500  40.41740383 -001.22445033 51
116  40.41747601 -001.22468364  40.41751135 -001.22483406
120 Centreline for Taxi
112  40.41273617 -001.23885854  40.41271539 -001.23917218 51
112  40.41306354 -001.23936445  40.41330257 -001.23938808 51
112  40.41349946 -001.23940755  40.41373849 -001.23943118 51
116  40.41389640 -001.23897345  40.41392200 -001.23866042
120 Centreline for Taxi
112  40.40825200 -001.22121650  40.40816600 -001.22120750 51 101
112  40.40799600 -001.22119100  40.40791133 -001.22118300 51 101
116  40.40783992 -001.22164966  40.40782053 -001.22196343
120 Centreline for Taxi
112  40.40773750 -001.22116600  40.40764983 -001.22115733 51 101
112  40.40757661 -001.22162362  40.40755701 -001.22193737 51 101
112  40.40755239 -001.22201138  40.40753280 -001.22232513 51 101
116  40.40751900 -001.22251600  40.40751633 -001.22253867
120 Centreline for Taxi
112  40.40915550 -001.22130850  40.40908250 -001.22130150 51 101
112  40.40901297 -001.22176822  40.40899095 -001.22208169 51 101
112  40.40898603 -001.22215178  40.40896401 -001.22246526 51 101
116  40.40894800 -001.22265600  40.40894467 -001.22267867
120 Centreline for Taxi
112  40.40722700 -001.22111500  40.40714967 -001.22110767 51 101
112  40.40708248 -001.22157471  40.40706347 -001.22188852 51 101
112  40.40705852 -001.22197029  40.40703951 -001.22228410 51 101
116  40.40702700 -001.22247700  40.40702500 -001.22250100
120 Centreline for Taxi
112  40.41203350 -001.22412900  40.41202317 -001.22423500 51
116  40.41201600 -001.22444750  40.41201467 -001.22455383
120 Centreline for Taxi
112  40.41203350 -001.22412900  40.41202317 -001.22423500 51
116  40.41191150 -001.22427950  40.41184050 -001.22427383
120 Centreline for Taxi
112  40.41201600 -001.22444750  40.41201733 -001.22434117 51
116  40.41215750 -001.22430100  40.41225050 -001.22430967
120 Centreline for Taxi
112  40.41191150 -001.22427950  40.41198250 -001.22428517 51
116  40.41215750 -001.22430100  40.41225050 -001.22430967
120 Centreline for Taxi
112  40.41107950 -001.22944300  40.41100917 -001.22943633 51
116  40.41100650 -001.22958050  40.41102817 -001.22967883
120 Centreline for Taxi
112  40.41107950 -001.22944300  40.41100917 -001.22943633 51
116  40.41092000 -001.22922800  40.41088400 -001.22909133
120 Centreline for Taxi
112  40.41084050 -001.22942300  40.41092950 -001.22942967 51
116  40.41100650 -001.22958050  40.41102817 -001.22967883
120 Centreline for Taxi
112  40.41084050 -001.22942300  40.41092950 -001.22942967 51
116  40.41092000 -001.22922800  40.41088400 -001.22909133
120 Centreline for Taxi
112  40.41405550 -001.22460200  40.41401983 -001.22455333 51
116  40.41425950 -001.22456350  40.41443117 -001.22458650
120 Centreline for Taxi
112  40.41504800 -001.22957900  40.41510867 -001.22946100 51
116  40.41521300 -001.22971300  40.41526233 -001.22992033
120 Centreline for Taxi
112  40.41504800 -001.22957900  40.41510867 -001.22946100 51
116  40.41504013 -001.22894795  40.41497422 -001.22864525
120 Centreline for Taxi
112  40.41504800 -001.22957900  40.41498733 -001.22969700 51
116  40.41459819 -001.22972547  40.41435899 -001.22970511
120 Centreline for Taxi
112  40.41504800 -001.22957900  40.41498733 -001.22969700 51
116  40.41512200 -001.22989000  40.41523200 -001.22997933
120 Centreline for Taxi
112  40.41637400 -001.23515100  40.41642800 -001.23502433 51
116  40.41647300 -001.23507900  40.41648500 -001.23515767
120 Centreline for Taxi
112  40.41647300 -001.23507900  40.41646100 -001.23500033 51
116  40.41634816 -001.23451007  40.41627694 -001.23420944
120 Centreline for Taxi
112  40.41521300 -001.22971300  40.41526233 -001.22992033 51
116  40.41537950 -001.23041600  40.41544117 -001.23067733
120 Centreline for Taxi
112  40.41158250 -001.23921950  40.41164083 -001.23923250 51
116  40.41202877 -001.23927020  40.41226796 -001.23929100
120 Centreline for Taxi
112  40.41234623 -001.23929780  40.41258541 -001.23931860 51
116  40.41306354 -001.23936445  40.41330257 -001.23938808
120 Centreline for Taxi
112  40.41221350 -001.22166700  40.41222250 -001.22154900 51 101
116  40.41226398 -001.22102027  40.41228863 -001.22070712
120 Centreline for Taxi
112  40.40893350 -001.22128650  40.40900850 -001.22129417 51 101
116  40.40901297 -001.22176822  40.40899095 -001.22208169
120 Centreline for Taxi join
111  40.41327800 -001.24092300 51
116  40.41291950 -001.24088679  40.41268050 -001.24086265
120 Centreline for Taxi join
111  40.41327800 -001.24092300 51
116  40.41363649 -001.24095948  40.41387548 -001.24098380
120 Centreline for Taxi
112  40.41216660 -001.22231419  40.41218887 -001.22200073 51 101
116  40.41213150 -001.22172600  40.41208583 -001.22164733
120 Centreline for Taxi
112  40.40915550 -001.22130850  40.40922850 -001.22131550 51 101
116  40.40923255 -001.22178929  40.40921092 -001.22210281
120 Centreline for Taxi
112  40.40893350 -001.22128650  40.40885850 -001.22127883 51 101
116  40.40881322 -001.22139261  40.40880803 -001.22147102
120 Centreline for Taxi
112  40.40881322 -001.22139261  40.40881841 -001.22131420 51 101
116  40.40871200 -001.22126300  40.40863933 -001.22125500
120 Centreline for Taxi
112  40.40849200 -001.22124050  40.40841800 -001.22123350 51 101
116  40.40825200 -001.22121650  40.40816600 -001.22120750
120 Centreline for Taxi
112  40.42177498 -001.21940874  40.42173033 -001.21935625 51
116  40.42116993 -001.21928138  40.42081122 -001.21924897
120 Centreline for Taxi
112  40.39963190 -001.21725922  40.39967197 -001.21731774 51
116  40.40023007 -001.21739564  40.40058878 -001.21742807
120 Centreline for Taxi join
112  40.41272550 -001.22800500  40.41277383 -001.22822367 51
115  40.41279800 -001.22833300
120 Centreline for Taxi join
111  40.41279800 -001.22833300 51
116  40.41287750 -001.22869300  40.41293050 -001.22893300
120 Centreline for Taxi join
112  40.41425950 -001.22456350  40.41443117 -001.22458650 51
116  40.41478400 -001.22466350  40.41496200 -001.22470717
120 Centreline for Taxi join
112  40.41425950 -001.22456350  40.41443117 -001.22458650 51
116  40.41472400 -001.22438250  40.41486200 -001.22423883
120 Centreline for Taxi join
112  40.41461251 -001.22505329  40.41454884 -001.22474976 51
116  40.41478400 -001.22466350  40.41496200 -001.22470717
120 Centreline for Taxi join
112  40.41461251 -001.22505329  40.41454884 -001.22474976 51
116  40.41472400 -001.22438250  40.41486200 -001.22423883
120 Centreline for Taxi join
112  40.41533050 -001.22716050  40.41519550 -001.22732750 51
116  40.41502685 -001.22695782  40.41495941 -001.22665570
120 Centreline for Taxi
112  40.41516200 -001.23953800  40.41509333 -001.23953800 51
116  40.41508789 -001.23906727  40.41510715 -001.23875345
120 Centreline for Taxi
112  40.41516200 -001.23953800  40.41509333 -001.23953800 51
116  40.41502433 -001.24000805  40.41500121 -001.24032142
120 Centreline for Taxi
112  40.41495650 -001.23952900  40.41502483 -001.23953500 51
116  40.41508789 -001.23906727  40.41510715 -001.23875345
120 Centreline for Taxi
112  40.41495650 -001.23952900  40.41502483 -001.23953500 51
116  40.41502433 -001.24000805  40.41500121 -001.24032142
120 Centreline for Taxi
112  40.41541350 -001.23526100  40.41535250 -001.23525567 51
116  40.41529311 -001.23572373  40.41527385 -001.23603755
120 Centreline for Taxi
112  40.41158250 -001.23921950  40.41152417 -001.23920650 51
116  40.41152514 -001.23872943  40.41154523 -001.23841572
120 Centreline for Taxi
112  40.41060500 -001.23483800  40.41055100 -001.23483533 51
116  40.41050045 -001.23530521  40.41048475 -001.23561935
120 Centreline for Taxi
112  40.41480550 -001.22787100  40.41476317 -001.22767700 51
116  40.41467750 -001.22728550  40.41463450 -001.22708917
120 Centreline for Taxi
112  40.40893489 -001.22973424  40.40886763 -001.22943208 51
116  40.40873375 -001.22882752  40.40866692 -001.22852520
120 Centreline for Taxi
112  40.40994800 -001.22407450  40.40986533 -001.22406550 51
116  40.40984650 -001.22418150  40.40986150 -001.22426183
120 Centreline for Taxi
112  40.41289000 -001.23501600  40.41295667 -001.23502333 51
116  40.41295883 -001.23549746  40.41293805 -001.23581110
120 Centreline for Taxi
112  40.41410450 -001.23512350  40.41417483 -001.23513383 51
116  40.41433150 -001.23515650  40.41441250 -001.23516817
120 Centreline for Taxi
112  40.41410450 -001.23512350  40.41417483 -001.23513383 51
116  40.41415876 -001.23467157  40.41412459 -001.23435996
120 Centreline for Taxi
112  40.41433150 -001.23515650  40.41425050 -001.23514483 51
116  40.41417160 -001.23560855  40.41414600 -001.23592158
120 Centreline for Taxi
112  40.41415876 -001.23467157  40.41419292 -001.23498319 51
116  40.41417160 -001.23560855  40.41414600 -001.23592158
120 Centreline for Taxi
112  40.41264700 -001.21851300  40.41252367 -001.21850300 51 101
116  40.41243900 -001.21878900  40.41242367 -001.21898300
120 Centreline for Taxi
112  40.41813385 -001.22668308  40.41801862 -001.22672636 51
116  40.41790799 -001.22652236  40.41787265 -001.22637194
120 Centreline for Taxi
112  40.41746900 -001.22439600  40.41743833 -001.22443733 51
116  40.41736550 -001.22443500  40.41732717 -001.22441967
120 Centreline for Taxi
112  40.41349946 -001.23940755  40.41373849 -001.23943118 51
116  40.41421694 -001.23947075  40.41445623 -001.23948925
120 Centreline for Taxi
112  40.40799600 -001.22119100  40.40791133 -001.22118300 51 101
116  40.40773750 -001.22116600  40.40764983 -001.22115733
120 Centreline for Taxi
112  40.41214400 -001.23474850  40.41216400 -001.23487617 51
116  40.41197500 -001.23492500  40.41184233 -001.23491500
120 Centreline for Taxi
112  40.41197500 -001.23492500  40.41184233 -001.23491500 51
116  40.41176750 -001.23499400  40.41176183 -001.23505000
120 Centreline for Taxi join
112  40.40994698 -001.22186757  40.40996699 -001.22155386 51 101
116  40.41022300 -001.22142050  40.41038700 -001.22143617
120 Centreline for Taxi
112  40.41133500 -001.22153200  40.41142367 -001.22154000 51 101
116  40.41143285 -001.22201397  40.41140942 -001.22232728
120 Centreline for Path
112  40.41564300 -001.22671400  40.41571633 -001.22658333 51
116  40.41565315 -001.22606432  40.41558658 -001.22576186
120 Centreline for Path
112  40.41565315 -001.22606432  40.41571972 -001.22636677 51
115  40.41575300 -001.22651800
120 Centreline for Path
112  40.41524100 -001.22489200  40.41536767 -001.22500067 51
116  40.41553085 -001.22550868  40.41559742 -001.22581114
120 Centreline for Path
112  40.41524100 -001.22489200  40.41536767 -001.22500067 51
116  40.41562700 -001.22503000  40.41575767 -001.22501333
120 Centreline for Path
112  40.41553085 -001.22550868  40.41546428 -001.22520623 51
116  40.41532389 -001.22460419  40.41525248 -001.22430364
120 Centreline for Path
112  40.41562700 -001.22503000  40.41549633 -001.22504667 51
116  40.41532389 -001.22460419  40.41525248 -001.22430364
120 Centreline for Taxi
112  40.40849200 -001.22124050  40.40856600 -001.22124750 51 101
116  40.40857049 -001.22172128  40.40854882 -001.22203479
120 Centreline for Taxi
112  40.40799600 -001.22119100  40.40808067 -001.22119900 51 101
116  40.40809258 -001.22167351  40.40807229 -001.22198719
120 Centreline for Taxi
112  40.40757661 -001.22162362  40.40759620 -001.22130987 51 101
116  40.40747450 -001.22113950  40.40738683 -001.22113050
120 Centreline for Taxi
112  40.40731861 -001.22159711  40.40733487 -001.22128304 51 101
116  40.40722700 -001.22111500  40.40714967 -001.22110767
120 Centreline for Taxi join
112  40.41078300 -001.22147600  40.41075233 -001.22147267 51 101
116  40.41071440 -001.22194229  40.41069933 -001.22225648
120 Centreline for Taxi join
112  40.41060300 -001.22145750  40.41069233 -001.22146650 51 101
116  40.41071440 -001.22194229  40.41069933 -001.22225648
120 Centreline for Taxi
112  40.40679400 -001.22106700  40.40700533 -001.22109167 51 101
116  40.40708248 -001.22157471  40.40706347 -001.22188852
120 Centreline for Taxi
112  40.41430088 -001.22265783  40.41433696 -001.22280794 51
116  40.41426539 -001.22287372  40.41420565 -001.22286753
120 Centreline for Path
112  40.41562700 -001.22503000  40.41575767 -001.22501333 51
116  40.41618248 -001.22501492  40.41642213 -001.22502153
120 Centreline for Path
112  40.41562700 -001.22503000  40.41575767 -001.22501333 51
116  40.41610144 -001.22470620  40.41628707 -001.22450700
120 Centreline for Path
112  40.41618248 -001.22501492  40.41594283 -001.22500831 51
115  40.41582300 -001.22500500
120 Centreline for Path
112  40.41610144 -001.22470620  40.41591581 -001.22490540 51
115  40.41582300 -001.22500500
120 Centreline for Path
112  40.41525950 -001.22353150  40.41514383 -001.22357917 51
116  40.41519311 -001.22405381  40.41526452 -001.22435436
120 Centreline for Path
112  40.41525950 -001.22353150  40.41537517 -001.22348383 51
116  40.41579256 -001.22346194  40.41603226 -001.22346323
120 Centreline for Path
112  40.41525950 -001.22353150  40.41537517 -001.22348383 51
116  40.41571996 -001.22317545  40.41591127 -001.22298574
120 Centreline for Path
111  40.41543300 -001.22346000 51
116  40.41579256 -001.22346194  40.41603226 -001.22346323
120 Centreline for Path
111  40.41543300 -001.22346000 51
116  40.41571996 -001.22317545  40.41591127 -001.22298574
120 Centreline for Path
111  40.41612400 -001.22635400 51
115  40.41612400 -001.22635400
120 Centreline for Path
111  40.41612400 -001.22635400 51
115  40.41612400 -001.22635400
120 Centreline for Path
111  40.41612400 -001.22635400 51
115  40.41612400 -001.22635400
120 Centreline for Path
111  40.41612400 -001.22635400 51
115  40.41612400 -001.22635400
120 Centreline for Taxi join
112  40.41049313 -001.22725803  40.41042904 -001.22695468 51
115  40.41039700 -001.22680300
120 Centreline for Taxi join
111  40.41039700 -001.22680300 51
116  40.41033500 -001.22650950  40.41029367 -001.22631383
120 Centreline for Taxi join
112  40.41033500 -001.22650950  40.41029367 -001.22631383 51
115  40.41027300 -001.22621600
120 Centreline for Taxi join
111  40.41027300 -001.22621600 51
116  40.41021450 -001.22594050  40.41017550 -001.22575683
120 Centreline for Taxi join
112  40.41021450 -001.22594050  40.41017550 -001.22575683 51
115  40.41015600 -001.22566500
120 Centreline for Taxi join
111  40.41015600 -001.22566500 51
116  40.41009100 -001.22535550  40.41004767 -001.22514917
120 Centreline for Taxi join
112  40.41009100 -001.22535550  40.41004767 -001.22514917 51
115  40.41002600 -001.22504600
120 Centreline for Taxi join
112  40.40994750 -001.22467400  40.40999983 -001.22492200 51
115  40.41002600 -001.22504600
120 Centreline for Taxi join
112  40.41237379 -001.22641448  40.41244060 -001.22671683 51
115  40.41247400 -001.22686800
120 Centreline for Taxi join
111  40.41247400 -001.22686800 51
116  40.41256350 -001.22727250  40.41262317 -001.22754217
120 Centreline for Taxi join
112  40.41256350 -001.22727250  40.41262317 -001.22754217 51
115  40.41265300 -001.22767700
120 Centreline for Taxi join
112  40.41272550 -001.22800500  40.41267717 -001.22778633 51
115  40.41265300 -001.22767700
120 Centreline for Taxi join
112  40.41287750 -001.22869300  40.41293050 -001.22893300 51
115  40.41295700 -001.22905300
120 Centreline for Taxi join
112  40.41299050 -001.22920300  40.41296817 -001.22910300 51
115  40.41295700 -001.22905300
120 Centreline for Taxi join
112  40.41480550 -001.22787100  40.41484783 -001.22806500 51
115  40.41486900 -001.22816200
120 Centreline for Taxi join
112  40.41496787 -001.22861605  40.41490196 -001.22831335 51
115  40.41486900 -001.22816200
120 Centreline for Taxi join
112  40.41451419 -001.22653693  40.41458006 -001.22683964 51
115  40.41461300 -001.22699100
120 Centreline for Taxi join
112  40.41467750 -001.22728550  40.41463450 -001.22708917 51
115  40.41461300 -001.22699100
120 Centreline for Taxi join
112  40.41626284 -001.23414993  40.41619161 -001.23384931 51
115  40.41615600 -001.23369900
120 Centreline for Taxi join
111  40.41615600 -001.23369900 51
116  40.41604941 -001.23324797  40.41597836 -001.23294728
120 Centreline for Taxi join
112  40.41592159 -001.23270703  40.41585053 -001.23240634 51
115  40.41581500 -001.23225600
120 Centreline for Taxi join
111  40.41581500 -001.23225600 51
116  40.41570818 -001.23180506  40.41563697 -001.23150444
120 Centreline for Taxi join
112  40.41557882 -001.23125894  40.41550761 -001.23095831 51
115  40.41547200 -001.23080800
120 Centreline for Taxi join
112  40.41537950 -001.23041600  40.41544117 -001.23067733 51
115  40.41547200 -001.23080800
120 Taxi hold short
111  40.41221046 -001.21945934 54
115  40.41255954 -001.21950666
120 Taxi hold short
111  40.41189454 -001.22135973 54
115  40.41186546 -001.22181827
120 Taxi hold short
111  40.41160941 -001.22448456 54
115  40.41163259 -001.22402544
120 GA Ramp 150
111  40.41076681 -001.22272942 51
115  40.41058719 -001.22271458
120 GA Ramp 151
111  40.40903635 -001.22267837 51
115  40.40885965 -001.22263363
120 GA Ramp 152
111  40.40787348 -001.22255549 51
115  40.40769452 -001.22253051
120 GA Ramp 153
111  40.40760793 -001.22253401 51
115  40.40743007 -001.22249799
120 GA Ramp 154
111  40.40711645 -001.22248983 51
115  40.40693755 -001.22246417
20  40.41195700 -001.21888900 352.0000 0 5 {@Y}{^l}EXIT
20  40.41290400 -001.21902700 176.0000 0 5 {@Y}{^r}EXIT
20  40.41180900 -001.22474900 272.0000 0 3 {@Y}{^u}PARKING
20  40.41365900 -001.22411900 351.0000 0 3 {@Y}{^u}TALLER
20  40.41381900 -001.22479000 351.0000 0 3 {@Y}{^l}PARKING
20  40.41232100 -001.22466800 270.0000 0 3 {@Y}{no-entry}ZONA_MILITAR
20  40.41553200 -001.22977300 285.0000 0 3 {@R}{^u}
14  40.41589800 -001.24149000  29.00 0 PLATA Tower
1300  40.41543000 -001.23394900 182.45 misc heavy|jets|turboprops Cargo Ramp 165
1300  40.41507400 -001.23245900 181.80 misc heavy|jets|turboprops Cargo Ramp 166
1300  40.41471800 -001.23100000 182.52 misc heavy|jets|turboprops Cargo Ramp 167
1300  40.41657700 -001.22617600  18.19 misc turboprops|props GA Ramp 149
1300  40.41067700 -001.22272200 265.36 misc turboprops|props GA Ramp 150
1300  40.40894800 -001.22265600  84.87 misc props|helos GA Ramp 151
1300  40.40778400 -001.22254300  84.80 misc props|helos GA Ramp 152
1300  40.40751900 -001.22251600  85.66 misc props|helos GA Ramp 153
1300  40.40702700 -001.22247700  85.48 misc props|helos GA Ramp 154
1300  40.41088300 -001.22660100  20.48 misc props|helos GA Ramp 155
1300  40.41074500 -001.22604400  17.24 misc props|helos GA Ramp 156
1300  40.41063300 -001.22549400  14.70 misc props|helos GA Ramp 157
1300  40.41049500 -001.22491400  15.23 misc props|helos GA Ramp 158
1300  40.41303300 -001.22659400  14.35 misc heavy|jets|turboprops Mil Cargo Ramp 159
1300  40.41399200 -001.22728200 196.66 misc heavy|jets|turboprops Mil Cargo Ramp 163
1300  40.41420800 -001.22842700 195.43 misc heavy|jets|turboprops Mil Cargo Ramp 164
1300  40.41315300 -001.22745400  17.81 misc jets|helos Military Ramp 160
1300  40.41329900 -001.22812600  15.22 misc jets|helos Military Ramp 161
1300  40.41346800 -001.22881300  17.21 misc jets|helos Military Ramp 162
1300  40.41329500 -001.24034600  80.95 misc props|helos West GA Ramp 140
50 12550 ATIS
54 11987 TWR
1000 Default Flow
1001 LETL 000 359 999
1002 LETL 0
1003 LETL 0
1004 0000 2400
1101 36 left
1100 36  11987 arrivals|departures heavy|jets|turboprops|props 000359 000359 Runway 36
1100 18  11987 arrivals|departures heavy|jets|turboprops|props 000359 000359 Runway 18
1200 
1201  40.41201800 -001.22428800 both 0 
1201  40.41202500 -001.22483600 both 1 
1201  40.41310000 -001.22963100 both 2 
1201  40.41302400 -001.22935300 both 3 
1201  40.41330000 -001.22961500 both 4 
1201  40.41097400 -001.22943300 both 5 
1201  40.41118500 -001.22945300 both 6 
1201  40.41086600 -001.22902300 both 7 
1201  40.40986900 -001.22430200 both 8 
1201  40.41007200 -001.22408800 both 9 
1201  40.41180500 -001.22427100 both 10 
1201  40.41204900 -001.22397000 both 11 
1201  40.41229700 -001.22431400 both 12 
1201  40.41400200 -001.22452900 both 13 
1201  40.41410900 -001.22467500 both 14 
1201  40.41513900 -001.22940200 both 15 
1201  40.41495700 -001.22975600 both 16 
1201  40.40901400 -001.22929200 both 17 
1201  40.40775500 -001.22440000 both 18 
1201  40.40797700 -001.22391400 both 19 
1201  40.40956600 -001.22403300 both 20 
1201  40.41070700 -001.22941300 both 21 
1201  40.41001000 -001.23456400 both 22 
1201  40.41103900 -001.22972800 both 23 
1201  40.41033400 -001.23481800 both 24 
1201  40.41201400 -001.22460700 both 25 
1201  40.41445300 -001.23517400 both 26 
1201  40.41629300 -001.23534100 both 27 
1201  40.41645500 -001.23496100 both 28 
1201  40.41528700 -001.23002400 both 29 
1201  40.41329100 -001.22962800 both 30 
1201  40.41399900 -001.23510800 both 31 
1201  40.41485400 -001.23952000 both 32 
1201  40.41156700 -001.23490200 both 33 
1201  40.41175900 -001.23507800 both 34 
1201  40.41131900 -001.23921500 both 35 
1201  40.41063800 -001.23907700 both 36 
1201  40.41032900 -001.23873600 both 37 
1201  40.41649100 -001.23519700 both 38 
1201  40.41649500 -001.23556200 both 39 
1201  40.41627100 -001.23930000 both 40 
1201  40.41607200 -001.23957500 both 41 
1201  40.41518500 -001.23524000 both 42 
1201  40.41550500 -001.23526900 both 43 
1201  40.41211400 -001.23455700 both 44 
1201  40.41068600 -001.23484200 both 45 
1201  40.41279000 -001.23500500 both 46 
1201  40.41167000 -001.23923900 both 47 
1201  40.41175000 -001.23951500 both 48 
1201  40.41172100 -001.24040700 both 49 
1201  40.41199100 -001.24079300 both 50 
1201  40.41458500 -001.24105600 both 51 
1201  40.41496200 -001.24085300 both 52 
1201  40.41526500 -001.23953800 both 53 
1201  40.41270500 -001.23932900 both 54 
1201  40.41328200 -001.23504000 both 55 
1201  40.41241600 -001.21908000 both 56 
1201  40.41222700 -001.22149000 both 57 
1201  40.41206300 -001.22160800 both 58 
1201  40.40904600 -001.22129800 both 59 
1201  40.40679400 -001.22106700 both 60 
1201  40.41327800 -001.24092300 both 61 
1201  40.41410300 -001.23416300 both 62 
1201  40.41220000 -001.22184400 both 63 
1201  40.40965600 -001.22136000 both 64 
1201  40.40926500 -001.22131900 both 65 
1201  40.40882100 -001.22127500 both 66 
1201  40.40838100 -001.22123000 both 67 
1201  40.39844900 -001.21723800 both 68 
1201  40.42298000 -001.21944400 both 69 
1201  40.42284000 -001.21943100 both 70 
1201  40.42281000 -001.22003700 both 71 
1201  40.42271100 -001.22025000 both 72 
1201  40.42247700 -001.22023400 both 73 
1201  40.42170800 -001.21933000 both 74 
1201  40.39969200 -001.21734700 both 75 
1201  40.39904500 -001.21640200 both 76 
1201  40.39894400 -001.21624500 both 77 
1201  40.39882100 -001.21624100 both 78 
1201  40.39876500 -001.21637700 both 79 
1201  40.39874700 -001.21687700 both 80 
1201  40.39918600 -001.21730800 both 81 
1201  40.41208100 -001.21846700 both 82 
1201  40.41283200 -001.21852800 both 83 
1201  40.41279800 -001.22833300 both 84 
1201  40.41451700 -001.22459800 both 85 
1201  40.41512800 -001.22741100 both 86 
1201  40.41505900 -001.23953800 both 87 
1201  40.41532200 -001.23525300 both 88 
1201  40.41149500 -001.23920000 both 89 
1201  40.41052400 -001.23483400 both 90 
1201  40.41477000 -001.22580400 both 91 
1201  40.41474200 -001.22758000 both 92 
1201  40.40883400 -001.22928100 both 93 
1201  40.40982400 -001.22406100 both 94 
1201  40.41299000 -001.23502700 both 95 
1201  40.41421000 -001.23513900 both 96 
1201  40.41246200 -001.21849800 both 97 
1201  40.41238500 -001.21948300 both 98 36/18 hold short
1201  40.41188000 -001.22158900 both 99 36/18 hold short
1201  40.41162100 -001.22425500 both 100 36/18 hold short
1201  40.41550900 -001.22771200 both 101 
1201  40.41882100 -001.22642500 both 102 
1201  40.41796100 -001.22674800 both 103 
1201  40.41742300 -001.22445800 both 104 
1201  40.41723700 -001.22437200 both 105 
1201  40.41718100 -001.22413900 both 106 
1201  40.41729900 -001.22394900 both 107 
1201  40.41750000 -001.22401400 both 108 
1201  40.41755100 -001.22425600 both 109 
1201  40.41385800 -001.23944300 both 110 
1201  40.41751500 -001.22433400 both 111 
1201  40.41755300 -001.22412800 both 112 
1201  40.41741200 -001.22395500 both 113 
1201  40.41722200 -001.22403100 both 114 
1201  40.41719000 -001.22426700 both 115 
1201  40.41730800 -001.22441200 both 116 
1201  40.41886300 -001.22662900 both 117 
1201  40.41714500 -001.22728800 both 118 
1201  40.40786900 -001.22117900 both 119 
1201  40.41217400 -001.23494000 both 120 
1201  40.41177600 -001.23491000 both 121 
1201  40.40997700 -001.22139700 both 122 
1201  40.40989400 -001.22269800 both 123 
1201  40.41046900 -001.22144400 both 124 
1201  40.41082900 -001.22148100 both 125 
1201  40.41120200 -001.22152000 both 126 
1201  40.41146800 -001.22154400 both 127 
1201  40.41505100 -001.22472900 both 128 
1201  40.41553300 -001.22691000 both 129 
1201  40.41575300 -001.22651800 both 130 
1201  40.41543100 -001.22505500 both 131 
1201  40.41490100 -001.22639400 both 132 
1201  40.40778700 -001.22250600 both 133 
1201  40.40828200 -001.22255900 both 134 
1201  40.40873300 -001.22260500 both 135 
1201  40.40860300 -001.22125100 both 136 
1201  40.40851100 -001.22258200 both 137 
1201  40.40812300 -001.22120300 both 138 
1201  40.40803700 -001.22253300 both 139 
1201  40.40760600 -001.22115300 both 140 
1201  40.40752300 -001.22248200 both 141 
1201  40.40734300 -001.22112600 both 142 
1201  40.40727400 -001.22245900 both 143 
1201  40.41137100 -001.22284100 both 144 
1201  40.41073700 -001.22147100 both 145 
1201  40.40917400 -001.22263800 both 146 
1201  40.40895300 -001.22262200 both 147 
1201  40.40711100 -001.22110400 both 148 
1201  40.40703000 -001.22244100 both 149 
1201  40.41422400 -001.22233800 both 150 
1201  40.41435500 -001.22288300 both 151 
1201  40.41315800 -001.22275900 both 152 
1201  40.41307800 -001.22251000 both 153 
1201  40.41399600 -001.22231400 both 154 
1201  40.41582300 -001.22500500 both 155 
1201  40.41658400 -001.22502600 both 156 
1201  40.41641100 -001.22437400 both 157 
1201  40.41493100 -001.22416700 both 158 
1201  40.41508600 -001.22360300 both 159 
1201  40.41582200 -001.22329900 both 160 
1201  40.41622300 -001.22484100 both 161 
1201  40.41543300 -001.22346000 both 162 
1201  40.41617500 -001.22346400 both 163 
1201  40.41602900 -001.22286900 both 164 
1201  40.41612400 -001.22635400 both 165 
1201  40.41692700 -001.22641000 both 166 
1201  40.41674600 -001.22568400 both 167 
1201  40.41039700 -001.22680300 both 168 
1201  40.41027300 -001.22621600 both 169 
1201  40.41015600 -001.22566500 both 170 
1201  40.41002600 -001.22504600 both 171 
1201  40.41247400 -001.22686800 both 172 
1201  40.41265300 -001.22767700 both 173 
1201  40.41295700 -001.22905300 both 174 
1201  40.41486900 -001.22816200 both 175 
1201  40.41461300 -001.22699100 both 176 
1201  40.41615600 -001.23369900 both 177 
1201  40.41581500 -001.23225600 both 178 
1201  40.41547200 -001.23080800 both 179 
1201  40.41329500 -001.24034600 both 180 West GA Ramp 140
1201  40.41657700 -001.22617600 both 181 GA Ramp 149
1201  40.41067700 -001.22272200 both 182 GA Ramp 150
1201  40.40894800 -001.22265600 both 183 GA Ramp 151
1201  40.40778400 -001.22254300 both 184 GA Ramp 152
1201  40.40751900 -001.22251600 both 185 GA Ramp 153
1201  40.40702700 -001.22247700 both 186 GA Ramp 154
1201  40.41088300 -001.22660100 both 187 GA Ramp 155
1201  40.41074500 -001.22604400 both 188 GA Ramp 156
1201  40.41063300 -001.22549400 both 189 GA Ramp 157
1201  40.41049500 -001.22491400 both 190 GA Ramp 158
1201  40.41303300 -001.22659400 both 191 Mil Cargo Ramp 159
1201  40.41315300 -001.22745400 both 192 Military Ramp 160
1201  40.41329900 -001.22812600 both 193 Military Ramp 161
1201  40.41346800 -001.22881300 both 194 Military Ramp 162
1201  40.41399200 -001.22728200 both 195 Mil Cargo Ramp 163
1201  40.41420800 -001.22842700 both 196 Mil Cargo Ramp 164
1201  40.41543000 -001.23394900 both 197 Cargo Ramp 165
1201  40.41507400 -001.23245900 both 198 Cargo Ramp 166
1201  40.41471800 -001.23100000 both 199 Cargo Ramp 167
1202 70 69 twoway taxiway 36/18
1204 departure 18,36
1204 arrival 18,36
1202 74 70 twoway taxiway 36/18
1204 departure 18,36
1204 arrival 18,36
1202 68 81 twoway taxiway 36/18
1204 departure 18,36
1204 arrival 18,36
1202 81 75 twoway taxiway 36/18
1204 departure 18,36
1204 arrival 18,36
1202 75 82 twoway taxiway 36/18
1204 departure 18,36
1204 arrival 18,36
1202 83 74 twoway taxiway 36/18
1204 departure 18,36
1204 arrival 18,36
1202 82 97 twoway taxiway 36/18
1204 departure 18,36
1204 arrival 18,36
1202 97 83 twoway taxiway 36/18
1204 departure 18,36
1204 arrival 18,36
1202 3 2 twoway taxiway 
1202 6 5 twoway taxiway 
1202 11 0 twoway taxiway 
1202 12 13 twoway taxiway 
1202 13 14 twoway taxiway 
1202 15 16 twoway taxiway 
1202 16 4 twoway taxiway 
1202 5 21 twoway taxiway 
1202 21 17 twoway taxiway 
1202 0 25 twoway taxiway 
1202 25 1 twoway taxiway 
1202 27 28 twoway taxiway 
1202 16 29 twoway taxiway 
1202 35 36 twoway taxiway 
1202 36 37 twoway taxiway 
1202 22 24 twoway taxiway 
1202 38 39 twoway taxiway 
1202 40 41 twoway taxiway 
1202 26 42 twoway taxiway 
1202 43 27 twoway taxiway 
1202 45 33 twoway taxiway 
1202 47 48 twoway taxiway 
1202 49 50 twoway taxiway 
1202 51 52 twoway taxiway 
1202 41 53 twoway taxiway 
1202 31 55 twoway taxiway 
1202 48 49 twoway taxiway 
1202 23 5 twoway taxiway 
1202 5 7 twoway taxiway 
1202 10 0 twoway taxiway 
1202 0 12 twoway taxiway 
1202 57 58 twoway taxiway 
1202 28 38 twoway taxiway 
1202 57 63 twoway taxiway 
1202 63 11 twoway taxiway 
1202 58 63 twoway taxiway 
1202 64 65 twoway taxiway 
1202 65 59 twoway taxiway 
1202 59 66 twoway taxiway 
1202 70 71 twoway taxiway 
1202 71 72 twoway taxiway 
1202 72 73 twoway taxiway 
1202 73 74 twoway taxiway 
1202 75 76 twoway taxiway 
1202 76 77 twoway taxiway 
1202 77 78 twoway taxiway 
1202 78 79 twoway taxiway 
1202 79 80 twoway taxiway 
1202 80 81 twoway taxiway 
1202 13 85 twoway taxiway 
1202 15 29 twoway taxiway 
1202 39 40 twoway taxiway 
1202 53 87 twoway taxiway 
1202 87 32 twoway taxiway 
1202 42 88 twoway taxiway 
1202 88 43 twoway taxiway 
1202 87 88 twoway taxiway 
1202 52 87 twoway taxiway 
1202 50 61 twoway taxiway 
1202 61 51 twoway taxiway 
1202 35 89 twoway taxiway 
1202 89 47 twoway taxiway 
1202 34 89 twoway taxiway 
1202 24 90 twoway taxiway 
1202 90 45 twoway taxiway 
1202 37 90 twoway taxiway 
1202 85 91 twoway taxiway 
1202 86 92 twoway taxiway 
1202 44 23 twoway taxiway 
1202 17 93 twoway taxiway 
1202 93 22 twoway taxiway 
1202 18 93 twoway taxiway 
1202 19 18 twoway taxiway 
1202 20 19 twoway taxiway 
1202 20 94 twoway taxiway 
1202 94 9 twoway taxiway 
1202 8 94 twoway taxiway 
1202 55 95 twoway taxiway 
1202 95 46 twoway taxiway 
1202 95 54 twoway taxiway 
1202 31 96 twoway taxiway 
1202 96 26 twoway taxiway 
1202 62 96 twoway taxiway 
1202 97 56 twoway taxiway 
1204 departure 18,36
1204 arrival 18,36
1202 56 98 twoway taxiway 
1204 departure 18,36
1204 arrival 18,36
1202 98 57 twoway taxiway 
1202 58 99 twoway taxiway 
1202 9 100 twoway taxiway 
1202 100 10 twoway taxiway 
1202 101 103 twoway taxiway 
1202 103 102 twoway taxiway 
1202 103 104 twoway taxiway 
1202 96 110 twoway taxiway 
1202 47 54 twoway taxiway 
1202 54 110 twoway taxiway 
1202 110 32 twoway taxiway 
1202 2 62 twoway taxiway 
1202 109 111 twoway taxiway 
1202 111 104 twoway taxiway 
1202 108 112 twoway taxiway 
1202 112 109 twoway taxiway 
1202 107 113 twoway taxiway 
1202 113 108 twoway taxiway 
1202 106 114 twoway taxiway 
1202 114 107 twoway taxiway 
1202 105 115 twoway taxiway 
1202 115 106 twoway taxiway 
1202 104 116 twoway taxiway 
1202 116 105 twoway taxiway 
1202 102 117 twoway taxiway 
1202 117 118 twoway taxiway 
1202 120 46 twoway taxiway 
1202 44 120 twoway taxiway 
1202 33 121 twoway taxiway 
1202 121 120 twoway taxiway 
1202 34 121 twoway taxiway 
1202 122 64 twoway taxiway 
1202 124 122 twoway taxiway 
1202 126 125 twoway taxiway 
1202 99 127 twoway taxiway 
1202 127 126 twoway taxiway 
1202 91 132 twoway taxiway 
1202 132 86 twoway taxiway 
1202 119 133 twoway taxiway 
1202 67 134 twoway taxiway 
1202 66 135 twoway taxiway 
1202 66 136 twoway taxiway 
1202 136 67 twoway taxiway 
1202 136 137 twoway taxiway 
1202 67 138 twoway taxiway 
1202 138 119 twoway taxiway 
1202 138 139 twoway taxiway 
1202 119 140 twoway taxiway 
1202 140 141 twoway taxiway 
1202 140 142 twoway taxiway 
1202 142 143 twoway taxiway 
1202 127 144 twoway taxiway 
1202 125 145 twoway taxiway 
1202 145 124 twoway taxiway 
1202 65 146 twoway taxiway 
1202 59 147 twoway taxiway 
1202 142 148 twoway taxiway 
1202 148 60 twoway taxiway 
1202 148 149 twoway taxiway 
1202 101 151 twoway taxiway 
1202 151 150 twoway taxiway 
1202 151 152 twoway taxiway 
1202 152 153 twoway taxiway 
1202 150 154 twoway taxiway 
1202 7 168 twoway taxiway 
1202 168 169 twoway taxiway 
1202 169 170 twoway taxiway 
1202 170 171 twoway taxiway 
1202 171 8 twoway taxiway 
1202 1 172 twoway taxiway 
1202 172 173 twoway taxiway 
1202 173 84 twoway taxiway 
1202 84 174 twoway taxiway 
1202 174 3 twoway taxiway 
1202 92 175 twoway taxiway 
1202 175 15 twoway taxiway 
1202 14 176 twoway taxiway 
1202 176 92 twoway taxiway 
1202 28 177 twoway taxiway 
1202 177 178 twoway taxiway 
1202 178 179 twoway taxiway 
1202 179 29 twoway taxiway 
1202 6 30 twoway taxiway 
1202 61 180 twoway taxiway 
1202 122 123 twoway taxiway 
1202 85 128 twoway taxiway 
1202 129 86 twoway taxiway 
1202 130 129 twoway taxiway 
1202 128 131 twoway taxiway 
1202 131 130 twoway taxiway 
1202 145 182 twoway taxiway 
1202 147 183 twoway taxiway 
1202 133 184 twoway taxiway 
1202 141 185 twoway taxiway 
1202 149 186 twoway taxiway 
1202 131 155 twoway taxiway 
1202 155 156 twoway taxiway 
1202 155 157 twoway taxiway 
1202 85 158 twoway taxiway 
1202 158 159 twoway taxiway 
1202 155 161 twoway taxiway 
1202 159 162 twoway taxiway 
1202 162 160 twoway taxiway 
1202 162 163 twoway taxiway 
1202 162 164 twoway taxiway 
1202 130 165 twoway taxiway 
1202 165 181 twoway taxiway 
1202 165 166 twoway taxiway 
1202 165 167 twoway taxiway 
1202 159 131 twoway taxiway 
1202 168 187 twoway taxiway 
1202 169 188 twoway taxiway 
1202 170 189 twoway taxiway 
1202 171 190 twoway taxiway 
1202 172 191 twoway taxiway 
1202 173 192 twoway taxiway 
1202 84 193 twoway taxiway 
1202 174 194 twoway taxiway 
1202 175 196 twoway taxiway 
1202 176 195 twoway taxiway 
1202 177 197 twoway taxiway 
1202 178 198 twoway taxiway 
1202 179 199 twoway taxiway 
99
