I
1000	# Converted by FS2XPlane 3.26


1      739 0 0 LELH Alhama de Murcia
100  24.00  1 1 0.25 1 2 0 26   37.74956499   -1.29467596   0.0   0.0 3  0 0 0 08   37.74828901   -1.30832804   0.0   0.0 3  0 0 0
14    37.74820200   -1.30009900    6 0 Alhama de Murcia Tower

1300  37.74979900   -1.30105700 169.71 misc props|helos GA Ramp  1

1300  37.74982500   -1.30079700 169.63 misc props|helos GA Ramp  2

1300  37.74986000   -1.30053600 168.38 misc props|helos GA Ramp  3

1300  37.74988900   -1.30026700 170.00 misc props|helos GA Ramp  4

1300  37.75000700   -1.29899400 168.68 misc props|helos GA Ramp  5

1300  37.75003000   -1.29873700 171.52 misc props|helos GA Ramp  6

1300  37.75005900   -1.29846900 168.38 misc props|helos GA Ramp  7

1300  37.75009300   -1.29820500 170.63 misc props|helos GA Ramp  8

1300  37.75017200   -1.30114400 170.01 misc props|helos GA Ramp  9

1300  37.75020300   -1.30087900 170.98 misc props|helos GA Ramp 10

1300  37.75023700   -1.30060800 170.55 misc props|helos GA Ramp 11

1300  37.75026800   -1.30033200 171.07 misc props|helos GA Ramp 12

1300  37.75058300   -1.30121600 172.15 misc props|helos GA Ramp 13

1300  37.75061200   -1.30094600 171.01 misc props|helos GA Ramp 14

1300  37.75064300   -1.30067600 170.10 misc props|helos GA Ramp 15

1300  37.75067000   -1.30040800 169.55 misc props|helos GA Ramp 16

1300  37.75080300   -1.29914000 173.19 misc props|helos GA Ramp 17

1300  37.75083100   -1.29886900 172.16 misc props|helos GA Ramp 18

1300  37.75086300   -1.29858900 169.95 misc props|helos GA Ramp 19

1300  37.75089400   -1.29832000 170.73 misc props|helos GA Ramp 20

1300  37.75039200   -1.29906300 170.97 misc props|helos GA Ramp 21

1300  37.75042000   -1.29878400 170.79 misc props|helos GA Ramp 22

1300  37.75045200   -1.29851600 170.34 misc props|helos GA Ramp 23

1300  37.75048300   -1.29825100 171.67 misc props|helos GA Ramp 24

110  01 0.25  83.27 Taxiway
112   37.75654500   -1.30482400  37.75662700   -1.30471300 
111   37.75722800   -1.30390300 
111   37.75735900   -1.30405900 
112   37.75665900   -1.30500200  37.75657700   -1.30511300 
112   37.75638300   -1.30528800  37.75628100   -1.30536800 
112   37.75592400   -1.30564600  37.75582200   -1.30572600 
112   37.75559600   -1.30582000  37.75547900   -1.30585600 
112   37.75481700   -1.30606400  37.75470000   -1.30610000 
112   37.75446300   -1.30614300  37.75434400   -1.30616000 
111   37.75332500   -1.30630100 
111   37.75212400   -1.30637400 
111   37.75211600   -1.30614700 
111   37.75331100   -1.30607500 
112   37.75443100   -1.30591900  37.75455000   -1.30590200 
112   37.75478500   -1.30584000  37.75490200   -1.30580400 
112   37.75552600   -1.30560800  37.75564300   -1.30557200 
112   37.75585400   -1.30543400  37.75595600   -1.30535400 
114   37.75626900   -1.30511000  37.75637100   -1.30503000 

110  01 0.25  83.27 Taxiway
112   37.75001200   -1.30255800  37.75002100   -1.30246800 
111   37.75007700   -1.30186900 
111   37.75018400   -1.30188500 
112   37.75012000   -1.30256000  37.75011100   -1.30265000 
112   37.75011800   -1.30283100  37.75012500   -1.30292200 
112   37.75014500   -1.30317900  37.75015200   -1.30327000 
112   37.75018000   -1.30344800  37.75019600   -1.30353700 
112   37.75029200   -1.30405200  37.75030800   -1.30414100 
112   37.75031900   -1.30432100  37.75032100   -1.30441200 
112   37.75032400   -1.30454100  37.75032600   -1.30463200 
112   37.75027900   -1.30477900  37.75024700   -1.30484700 
112   37.75035800   -1.30504400  37.75044200   -1.30515200 
112   37.75042000   -1.30512500  37.75050400   -1.30523300 
112   37.75056900   -1.30518900  37.75058400   -1.30512400 
111   37.75059300   -1.30509100 
112   37.75061500   -1.30497400  37.75063000   -1.30489500 
112   37.75062600   -1.30467500  37.75061900   -1.30455400 
112   37.75060900   -1.30437400  37.75060200   -1.30425300 
112   37.75055800   -1.30401800  37.75053100   -1.30390100 
112   37.75049800   -1.30375400  37.75047100   -1.30363700 
112   37.75044900   -1.30339700  37.75044300   -1.30327600 
112   37.75042800   -1.30297400  37.75042200   -1.30285300 
112   37.75043000   -1.30261100  37.75043700   -1.30249000 
111   37.75047000   -1.30194500 
111   37.75061300   -1.30195800 
112   37.75057400   -1.30261300  37.75056700   -1.30273400 
112   37.75057200   -1.30297600  37.75057800   -1.30309700 
112   37.75059100   -1.30336500  37.75059700   -1.30348600 
112   37.75064000   -1.30372200  37.75066700   -1.30383900 
112   37.75070000   -1.30398600  37.75072700   -1.30410300 
112   37.75075100   -1.30434200  37.75075800   -1.30446300 
112   37.75077200   -1.30468900  37.75077900   -1.30481000 
112   37.75075700   -1.30500400  37.75074000   -1.30509300 
111   37.75073100   -1.30513900 
112   37.75069600   -1.30528700  37.75067300   -1.30538600 
112   37.75078500   -1.30560600  37.75086800   -1.30571900 
112   37.75099100   -1.30584900  37.75104500   -1.30589800 
112   37.75119300   -1.30597400  37.75127400   -1.30600800 
111   37.75131500   -1.30602500 
112   37.75137100   -1.30604500  37.75140900   -1.30605900 
112   37.75143100   -1.30588400  37.75143300   -1.30576300 
112   37.75143500   -1.30560000  37.75143700   -1.30547900 
112   37.75142400   -1.30523700  37.75141500   -1.30511600 
111   37.75139400   -1.30483000 
111   37.75128900   -1.30400200 
111   37.75122800   -1.30337700 
112   37.75121200   -1.30301100  37.75120700   -1.30289000 
112   37.75122100   -1.30264800  37.75123200   -1.30252700 
111   37.75126900   -1.30215800 
111   37.75141200   -1.30218000 
112   37.75136600   -1.30265400  37.75135400   -1.30277500 
112   37.75135600   -1.30301700  37.75136100   -1.30313800 
111   37.75137200   -1.30336100 
111   37.75143100   -1.30397600 
111   37.75153600   -1.30480600 
112   37.75156800   -1.30523100  37.75157700   -1.30535200 
112   37.75157900   -1.30559400  37.75157700   -1.30571500 
111   37.75157000   -1.30621100 
111   37.75157400   -1.30699200 
112   37.75152000   -1.30785200  37.75151300   -1.30797300 
112   37.75151300   -1.30821500  37.75151600   -1.30833600 
111   37.75153300   -1.30916000 
111   37.75164300   -1.31029600 
111   37.75150000   -1.31031800 
111   37.75138900   -1.30917400 
112   37.75136900   -1.30821100  37.75136600   -1.30809000 
112   37.75137600   -1.30784800  37.75138300   -1.30772700 
111   37.75143000   -1.30698600 
112   37.75142700   -1.30648400  37.75142600   -1.30636300 
112   37.75137400   -1.30628300  37.75133900   -1.30627000 
112   37.75130000   -1.30639800  37.75128500   -1.30648700 
112   37.75114800   -1.30732500  37.75113300   -1.30741400 
112   37.75112700   -1.30759500  37.75112800   -1.30768600 
111   37.75113600   -1.30864600 
111   37.75121900   -1.31029600 
111   37.75111200   -1.31030400 
111   37.75102800   -1.30865200 
112   37.75101900   -1.30758100  37.75101800   -1.30749000 
112   37.75104000   -1.30731100  37.75105500   -1.30722200 
112   37.75119600   -1.30635700  37.75121100   -1.30626800 
112   37.75114500   -1.30619200  37.75109600   -1.30617100 
112   37.75102600   -1.30633500  37.75099600   -1.30645000 
112   37.75086400   -1.30695900  37.75083400   -1.30707400 
112   37.75081100   -1.30731400  37.75080600   -1.30743500 
112   37.75075900   -1.30857600  37.75075400   -1.30869700 
112   37.75076000   -1.30894000  37.75076600   -1.30906100 
111   37.75083000   -1.31027300 
111   37.75068600   -1.31028500 
112   37.75061600   -1.30894200  37.75061000   -1.30882100 
112   37.75061500   -1.30857800  37.75062000   -1.30845700 
112   37.75066900   -1.30728000  37.75067400   -1.30715900 
112   37.75072200   -1.30692500  37.75075200   -1.30681000 
112   37.75089500   -1.30625600  37.75092500   -1.30614100 
112   37.75089700   -1.30604400  37.75086800   -1.30601800 
112   37.75080500   -1.30612700  37.75077200   -1.30620800 
112   37.75049800   -1.30690000  37.75046500   -1.30698100 
112   37.75043800   -1.30715800  37.75043100   -1.30724900 
112   37.75035000   -1.30820500  37.75034300   -1.30829600 
112   37.75034000   -1.30847700  37.75034100   -1.30856800 
111   37.75035700   -1.31017100 
111   37.75024900   -1.31017300 
112   37.75023200   -1.30847100  37.75023100   -1.30838000 
112   37.75024200   -1.30819900  37.75024900   -1.30810800 
112   37.75033200   -1.30711800  37.75033900   -1.30702700 
112   37.75039200   -1.30686000  37.75042500   -1.30677900 
112   37.75071900   -1.30603900  37.75075200   -1.30595800 
112   37.75067500   -1.30579100  37.75061300   -1.30570700 
112   37.75051700   -1.30582600  37.75047400   -1.30593400 
112   37.75031600   -1.30632300  37.75027300   -1.30643100 
112   37.75021600   -1.30666100  37.75019300   -1.30677800 
112   37.75004200   -1.30753800  37.75001900   -1.30765500 
112   37.74999800   -1.30789600  37.74999200   -1.30801700 
111   37.74995900   -1.30870700 
111   37.74999200   -1.31005700 
111   37.74984800   -1.31006300 
111   37.74981500   -1.30870500 
112   37.74985600   -1.30786800  37.74986200   -1.30774700 
112   37.74990000   -1.30751000  37.74992300   -1.30739300 
112   37.75008000   -1.30659700  37.75010300   -1.30648000 
112   37.75018000   -1.30625900  37.75022300   -1.30615100 
112   37.75041300   -1.30568500  37.75045600   -1.30557700 
112   37.75035200   -1.30536100  37.75026800   -1.30525300 
112   37.75028800   -1.30527800  37.75020400   -1.30517000 
112   37.75013300   -1.30524700  37.75011400   -1.30533400 
112   37.74967500   -1.30734200  37.74965600   -1.30742900 
112   37.74963200   -1.30760800  37.74962300   -1.30769800 
112   37.74951500   -1.30870400  37.74950600   -1.30879400 
112   37.74949900   -1.30897500  37.74949800   -1.30906600 
111   37.74948700   -1.30985100 
111   37.74937900   -1.30984900 
112   37.74939100   -1.30896500  37.74939200   -1.30887400 
112   37.74940700   -1.30869400  37.74941600   -1.30860400 
112   37.74952600   -1.30758000  37.74953500   -1.30749000 
112   37.74956900   -1.30731400  37.74958800   -1.30722700 
112   37.75004100   -1.30515300  37.75006000   -1.30506600 
112   37.75000600   -1.30499600  37.74996300   -1.30497900 
112   37.74991800   -1.30514900  37.74990200   -1.30526800 
111   37.74980200   -1.30600000 
111   37.74966000   -1.30596900 
112   37.74977700   -1.30510800  37.74979300   -1.30498900 
112   37.74962300   -1.30490000  37.74950400   -1.30488100 
112   37.74927600   -1.30484300  37.74915700   -1.30482400 
112   37.74908600   -1.30495000  37.74907800   -1.30504100 
112   37.74878000   -1.30827900  37.74877200   -1.30837000 
112   37.74855400   -1.30838400  37.74841100   -1.30836300 
112   37.74839500   -1.30836000  37.74825200   -1.30833900 
112   37.74820600   -1.30805800  37.74822300   -1.30787700 
111   37.74820600   -1.30805800
111   37.74844600   -1.30781800
112   37.74844600   -1.30781800  37.74842900   -1.30799900 
112   37.74855300   -1.30810900  37.74864200   -1.30812200 
112   37.74869800   -1.30799300  37.74870600   -1.30790200 
111   37.74900100   -1.30468400 
111   37.74933000   -1.30139000 
111   37.74936100   -1.30107000 
111   37.74945200   -1.30011500 
111   37.74948100   -1.29981000 
111   37.74953900   -1.29927000 
111   37.74956900   -1.29897700 
111   37.74965400   -1.29809200 
111   37.74968900   -1.29776500 
112   37.74992900   -1.29514400  37.74993700   -1.29505300 
112   37.74978900   -1.29498200  37.74968800   -1.29496500 
112   37.74961300   -1.29522800  37.74959600   -1.29540900 
111   37.74961300   -1.29522800
111   37.74942500   -1.29492000
112   37.74942500   -1.29492000  37.74944200   -1.29473900 
112   37.74966400   -1.29468600  37.74980700   -1.29471100 
112   37.74985900   -1.29471900  37.75000200   -1.29474400 
112   37.75006100   -1.29489200  37.75005300   -1.29498300 
112   37.74981200   -1.29761100  37.74980400   -1.29770200 
112   37.74986700   -1.29782700  37.74991200   -1.29788000 
112   37.75004100   -1.29792700  37.75011200   -1.29794000 
111   37.75031800   -1.29797800 
111   37.75070700   -1.29804400 
112   37.75107600   -1.29810900  37.75114700   -1.29812200 
112   37.75116900   -1.29826300  37.75116000   -1.29835300 
111   37.75105100   -1.29937600 
111   37.75097400   -1.30025000 
112   37.75086600   -1.30136700  37.75085100   -1.30151800 
112   37.75066600   -1.30156100  37.75054700   -1.30154000 
111   37.75033800   -1.30150200 
111   37.74993900   -1.30143500 
112   37.74969400   -1.30139700  37.74957500   -1.30137800 
112   37.74947500   -1.30140400  37.74944800   -1.30142700 
112   37.74942100   -1.30157300  37.74941200   -1.30166300 
112   37.74913300   -1.30445300  37.74912400   -1.30454300 
112   37.74929800   -1.30461700  37.74941700   -1.30463600 
112   37.74964600   -1.30467500  37.74976500   -1.30469400 
112   37.74983600   -1.30452300  37.74984400   -1.30440200 
111   37.74988500   -1.30380100 
111   37.75002900   -1.30381600 
112   37.74997800   -1.30456000  37.74997000   -1.30468100 
112   37.75005300   -1.30477600  37.75011100   -1.30479900 
112   37.75018000   -1.30472600  37.75020600   -1.30466900 
112   37.75021600   -1.30450500  37.75021400   -1.30441400 
112   37.75021100   -1.30433900  37.75020900   -1.30424800 
112   37.75018400   -1.30407000  37.75016800   -1.30398100 
112   37.75007400   -1.30347000  37.75005800   -1.30338100 
112   37.75003900   -1.30320100  37.75003200   -1.30311000 
114   37.75001000   -1.30282900  37.75000300   -1.30273800 
111   37.74957500   -1.30020800 
112   37.74957800   -1.30018100  37.74958100   -1.30016300 
112   37.74956900   -1.30016100  37.74956000   -1.30016600 
112   37.74954300   -1.30030400  37.74953400   -1.30039400 
112   37.74948500   -1.30092000  37.74947600   -1.30101000 
111   37.74947200   -1.30105500 
112   37.74947600   -1.30106100  37.74947900   -1.30106400 
112   37.74948300   -1.30103500  37.74948500   -1.30101400 
111   37.74948700   -1.30100300 
111   37.74952000   -1.30073100 
113   37.74954700   -1.30046800 
111   37.75072200   -1.29842100 
111   37.75071500   -1.29848900 
111   37.75070100   -1.29862500 
111   37.75069300   -1.29870000 
111   37.75068600   -1.29877500 
111   37.75067200   -1.29891100 
111   37.75066500   -1.29897700 
111   37.75065800   -1.29904400 
111   37.75064200   -1.29917900 
111   37.75063900   -1.29920800 
112   37.75074200   -1.29925500  37.75081300   -1.29926700 
112   37.75084400   -1.29927200  37.75091500   -1.29928400 
112   37.75096500   -1.29915500  37.75097400   -1.29906500 
112   37.75104700   -1.29837900  37.75105600   -1.29828900 
112   37.75095400   -1.29822500  37.75088300   -1.29821200 
112   37.75085300   -1.29820800  37.75078200   -1.29819500 
111   37.75074400   -1.29820400 
111   37.75074300   -1.29821900 
113   37.75072900   -1.29835400 
111   37.75062900   -1.29826600 
112   37.75063400   -1.29821800  37.75063700   -1.29818600 
112   37.75053200   -1.29815200  37.75046100   -1.29814000 
112   37.75046200   -1.29813900  37.75039100   -1.29812700 
111   37.75035200   -1.29813900 
111   37.75035000   -1.29815700 
111   37.75033200   -1.29829100 
111   37.75032400   -1.29835500 
111   37.75031500   -1.29841900 
111   37.75029900   -1.29855400 
111   37.75029200   -1.29862200 
111   37.75028500   -1.29869000 
111   37.75027100   -1.29882500 
111   37.75026400   -1.29889600 
111   37.75025600   -1.29896800 
111   37.75024300   -1.29910300 
111   37.75024000   -1.29913300 
112   37.75034400   -1.29918300  37.75041500   -1.29919600 
112   37.75042100   -1.29919800  37.75049200   -1.29921100 
112   37.75053700   -1.29915500  37.75054300   -1.29911300 
111   37.75054500   -1.29909200 
111   37.75057100   -1.29882500 
113   37.75060100   -1.29853700 
111   37.75023500   -1.29820300 
112   37.75024200   -1.29815300  37.75024600   -1.29811900 
112   37.75014100   -1.29808300  37.75007000   -1.29807000 
112   37.75005800   -1.29806700  37.74998700   -1.29805400 
111   37.74994500   -1.29808100 
111   37.74993900   -1.29811500 
111   37.74992000   -1.29824900 
111   37.74991400   -1.29831200 
111   37.74990700   -1.29837400 
111   37.74989200   -1.29850900 
111   37.74988500   -1.29857400 
111   37.74987700   -1.29864000 
111   37.74986200   -1.29877500 
111   37.74985600   -1.29883700 
111   37.74985000   -1.29890000 
111   37.74983600   -1.29903500 
111   37.74983300   -1.29906100 
112   37.74993700   -1.29910700  37.75000800   -1.29912000 
112   37.75002300   -1.29912300  37.75009400   -1.29913600 
112   37.75013600   -1.29908000  37.75014000   -1.29903800 
111   37.75014200   -1.29901700 
111   37.75017000   -1.29873900 
113   37.75020000   -1.29846600 
111   37.74997400   -1.30028200 
112   37.74998000   -1.30023400  37.74998300   -1.30020100 
111   37.74987500   -1.30016400 
111   37.74976500   -1.30014400 
111   37.74972900   -1.30046700 
111   37.74972900   -1.30046700 
111   37.74970100   -1.30073000 
111   37.74970100   -1.30073000 
111   37.74969200   -1.30081000 
111   37.74969200   -1.30081000 
111   37.74965100   -1.30116100 
111   37.74976200   -1.30117900 
112   37.74987900   -1.30114400  37.74988300   -1.30110900 
113   37.74988500   -1.30109100 
111   37.74982000   -1.29816200 
112   37.74982600   -1.29813000  37.74982900   -1.29810900 
112   37.74979500   -1.29812200  37.74977100   -1.29813800 
112   37.74974500   -1.29828000  37.74973600   -1.29837000 
112   37.74969300   -1.29882200  37.74968400   -1.29891200 
112   37.74970500   -1.29898400  37.74972200   -1.29900300 
112   37.74973300   -1.29898100  37.74973500   -1.29896000 
111   37.74973600   -1.29895000 
111   37.74976200   -1.29868900 
113   37.74979400   -1.29842300 
111   37.75056400   -1.29936200 
111   37.75016900   -1.29928800 
112   37.74988700   -1.29923600  37.74981600   -1.29922300 
112   37.74971200   -1.29926800  37.74966700   -1.29930300 
112   37.74962800   -1.29945600  37.74961800   -1.29954600 
112   37.74960700   -1.29966000  37.74959700   -1.29975000 
112   37.74963300   -1.29984600  37.74966000   -1.29988000 
112   37.74985100   -1.29993000  37.74997000   -1.29995200 
111   37.75010000   -1.29997700 
111   37.75050000   -1.30005000 
112   37.75068100   -1.30008300  37.75080200   -1.30010500 
112   37.75087600   -1.29998100  37.75088500   -1.29989100 
112   37.75092200   -1.29956000  37.75093100   -1.29947000 
114   37.75082900   -1.29940700  37.75075800   -1.29939500 
111   37.75056300   -1.30029100 
111   37.75054000   -1.30049500 
111   37.75053800   -1.30051700 
111   37.75053500   -1.30054000 
111   37.75051000   -1.30076500 
111   37.75050700   -1.30078700 
111   37.75050500   -1.30080900 
111   37.75048000   -1.30103400 
111   37.75047800   -1.30105700 
111   37.75047500   -1.30107900 
111   37.75045200   -1.30129200 
111   37.75045200   -1.30129200 
111   37.75057100   -1.30131400 
112   37.75071500   -1.30111000  37.75073200   -1.30096000 
112   37.75077600   -1.30055900  37.75079300   -1.30040900 
113   37.75068200   -1.30031200 
111   37.75037500   -1.30034800 
112   37.75038000   -1.30030300  37.75038300   -1.30027300 
111   37.75027400   -1.30023800 
111   37.75016300   -1.30021800 
111   37.75014000   -1.30042500 
111   37.75011500   -1.30065000 
111   37.75010000   -1.30078600 
111   37.75007500   -1.30101100 
111   37.75005200   -1.30122400 
111   37.75005200   -1.30122400 
111   37.75016300   -1.30124300 
112   37.75027900   -1.30121000  37.75028300   -1.30117500 
111   37.75028500   -1.30115800 
111   37.75031500   -1.30088700 
113   37.75034500   -1.30062000 

110  01 0.25  83.27 Taxiway
112   37.75101000   -1.30454400  37.75099900   -1.30445400 
111   37.75094000   -1.30397500 
112   37.75084000   -1.30314400  37.75082900   -1.30305400 
112   37.75083300   -1.30287300  37.75083900   -1.30278200 
111   37.75088900   -1.30205100 
111   37.75099600   -1.30206300 
112   37.75094100   -1.30286900  37.75093500   -1.30296000 
112   37.75094800   -1.30314000  37.75095900   -1.30323000 
111   37.75104600   -1.30395500 
112   37.75111800   -1.30453200  37.75112900   -1.30462200 
112   37.75113700   -1.30480300  37.75113800   -1.30489400 
111   37.75114700   -1.30548300 
111   37.75103900   -1.30548500 
114   37.75102900   -1.30481500  37.75102800   -1.30472400 

120  Centreline for Path
112   37.74979900   -1.30105700  37.74965033   -1.30103233 51
116   37.74956250   -1.30114000  37.74955350   -1.30122000

120  Centreline for Path
112   37.74982500   -1.30079700  37.74968100   -1.30076367 51
116   37.74959250   -1.30088350  37.74958150   -1.30097450

120  Centreline for Path
112   37.74986000   -1.30053600  37.74971067   -1.30050067 51
116   37.74962250   -1.30061500  37.74961350   -1.30070300

120  Centreline for Path
112   37.74988900   -1.30026700  37.74973900   -1.30023900 51
116   37.74965000   -1.30035400  37.74964067   -1.30044000

120  Centreline for Path
111   37.75000700   -1.29899400 51
112   37.74989700   -1.29897626  37.74982567   -1.29896475 51
116   37.74977950   -1.29905200  37.74977250   -1.29911400

120  Centreline for Path
111   37.75003000   -1.29873700 51
112   37.74992177   -1.29871737  37.74985059   -1.29870446 51
116   37.74980250   -1.29882850  37.74979417   -1.29891550

120  Centreline for Path
111   37.75005900   -1.29846900 51
112   37.74995385   -1.29845065  37.74988262   -1.29843822 51
116   37.74983100   -1.29856500  37.74982033   -1.29865367

120  Centreline for Path
111   37.75009300   -1.29820500 51
112   37.74998020   -1.29818911  37.74990873   -1.29817904 51
116   37.74986000   -1.29830300  37.74985133   -1.29838900

120  Centreline for Path
111   37.75017200   -1.30114400 51
112   37.75015185   -1.30114023  37.75003328   -1.30111808 51
116   37.74996200   -1.30121450  37.74995400   -1.30128617

120  Centreline for Path
111   37.75000100   -1.30083100 51
115   37.75020300   -1.30087900

120  Centreline for Path
111   37.75004100   -1.30056200 51
115   37.75023700   -1.30060800

120  Centreline for Path
111   37.75026800   -1.30033200 51
112   37.75024125   -1.30032756  37.75012242   -1.30030785 51
116   37.75007500   -1.30019350  37.75008300   -1.30012383

120  Centreline for Path
111   37.75058300   -1.30121600 51
112   37.75055155   -1.30120968  37.75043318   -1.30118589 51
116   37.75036200   -1.30128150  37.75035400   -1.30135317

120  Centreline for Path
111   37.75061200   -1.30094600 51
112   37.75058143   -1.30093968  37.75046314   -1.30091523 51
116   37.75038900   -1.30103850  37.75037900   -1.30112883

120  Centreline for Path
111   37.75064300   -1.30067600 51
112   37.75061176   -1.30067002  37.75049325   -1.30064734 51
116   37.75041900   -1.30076950  37.75040900   -1.30085850

120  Centreline for Path
111   37.75067000   -1.30040800 51
112   37.75064127   -1.30040186  37.75052309   -1.30037662 51
116   37.75047550   -1.30026300  37.75048317   -1.30019567

120  Centreline for Path
111   37.75039200   -1.29906300 51
112   37.75030262   -1.29904567  37.75023154   -1.29903189 51
116   37.75018650   -1.29912300  37.75018017   -1.29918833

120  Centreline for Path
111   37.75042000   -1.29878400 51
112   37.75033075   -1.29876761  37.75025958   -1.29875454 51
116   37.75021032   -1.29888332  37.75020120   -1.29897354

120  Centreline for Path
111   37.75045200   -1.29851600 51
112   37.75035953   -1.29849741  37.75028851   -1.29848314 51
116   37.75023859   -1.29861120  37.75022898   -1.29870133

120  Centreline for Path
111   37.75048300   -1.29825100 51
112   37.75039467   -1.29823424  37.75032356   -1.29822075 51
116   37.75029900   -1.29812950  37.75030633   -1.29807317

120  Centreline for Path
111   37.75080300   -1.29914000 51
112   37.75070473   -1.29912178  37.75063358   -1.29910859 51
116   37.75058500   -1.29919850  37.75057633   -1.29926283

120  Centreline for Path
111   37.75083100   -1.29886900 51
112   37.75073191   -1.29885216  37.75066064   -1.29884005 51
116   37.75061150   -1.29896800  37.75060250   -1.29905733

120  Centreline for Path
111   37.75086300   -1.29858900 51
112   37.75076146   -1.29856801  37.75069049   -1.29855334 51
116   37.75064091   -1.29868126  37.75063152   -1.29877143

120  Centreline for Path
111   37.75089400   -1.29832000 51
112   37.75078937   -1.29829768  37.75071846   -1.29828256 51
116   37.75069150   -1.29819350  37.75069717   -1.29813917

120  Centreline for Taxi
112   37.74979320   -1.29484552  37.74993573   -1.29486984 51
112   37.74999462   -1.29501752  37.74998637   -1.29510787 51
112   37.74975538   -1.29763748  37.74974713   -1.29772783 51
112   37.74972857   -1.29790820  37.74971896   -1.29799833 51
112   37.74972243   -1.29796580  37.74971281   -1.29805593 51
112   37.74969498   -1.29823642  37.74968630   -1.29832671 51
112   37.74963602   -1.29884958  37.74962734   -1.29893986 51
112   37.74960919   -1.29912030  37.74959999   -1.29921050 51
112   37.74960681   -1.29914370  37.74959760   -1.29923390 51
112   37.74957848   -1.29941418  37.74956880   -1.29950430 51
112   37.74954952   -1.29968382  37.74953984   -1.29977394 51
112   37.74952208   -1.29995444  37.74951347   -1.30004473 51
112   37.74951892   -1.29998756  37.74951031   -1.30007785 51
112   37.74949309   -1.30025844  37.74948449   -1.30034874 51
112   37.74942791   -1.30094256  37.74941930   -1.30103285 51
112   37.74940188   -1.30121341  37.74939314   -1.30130368 51
112   37.74939712   -1.30126259  37.74938837   -1.30135286 51
112   37.74946650   -1.30132900  37.74952150   -1.30128300 51
112   37.74972745   -1.30128759  37.74984642   -1.30130598 51
112   37.74977155   -1.30129441  37.74989052   -1.30131280 51
112   37.75012822   -1.30135185  37.75024704   -1.30137175 51
112   37.75017178   -1.30135915  37.75029059   -1.30137905 51
112   37.75052799   -1.30142101  37.75064665   -1.30144235 51
112   37.75058901   -1.30143199  37.75070767   -1.30145333 51
112   37.75079198   -1.30123883  37.75080863   -1.30108872 51
112   37.75087802   -1.30046317  37.75089467   -1.30031306 51
112   37.75072507   -1.30020549  37.75060644   -1.30018382 51
112   37.75066493   -1.30019451  37.75054631   -1.30017284 51
112   37.75030906   -1.30012953  37.75019044   -1.30010788 51
112   37.75026494   -1.30012147  37.75014631   -1.30009982 51
112   37.74990914   -1.30005585  37.74979057   -1.30003375 51
112   37.74986786   -1.30004815  37.74974929   -1.30002605 51
112   37.74967700   -1.30012000  37.74966833   -1.30019000 51
112   37.74965000   -1.30035400  37.74964067   -1.30044000 51
112   37.74962250   -1.30061500  37.74961350   -1.30070300 51
112   37.74959250   -1.30088350  37.74958150   -1.30097450 51
112   37.74956250   -1.30114000  37.74955350   -1.30122000 51
112   37.74948200   -1.30116900  37.74943733   -1.30110833 51
116   37.74940188   -1.30121341  37.74939314   -1.30130368

120  Centreline for Taxi
112   37.74949309   -1.30025844  37.74950170   -1.30016815 51
112   37.74959800   -1.30006900  37.74965933   -1.30003300 51
112   37.74961372   -1.29991854  37.74956287   -1.29985424 51
112   37.74961128   -1.29991546  37.74956043   -1.29985115 51
116   37.74952208   -1.29995444  37.74951347   -1.30004473

120  Centreline for Taxi
112   37.74957848   -1.29941418  37.74958816   -1.29932406 51
112   37.74968100   -1.29921200  37.74973967   -1.29916733 51
112   37.74969600   -1.29906500  37.74964733   -1.29901167 51
116   37.74960919   -1.29912030  37.74959999   -1.29921050

120  Centreline for Taxi
112   37.74969498   -1.29823642  37.74970366   -1.29814614 51
112   37.74980404   -1.29803889  37.74986806   -1.29799748 51
112   37.74981296   -1.29803311  37.74987699   -1.29799170 51
112   37.74983053   -1.29787740  37.74977821   -1.29781500 51
112   37.74982147   -1.29786660  37.74976916   -1.29780420 51
116   37.74972857   -1.29790820  37.74971896   -1.29799833

120  Centreline for Taxi
112   37.74977155   -1.30129441  37.74989052   -1.30131280 51
112   37.74996200   -1.30121450  37.74997000   -1.30114283 51
112   37.74999877   -1.30088180  37.75001529   -1.30073166 51
112   37.75003823   -1.30052320  37.75005474   -1.30037307 51
112   37.75007500   -1.30019350  37.75008300   -1.30012383 51
116   37.74990914   -1.30005585  37.74979057   -1.30003375

120  Centreline for Taxi
112   37.75017178   -1.30135915  37.75029059   -1.30137905 51
112   37.75036200   -1.30128150  37.75037000   -1.30120983 51
112   37.75038900   -1.30103850  37.75039900   -1.30094817 51
112   37.75041900   -1.30076950  37.75042900   -1.30068050 51
112   37.75044900   -1.30050000  37.75045900   -1.30040933 51
112   37.75047550   -1.30026300  37.75048317   -1.30019567 51
116   37.75030906   -1.30012953  37.75019044   -1.30010788

120  Centreline for Taxi
112   37.75072507   -1.30020549  37.75084369   -1.30022716 51
112   37.75091759   -1.30010283  37.75092731   -1.30001272 51
112   37.75098241   -1.29950217  37.75099214   -1.29941206 51
112   37.75101131   -1.29923178  37.75102085   -1.29914164 51
112   37.75110769   -1.29832122  37.75111723   -1.29823107 51
112   37.75101515   -1.29816726  37.75094392   -1.29815477 51
112   37.75080685   -1.29813074  37.75073562   -1.29811825 51
112   37.75059311   -1.29809364  37.75052186   -1.29808140 51
112   37.75041689   -1.29806336  37.75034563   -1.29805112 51
112   37.75020326   -1.29802530  37.75013210   -1.29801217 51
112   37.75001574   -1.29799070  37.74994458   -1.29797757 51
112   37.74989100   -1.29807250  37.74987900   -1.29814017 51
112   37.74986000   -1.29830300  37.74985133   -1.29838900 51
112   37.74983100   -1.29856500  37.74982033   -1.29865367 51
112   37.74980250   -1.29882850  37.74979417   -1.29891550 51
112   37.74977950   -1.29905200  37.74977250   -1.29911400 51
112   37.74987572   -1.29916488  37.74994686   -1.29917813 51
112   37.75007028   -1.29920112  37.75014143   -1.29921437 51
112   37.75028370   -1.29924099  37.75035484   -1.29925432 51
112   37.75046530   -1.29927501  37.75053643   -1.29928834 51
112   37.75067891   -1.29931311  37.75075019   -1.29932519 51
112   37.75089009   -1.29934889  37.75096136   -1.29936096 51
116   37.75101131   -1.29923178  37.75102085   -1.29914164

120  Centreline for Taxi
112   37.75007028   -1.29920112  37.75014143   -1.29921437 51
112   37.75018650   -1.29912300  37.75019283   -1.29905767 51
112   37.75020968   -1.29888968  37.75021880   -1.29879946 51
112   37.75021032   -1.29888332  37.75021944   -1.29879311 51
112   37.75023841   -1.29861280  37.75024802   -1.29852267 51
112   37.75023859   -1.29861120  37.75024820   -1.29852107 51
112   37.75027050   -1.29834500  37.75028217   -1.29825767 51
112   37.75029900   -1.29812950  37.75030633   -1.29807317 51
116   37.75020326   -1.29802530  37.75013210   -1.29801217

120  Centreline for Taxi
112   37.75067891   -1.29931311  37.75060764   -1.29930104 51
112   37.75058500   -1.29919850  37.75059367   -1.29913417 51
112   37.75061150   -1.29896800  37.75062050   -1.29887867 51
112   37.75063909   -1.29869874  37.75064848   -1.29860857 51
112   37.75064091   -1.29868126  37.75065030   -1.29859109 51
112   37.75066898   -1.29841073  37.75067829   -1.29832054 51
112   37.75066902   -1.29841027  37.75067834   -1.29832009 51
112   37.75069150   -1.29819350  37.75069717   -1.29813917 51
116   37.75059311   -1.29809364  37.75052186   -1.29808140

120  Centreline for Taxi
112   37.74851400   -1.30824050  37.74865600   -1.30826150 51
112   37.74873942   -1.30813649  37.74874769   -1.30804614 51
112   37.74904258   -1.30482751  37.74905086   -1.30473717 51
112   37.74906852   -1.30455665  37.74907753   -1.30446642 51
112   37.74937048   -1.30153335  37.74937949   -1.30144312 51
116   37.74946650   -1.30132900  37.74952150   -1.30128300

120  Centreline for Taxi
112   37.74904258   -1.30482751  37.74905086   -1.30473717 51
112   37.74923328   -1.30472132  37.74935213   -1.30474087 51
112   37.74970972   -1.30479968  37.74982857   -1.30481923 51
112   37.75001700   -1.30488100  37.75010300   -1.30491567 51
112   37.75027187   -1.30509534  37.75035579   -1.30520357 51
112   37.75044813   -1.30532266  37.75053204   -1.30543089 51
112   37.75069614   -1.30565184  37.75077757   -1.30576307 51
112   37.75072786   -1.30569516  37.75080929   -1.30580639 51
112   37.75094050   -1.30594350  37.75100083   -1.30599783 51
112   37.75115950   -1.30607900  37.75124517   -1.30611500 51
112   37.75139300   -1.30617150  37.75146300   -1.30619717 51
112   37.75150075   -1.30602813  37.75150258   -1.30590689 51
112   37.75150725   -1.30559687  37.75150908   -1.30547562 51
116   37.75149635   -1.30523392  37.75148725   -1.30511320

120  Centreline for Taxi
112   37.74972745   -1.30128759  37.74960848   -1.30126920 51
116   37.74956250   -1.30114000  37.74957150   -1.30106000

120  Centreline for Taxi
112   37.74972745   -1.30128759  37.74960848   -1.30126920 51
116   37.74948200   -1.30116900  37.74943733   -1.30110833

120  Centreline for Taxi
112   37.74956250   -1.30114000  37.74955350   -1.30122000 51
116   37.74946650   -1.30132900  37.74941150   -1.30137500

120  Centreline for Taxi
112   37.74946650   -1.30132900  37.74952150   -1.30128300 51
116   37.74948200   -1.30116900  37.74943733   -1.30110833

120  Centreline for Taxi
112   37.74986786   -1.30004815  37.74974929   -1.30002605 51
116   37.74959800   -1.30006900  37.74953667   -1.30010500

120  Centreline for Taxi
112   37.74986786   -1.30004815  37.74974929   -1.30002605 51
116   37.74961372   -1.29991854  37.74956287   -1.29985424

120  Centreline for Taxi
112   37.74967700   -1.30012000  37.74968567   -1.30005000 51
116   37.74959800   -1.30006900  37.74953667   -1.30010500

120  Centreline for Taxi
112   37.74967700   -1.30012000  37.74968567   -1.30005000 51
116   37.74961372   -1.29991854  37.74956287   -1.29985424

120  Centreline for Taxi
112   37.75026494   -1.30012147  37.75014631   -1.30009982 51
116   37.75007500   -1.30019350  37.75006700   -1.30026317

120  Centreline for Taxi
112   37.75012822   -1.30135185  37.75000941   -1.30133195 51
116   37.74996200   -1.30121450  37.74997000   -1.30114283

120  Centreline for Taxi join
112   37.74979900   -1.30105700  37.74965033   -1.30103233 51
116   37.74959250   -1.30088350  37.74960350   -1.30079250

120  Centreline for Taxi join
112   37.74982500   -1.30079700  37.74968100   -1.30076367 51
116   37.74962250   -1.30061500  37.74963150   -1.30052700

120  Centreline for Taxi join
112   37.74986000   -1.30053600  37.74971067   -1.30050067 51
116   37.74965000   -1.30035400  37.74965933   -1.30026800

120  Centreline for Taxi join
112   37.74967700   -1.30012000  37.74966833   -1.30019000 51
116   37.74988900   -1.30026700  37.75003900   -1.30029500

120  Centreline for Taxi
112   37.74939712   -1.30126259  37.74938837   -1.30135286 51
116   37.74937048   -1.30153335  37.74936147   -1.30162358

120  Centreline for Taxi
112   37.74948200   -1.30116900  37.74943733   -1.30110833 51
116   37.74942791   -1.30094256  37.74943651   -1.30085226

120  Centreline for Taxi
112   37.74959800   -1.30006900  37.74953667   -1.30010500 51
116   37.74951892   -1.29998756  37.74952753   -1.29989727

120  Centreline for Taxi
112   37.74961128   -1.29991546  37.74956043   -1.29985115 51
116   37.74954952   -1.29968382  37.74955920   -1.29959370

120  Centreline for Taxi
112   37.74968100   -1.29921200  37.74962233   -1.29925667 51
116   37.74960681   -1.29914370  37.74961601   -1.29905350

120  Centreline for Taxi
112   37.74968100   -1.29921200  37.74973967   -1.29916733 51
116   37.74987572   -1.29916488  37.74994686   -1.29917813

120  Centreline for Taxi
112   37.74968100   -1.29921200  37.74973967   -1.29916733 51
116   37.74977950   -1.29905200  37.74978650   -1.29899000

120  Centreline for Taxi
112   37.74969600   -1.29906500  37.74974467   -1.29911833 51
116   37.74987572   -1.29916488  37.74994686   -1.29917813

120  Centreline for Taxi
112   37.74969600   -1.29906500  37.74974467   -1.29911833 51
116   37.74977950   -1.29905200  37.74978650   -1.29899000

120  Centreline for Taxi
112   37.74969600   -1.29906500  37.74964733   -1.29901167 51
116   37.74963602   -1.29884958  37.74964470   -1.29875929

120  Centreline for Taxi
112   37.74980404   -1.29803889  37.74974001   -1.29808030 51
116   37.74972243   -1.29796580  37.74973204   -1.29787567

120  Centreline for Taxi
112   37.74981296   -1.29803311  37.74987699   -1.29799170 51
116   37.75001574   -1.29799070  37.75008690   -1.29800383

120  Centreline for Taxi
112   37.74981296   -1.29803311  37.74987699   -1.29799170 51
116   37.74989100   -1.29807250  37.74987900   -1.29814017

120  Centreline for Taxi
112   37.74983053   -1.29787740  37.74988284   -1.29793980 51
116   37.75001574   -1.29799070  37.75008690   -1.29800383

120  Centreline for Taxi
112   37.74983053   -1.29787740  37.74988284   -1.29793980 51
116   37.74989100   -1.29807250  37.74987900   -1.29814017

120  Centreline for Taxi
112   37.74975538   -1.29763748  37.74974713   -1.29772783 51
116   37.74982147   -1.29786660  37.74987379   -1.29792900

120  Centreline for Taxi
112   37.75041689   -1.29806336  37.75034563   -1.29805112 51
116   37.75029900   -1.29812950  37.75029167   -1.29818583

120  Centreline for Taxi
112   37.75028370   -1.29924099  37.75021257   -1.29922766 51
116   37.75018650   -1.29912300  37.75019283   -1.29905767

120  Centreline for Taxi join
112   37.74989700   -1.29897626  37.74982567   -1.29896475 51
116   37.74980250   -1.29882850  37.74981083   -1.29874150

120  Centreline for Taxi join
112   37.74992177   -1.29871737  37.74985059   -1.29870446 51
116   37.74983100   -1.29856500  37.74984167   -1.29847633

120  Centreline for Taxi join
112   37.74995385   -1.29845065  37.74988262   -1.29843822 51
116   37.74986000   -1.29830300  37.74986867   -1.29821700

120  Centreline for Taxi join
112   37.74989100   -1.29807250  37.74987900   -1.29814017 51
116   37.74998021   -1.29818911  37.75005168   -1.29819918

120  Centreline for Taxi
112   37.75066493   -1.30019451  37.75054631   -1.30017284 51
116   37.75047550   -1.30026300  37.75046783   -1.30033033

120  Centreline for Taxi
112   37.75052799   -1.30142101  37.75040933   -1.30139967 51
116   37.75036200   -1.30128150  37.75037000   -1.30120983

120  Centreline for Taxi
112   37.75087802   -1.30046317  37.75089467   -1.30031306 51
116   37.75091759   -1.30010283  37.75092731   -1.30001272

120  Centreline for Taxi join
112   37.75015185   -1.30114023  37.75003328   -1.30111808 51
116   37.74999877   -1.30088180  37.75001529   -1.30073166

120  Centreline for Taxi join
112   37.75003823   -1.30052320  37.75005474   -1.30037307 51
116   37.75024125   -1.30032756  37.75036009   -1.30034727

120  Centreline for Taxi join
112   37.75055155   -1.30120968  37.75043318   -1.30118589 51
116   37.75038900   -1.30103850  37.75039900   -1.30094817

120  Centreline for Taxi join
112   37.75058143   -1.30093968  37.75046314   -1.30091523 51
116   37.75041900   -1.30076950  37.75042900   -1.30068050

120  Centreline for Taxi join
112   37.75061176   -1.30067002  37.75049325   -1.30064734 51
116   37.75044900   -1.30050000  37.75045900   -1.30040933

120  Centreline for Taxi join
112   37.75044900   -1.30050000  37.75045900   -1.30040933 51
116   37.75064127   -1.30040186  37.75075945   -1.30042711

120  Centreline for Taxi
112   37.75089009   -1.29934889  37.75096136   -1.29936096 51
116   37.75098241   -1.29950217  37.75097269   -1.29959228

120  Centreline for Taxi
112   37.75080685   -1.29813074  37.75073562   -1.29811825 51
116   37.75069150   -1.29819350  37.75068583   -1.29824783

120  Centreline for Taxi
112   37.75046530   -1.29927501  37.75053643   -1.29928834 51
116   37.75058500   -1.29919850  37.75059367   -1.29913417

120  Centreline for Taxi join
112   37.75030262   -1.29904567  37.75023154   -1.29903189 51
116   37.75020968   -1.29888968  37.75021880   -1.29879946

120  Centreline for Taxi join
112   37.75033075   -1.29876761  37.75025958   -1.29875454 51
116   37.75023841   -1.29861280  37.75024802   -1.29852267

120  Centreline for Taxi join
112   37.75035953   -1.29849741  37.75028851   -1.29848314 51
116   37.75027050   -1.29834500  37.75028217   -1.29825767

120  Centreline for Taxi join
112   37.75027050   -1.29834500  37.75028217   -1.29825767 51
116   37.75039467   -1.29823424  37.75046579   -1.29824773

120  Centreline for Taxi join
112   37.75070473   -1.29912178  37.75063358   -1.29910859 51
116   37.75061150   -1.29896800  37.75062050   -1.29887867

120  Centreline for Taxi join
112   37.75073191   -1.29885216  37.75066064   -1.29884005 51
116   37.75063909   -1.29869874  37.75064848   -1.29860857

120  Centreline for Taxi join
112   37.75076145   -1.29856801  37.75069048   -1.29855334 51
116   37.75066898   -1.29841073  37.75067829   -1.29832054

120  Centreline for Taxi join
112   37.75066902   -1.29841027  37.75067834   -1.29832009 51
116   37.75078937   -1.29829768  37.75086028   -1.29831281

120  Centreline for Taxi
112   37.74906852   -1.30455665  37.74905951   -1.30464688 51
116   37.74923328   -1.30472132  37.74935213   -1.30474087

120  Centreline for Taxi
112   37.74970972   -1.30479968  37.74982857   -1.30481923 51
116   37.74990028   -1.30464777  37.74990846   -1.30452695

120  Centreline for Taxi
112   37.74970972   -1.30479968  37.74982857   -1.30481923 51
116   37.74986362   -1.30500826  37.74984736   -1.30512777

120  Centreline for Taxi
112   37.75001700   -1.30488100  37.74993100   -1.30484633 51
116   37.74990028   -1.30464777  37.74990846   -1.30452695

120  Centreline for Taxi
112   37.75001700   -1.30488100  37.74993100   -1.30484633 51
116   37.74986362   -1.30500826  37.74984736   -1.30512777

120  Centreline for Taxi
112   37.75001700   -1.30488100  37.75010300   -1.30491567 51
116   37.75011722   -1.30506448  37.75009803   -1.30515213

120  Centreline for Taxi
112   37.75001700   -1.30488100  37.75010300   -1.30491567 51
116   37.75020055   -1.30481531  37.75023692   -1.30473685

120  Centreline for Taxi
112   37.75027187   -1.30509534  37.75018796   -1.30498711 51
116   37.75011722   -1.30506448  37.75009803   -1.30515213

120  Centreline for Taxi
112   37.75027187   -1.30509534  37.75018796   -1.30498711 51
116   37.75020055   -1.30481531  37.75023692   -1.30473685

120  Centreline for Taxi
112   37.75044813   -1.30532266  37.75053204   -1.30543089 51
116   37.75061543   -1.30531081  37.75064305   -1.30519469

120  Centreline for Taxi
112   37.75044813   -1.30532266  37.75053204   -1.30543089 51
116   37.75050857   -1.30564698  37.75046495   -1.30575497

120  Centreline for Taxi
112   37.75069614   -1.30565184  37.75061471   -1.30554061 51
116   37.75061543   -1.30531081  37.75064305   -1.30519469

120  Centreline for Taxi
112   37.75069614   -1.30565184  37.75061471   -1.30554061 51
116   37.75050857   -1.30564698  37.75046495   -1.30575497

120  Centreline for Taxi
112   37.75072786   -1.30569516  37.75080929   -1.30580639 51
116   37.75080148   -1.30598384  37.75076913   -1.30606507

120  Centreline for Taxi
112   37.75094050   -1.30594350  37.75088017   -1.30588917 51
116   37.75080148   -1.30598384  37.75076913   -1.30606507

120  Centreline for Taxi
112   37.75094050   -1.30594350  37.75100083   -1.30599783 51
116   37.75098613   -1.30619782  37.75095622   -1.30631303

120  Centreline for Taxi
112   37.75098613   -1.30619782  37.75101604   -1.30608261 51
116   37.75115950   -1.30607900  37.75124517   -1.30611500

120  Centreline for Taxi
112   37.75150075   -1.30602813  37.75149892   -1.30614938 51
116   37.75149893   -1.30639190  37.75149956   -1.30651316

120  Centreline for Taxi
112   37.75149893   -1.30639190  37.75149831   -1.30627063 51
116   37.75139300   -1.30617150  37.75132300   -1.30614583

120  Centreline for Taxi
112   37.75115950   -1.30607900  37.75124517   -1.30611500 51
116   37.75126612   -1.30626659  37.75125154   -1.30635565

120  Centreline for Taxi
112   37.75139300   -1.30617150  37.75132300   -1.30614583 51
116   37.75126612   -1.30626659  37.75125154   -1.30635565

120  GA Ramp  1
111   37.74981070   -1.30094435 51
115   37.74978730   -1.30116965

120  GA Ramp  2
111   37.74984120   -1.30068525 51
115   37.74980880   -1.30090875

120  GA Ramp  3
111   37.74987655   -1.30042433 51
115   37.74984345   -1.30064767

120  GA Ramp  4
111   37.74990214   -1.30015461 51
115   37.74987586   -1.30037939

120  GA Ramp  5
111   37.75001042   -1.29896019 51
115   37.75000358   -1.29902781

120  GA Ramp  6
111   37.75003383   -1.29870326 51
115   37.75002617   -1.29877074

120  GA Ramp  7
111   37.75006269   -1.29843524 51
115   37.75005531   -1.29850276

120  GA Ramp  8
111   37.75009599   -1.29817113 51
115   37.75009001   -1.29823887

120  GA Ramp  9
111   37.75017858   -1.30108780 51
115   37.75016542   -1.30120020

120  GA Ramp 10
111   37.75021131   -1.30082317 51
115   37.75019469   -1.30093483

120  GA Ramp 11
111   37.75024521   -1.30055215 51
115   37.75022879   -1.30066385

120  GA Ramp 12
111   37.75027385   -1.30027568 51
115   37.75026215   -1.30038832

120  GA Ramp 13
111   37.75059006   -1.30115990 51
115   37.75057594   -1.30127210

120  GA Ramp 14
111   37.75061926   -1.30088994 51
115   37.75060474   -1.30100206

120  GA Ramp 15
111   37.75064973   -1.30061983 51
115   37.75063627   -1.30073217

120  GA Ramp 16
111   37.75067749   -1.30035199 51
115   37.75066251   -1.30046401

120  GA Ramp 17
111   37.75080691   -1.29910628 51
115   37.75079909   -1.29917372

120  GA Ramp 18
111   37.75083459   -1.29883522 51
115   37.75082741   -1.29890278

120  GA Ramp 19
111   37.75086735   -1.29855536 51
115   37.75085865   -1.29862264

120  GA Ramp 20
111   37.75089849   -1.29828639 51
115   37.75088951   -1.29835361

120  GA Ramp 21
111   37.75039609   -1.29902931 51
115   37.75038791   -1.29909669

120  GA Ramp 22
111   37.75042388   -1.29875027 51
115   37.75041612   -1.29881773

120  GA Ramp 23
111   37.75045624   -1.29848234 51
115   37.75044776   -1.29854966

120  GA Ramp 24
111   37.75048701   -1.29821729 51
115   37.75047899   -1.29828471

110  01 0.25  83.27 Apron
111   37.75116000   -1.29790900
111   37.75101800   -1.29950900
111   37.74980200   -1.29933000
111   37.74973900   -1.29933000
111   37.74966800   -1.29937400
111   37.74961300   -1.29940400
111   37.74981000   -1.29732500
111   37.74983800   -1.29741500
111   37.74986500   -1.29748000
111   37.74993300   -1.29759500
111   37.75002700   -1.29769400
113   37.75009500   -1.29771900

110  01 0.25  83.27 Apron
111   37.75032400   -1.29989500
111   37.75036700   -1.29939400
111   37.75101800   -1.29949900
113   37.75097700   -1.30000200

110  03 0.25  83.27 Apron
111   37.74893400   -1.30899800
111   37.74892700   -1.30912900
111   37.74889900   -1.30918100
111   37.74880900   -1.30918100
111   37.74797700   -1.30906700
111   37.74793500   -1.30902300
111   37.74790000   -1.30893600
111   37.74791400   -1.30874400
111   37.74792900   -1.30849200
111   37.74920300   -1.29475600
111   37.74931600   -1.29401800
111   37.74946200   -1.29392500
111   37.74960100   -1.29395900
111   37.74974100   -1.29400900
111   37.74984800   -1.29396700
111   37.74993400   -1.29406000
111   37.74998000   -1.29420300
111   37.75028100   -1.29483100
111   37.75026600   -1.29513100
111   37.75010800   -1.29507600
111   37.75005200   -1.29498900
111   37.74980600   -1.29766300
111   37.75013000   -1.29774700
111   37.74959100   -1.30141500
111   37.74894100   -1.30860400
113   37.74894100   -1.30882300

110  01 0.25  83.27 Apron
111   37.75700300   -1.29847300
111   37.75666800   -1.29873900
111   37.75636100   -1.29895100
111   37.75590900   -1.29922700
111   37.75543500   -1.29947600
111   37.75498500   -1.29967700
111   37.75454900   -1.29982600
111   37.75397800   -1.29996100
111   37.75359600   -1.30003200
111   37.75331600   -1.30006100
111   37.75280000   -1.30007300
111   37.75228000   -1.30005900
111   37.75226800   -1.29999500
111   37.75288200   -1.30001300
111   37.75338400   -1.29999000
111   37.75372700   -1.29994500
111   37.75414700   -1.29984800
111   37.75441200   -1.29979100
111   37.75477200   -1.29968000
111   37.75499800   -1.29959600
111   37.75529300   -1.29947000
111   37.75547200   -1.29938100
111   37.75565200   -1.29928400
111   37.75588900   -1.29915800
111   37.75609500   -1.29903400
111   37.75629500   -1.29891500
111   37.75642700   -1.29881900
111   37.75664700   -1.29866600
111   37.75684700   -1.29852800
113   37.75697000   -1.29841200

110  03 0.25  83.27 Apron
111   37.75696300   -1.29842000
111   37.75665000   -1.29867600
111   37.75643100   -1.29882500
111   37.75630000   -1.29891300
111   37.75610000   -1.29903600
111   37.75589500   -1.29916500
111   37.75566000   -1.29929400
111   37.75547400   -1.29938500
111   37.75530300   -1.29946600
111   37.75499600   -1.29959700
111   37.75477700   -1.29967500
111   37.75441700   -1.29978400
111   37.75414900   -1.29985700
111   37.75375900   -1.29994700
111   37.75327400   -1.30000400
111   37.75287700   -1.30001600
111   37.75229800   -1.29999900
111   37.75224500   -1.29998300
111   37.75224200   -1.29995600
111   37.75227300   -1.29993800
111   37.75240700   -1.29994800
111   37.75261100   -1.29996000
111   37.75281700   -1.29995600
111   37.75309500   -1.29995600
111   37.75339500   -1.29993000
111   37.75362800   -1.29990200
111   37.75388800   -1.29984400
111   37.75416500   -1.29979000
111   37.75439500   -1.29972900
111   37.75461800   -1.29966400
111   37.75493300   -1.29956200
111   37.75523900   -1.29943400
111   37.75558700   -1.29926200
111   37.75584700   -1.29912400
111   37.75606200   -1.29899400
111   37.75642100   -1.29873900
111   37.75672100   -1.29854700
111   37.75694400   -1.29836500
113   37.75695700   -1.29839900

110  01 0.25  83.27 Apron
111   37.75328700   -1.29602900
111   37.75324900   -1.29604200
111   37.75318400   -1.29607700
111   37.75312300   -1.29617100
111   37.75309000   -1.29623400
111   37.75303900   -1.29630800
111   37.75293500   -1.29642800
111   37.75282900   -1.29652400
111   37.75272500   -1.29660800
111   37.75264900   -1.29665000
111   37.75255200   -1.29669100
111   37.75242300   -1.29671300
111   37.75231600   -1.29673000
111   37.75217400   -1.29673600
111   37.75201800   -1.29671100
111   37.75188000   -1.29666300
111   37.75182600   -1.29655600
111   37.75188100   -1.29658600
111   37.75195400   -1.29661600
111   37.75205300   -1.29664700
111   37.75217900   -1.29666200
111   37.75232100   -1.29665400
111   37.75242900   -1.29663900
111   37.75255100   -1.29660600
111   37.75267600   -1.29654600
111   37.75278700   -1.29645700
111   37.75287000   -1.29638500
111   37.75297300   -1.29626700
111   37.75303700   -1.29617700
111   37.75309900   -1.29607700
111   37.75316600   -1.29599700
111   37.75324200   -1.29595900
113   37.75328300   -1.29595100

110  01 0.25  83.27 Apron
111   37.75308600   -1.29483000
111   37.75300300   -1.29481900
111   37.75292300   -1.29479100
111   37.75286600   -1.29474000
111   37.75280200   -1.29467300
111   37.75275200   -1.29460500
111   37.75260200   -1.29447300
111   37.75243500   -1.29437500
111   37.75228300   -1.29433600
111   37.75211300   -1.29430800
111   37.75191400   -1.29430900
111   37.75173800   -1.29435900
111   37.75154700   -1.29446200
111   37.75137800   -1.29462800
111   37.75123200   -1.29484000
111   37.75113800   -1.29501900
111   37.75106300   -1.29495400
111   37.75113500   -1.29479300
111   37.75123200   -1.29464100
111   37.75133700   -1.29452300
111   37.75144900   -1.29439600
111   37.75156600   -1.29430800
111   37.75170900   -1.29424000
111   37.75188200   -1.29419300
111   37.75212400   -1.29418300
111   37.75229600   -1.29420000
111   37.75245400   -1.29424500
111   37.75264300   -1.29435400
111   37.75278200   -1.29447900
111   37.75287900   -1.29458700
111   37.75297500   -1.29467700
113   37.75307100   -1.29474600

110  03 0.25  83.27 Apron
111   37.75037000   -1.29514500
111   37.75023400   -1.29511100
111   37.75027100   -1.29482100
111   37.75011900   -1.29470200
111   37.75002100   -1.29453100
111   37.74990600   -1.29418200
111   37.74981200   -1.29398400
111   37.74969700   -1.29401700
111   37.74941500   -1.29392500
111   37.74928400   -1.29399100
111   37.74931000   -1.29378600
111   37.75040700   -1.29383900
111   37.75047500   -1.29389200
111   37.75048000   -1.29395100
113   37.75047500   -1.29406300

110  02 0.25  83.27 Apron
111   37.75105000   -1.29501400
111   37.75096500   -1.29523900
111   37.75093300   -1.29540000
111   37.75090700   -1.29555000
111   37.75089600   -1.29564700
111   37.75086600   -1.29555200
111   37.75083100   -1.29549000
111   37.75075500   -1.29545300
111   37.75047000   -1.29540500
111   37.75013000   -1.29535200
111   37.75009100   -1.29536500
111   37.75004900   -1.29539000
111   37.74999700   -1.29544700
111   37.75004400   -1.29497800
111   37.75008400   -1.29503400
111   37.75012300   -1.29507500
111   37.75015600   -1.29509700
111   37.75049400   -1.29515400
111   37.75077100   -1.29519500
111   37.75084600   -1.29519200
113   37.75091700   -1.29514000

110  01 0.25  83.27 Apron
111   37.75694200   -1.29837600
111   37.75668100   -1.29857600
111   37.75636100   -1.29879300
111   37.75603100   -1.29902200
111   37.75565500   -1.29922800
111   37.75523100   -1.29944700
111   37.75490300   -1.29958100
111   37.75444900   -1.29971800
111   37.75398400   -1.29983200
111   37.75365400   -1.29990900
111   37.75326000   -1.29995500
111   37.75277800   -1.29996400
111   37.75228700   -1.29993600
111   37.75226400   -1.29993900
111   37.75222400   -1.29991300
111   37.75222900   -1.29990000
111   37.75224900   -1.29987200
111   37.75247500   -1.29987800
111   37.75293100   -1.29989500
111   37.75331900   -1.29987600
111   37.75367100   -1.29983000
111   37.75405500   -1.29974400
111   37.75445400   -1.29964300
111   37.75481800   -1.29953400
111   37.75508300   -1.29943300
111   37.75552400   -1.29923300
111   37.75597300   -1.29898000
111   37.75622200   -1.29881400
111   37.75651600   -1.29863800
111   37.75665500   -1.29855200
111   37.75688700   -1.29837200
111   37.75690500   -1.29832600
111   37.75693500   -1.29833800
113   37.75693700   -1.29834900

110  01 0.25  83.27 Apron
111   37.75097400   -1.29568800
111   37.75098700   -1.29601900
111   37.75104500   -1.29627600
111   37.75114200   -1.29648100
111   37.75126300   -1.29663400
111   37.75148300   -1.29685500
111   37.75147300   -1.29695700
111   37.75140300   -1.29698300
111   37.75130600   -1.29687200
111   37.75119400   -1.29674300
111   37.75105800   -1.29654100
111   37.75095600   -1.29632700
111   37.75088800   -1.29604400
111   37.75087700   -1.29571000
111   37.75090100   -1.29542900
111   37.75096800   -1.29519300
111   37.75106300   -1.29494000
111   37.75114100   -1.29502100
111   37.75107400   -1.29522600
113   37.75101000   -1.29544000

110  01 0.25  83.27 Apron
111   37.75297800   -1.29543800
111   37.75293300   -1.29561400
111   37.75286000   -1.29575600
111   37.75274300   -1.29589900
111   37.75257000   -1.29603900
111   37.75239200   -1.29609700
111   37.75216500   -1.29613100
111   37.75175600   -1.29605200
111   37.75171900   -1.29602800
111   37.75173800   -1.29591600
111   37.75213100   -1.29599600
111   37.75234700   -1.29598400
111   37.75250300   -1.29593500
111   37.75267200   -1.29579900
111   37.75282900   -1.29559900
111   37.75290500   -1.29532100
111   37.75294100   -1.29496400
111   37.75293100   -1.29477800
111   37.75306700   -1.29482100
111   37.75304100   -1.29501500
113   37.75301400   -1.29523900

110  01 0.25  83.27 Apron
111   37.75594800   -1.29768800
111   37.75598900   -1.29802600
111   37.75597800   -1.29830300
111   37.75592600   -1.29850400
111   37.75578500   -1.29888500
111   37.75562800   -1.29906000
111   37.75544900   -1.29913200
111   37.75530000   -1.29914000
111   37.75510900   -1.29913100
111   37.75498900   -1.29916300
111   37.75491600   -1.29921300
111   37.75484400   -1.29930500
111   37.75478100   -1.29936800
111   37.75469200   -1.29943800
111   37.75458400   -1.29950400
111   37.75448500   -1.29953000
111   37.75431000   -1.29955100
111   37.75417800   -1.29954200
111   37.75418900   -1.29946200
111   37.75445100   -1.29945700
111   37.75460600   -1.29939800
111   37.75472900   -1.29931100
111   37.75484800   -1.29918500
111   37.75494800   -1.29910300
111   37.75507800   -1.29907700
111   37.75529000   -1.29908200
111   37.75543900   -1.29907300
111   37.75559900   -1.29900200
111   37.75575000   -1.29883500
111   37.75585500   -1.29855300
111   37.75591700   -1.29828600
111   37.75593000   -1.29803100
111   37.75589300   -1.29770900
111   37.75578600   -1.29722600
111   37.75568600   -1.29687200
111   37.75549500   -1.29656300
111   37.75529100   -1.29630100
111   37.75492900   -1.29588500
111   37.75467700   -1.29559000
111   37.75471700   -1.29553800
111   37.75491500   -1.29576800
111   37.75534900   -1.29627000
111   37.75556900   -1.29655700
111   37.75573200   -1.29683800
111   37.75581000   -1.29708200
113   37.75587400   -1.29734100

110  01 0.25  83.27 Apron
111   37.75378500   -1.29584100
111   37.75383800   -1.29610300
111   37.75383500   -1.29677700
111   37.75371500   -1.29747800
111   37.75358000   -1.29813700
111   37.75358400   -1.29829300
111   37.75368100   -1.29850900
111   37.75379400   -1.29864900
111   37.75390600   -1.29875200
111   37.75402900   -1.29881800
111   37.75420000   -1.29885100
111   37.75431800   -1.29885800
111   37.75445300   -1.29883500
111   37.75452900   -1.29883600
111   37.75455500   -1.29892100
111   37.75452200   -1.29899200
111   37.75446500   -1.29900500
111   37.75421000   -1.29899200
111   37.75399600   -1.29894900
111   37.75382200   -1.29884700
111   37.75362400   -1.29863600
111   37.75348800   -1.29834600
111   37.75348500   -1.29814000
111   37.75361300   -1.29746900
111   37.75373500   -1.29676500
111   37.75374500   -1.29613000
111   37.75368100   -1.29581900
111   37.75352600   -1.29551300
111   37.75336100   -1.29529800
111   37.75319200   -1.29508600
111   37.75302900   -1.29490100
111   37.75299600   -1.29482900
111   37.75306400   -1.29478000
111   37.75338700   -1.29515500
111   37.75356800   -1.29539700
113   37.75371100   -1.29564400

110  01 0.25  83.27 Apron
111   37.75428500   -1.29690700
111   37.75424700   -1.29718200
111   37.75417000   -1.29756600
111   37.75409300   -1.29805100
111   37.75411300   -1.29818800
111   37.75419800   -1.29824700
111   37.75467400   -1.29826700
111   37.75492000   -1.29827500
111   37.75492400   -1.29834700
111   37.75466800   -1.29834500
111   37.75434700   -1.29833300
111   37.75414100   -1.29832100
111   37.75408500   -1.29829100
111   37.75405300   -1.29822400
111   37.75403600   -1.29806200
111   37.75408600   -1.29768500
111   37.75416100   -1.29728400
111   37.75421900   -1.29696000
111   37.75424900   -1.29658800
111   37.75424800   -1.29620000
111   37.75417500   -1.29573200
111   37.75413000   -1.29550900
111   37.75394000   -1.29509600
111   37.75347600   -1.29462900
111   37.75353000   -1.29457000
111   37.75380000   -1.29484400
111   37.75397300   -1.29503300
111   37.75408200   -1.29524700
111   37.75418800   -1.29550100
111   37.75424100   -1.29575600
111   37.75430700   -1.29616500
111   37.75431700   -1.29640900
113   37.75430500   -1.29671500

110  01 0.25  83.27 Apron
111   37.75496800   -1.29853200
111   37.75501700   -1.29879500
111   37.75501300   -1.29897000
111   37.75501600   -1.29912700
111   37.75493800   -1.29916300
111   37.75495700   -1.29899500
111   37.75495700   -1.29881900
111   37.75491200   -1.29857000
111   37.75489300   -1.29830500
111   37.75488700   -1.29800800
111   37.75491900   -1.29766300
111   37.75500100   -1.29732600
111   37.75507800   -1.29714200
111   37.75518200   -1.29699700
111   37.75533100   -1.29681600
111   37.75551000   -1.29658300
111   37.75604400   -1.29604800
111   37.75609600   -1.29612100
111   37.75575100   -1.29644900
111   37.75554300   -1.29666100
111   37.75533200   -1.29694600
111   37.75520000   -1.29710100
111   37.75509800   -1.29726800
111   37.75500400   -1.29757000
111   37.75495200   -1.29792800
113   37.75495300   -1.29823500

110  01 0.25  83.27 Apron
111   37.75511200   -1.29714800
111   37.75506800   -1.29720900
111   37.75488500   -1.29705900
111   37.75471000   -1.29690800
111   37.75455500   -1.29668500
111   37.75428300   -1.29627500
111   37.75427200   -1.29612800
111   37.75444000   -1.29640300
111   37.75459700   -1.29662800
111   37.75474900   -1.29684400
113   37.75491700   -1.29699300

110  01 0.25  83.27 Apron
111   37.75416800   -1.29548100
111   37.75413400   -1.29541500
111   37.75448800   -1.29518000
113   37.75451800   -1.29524500

110  01 0.25  83.27 Apron
111   37.75473600   -1.29556600
111   37.75469300   -1.29560800
111   37.75463400   -1.29551300
111   37.75455200   -1.29537400
111   37.75446800   -1.29519400
111   37.75436700   -1.29496000
111   37.75427200   -1.29470900
111   37.75422100   -1.29452900
111   37.75419400   -1.29442700
111   37.75410400   -1.29410000
111   37.75419300   -1.29411900
111   37.75425800   -1.29443500
111   37.75433500   -1.29470500
111   37.75441000   -1.29491200
111   37.75446200   -1.29503500
111   37.75454400   -1.29521300
111   37.75460100   -1.29533900
113   37.75470400   -1.29551200

110  01 0.25  83.27 Apron
111   37.75469200   -1.29551000
111   37.75546100   -1.29481100
111   37.75554400   -1.29497500
113   37.75479300   -1.29565700

110  01 0.25  83.27 Apron
111   37.75699100   -1.29833400
111   37.75692700   -1.29836400
111   37.75678900   -1.29811400
111   37.75674200   -1.29796700
111   37.75668700   -1.29761300
111   37.75666800   -1.29748000
111   37.75540000   -1.29471300
111   37.75530200   -1.29449500
111   37.75513900   -1.29433800
111   37.75500800   -1.29430800
111   37.75500800   -1.29421900
111   37.75513900   -1.29424900
111   37.75524500   -1.29429300
111   37.75532900   -1.29438400
111   37.75675400   -1.29748900
111   37.75676600   -1.29768400
113   37.75682900   -1.29803700

110  01 0.25  83.27 Apron
111   37.75315600   -1.29823000
111   37.75318500   -1.29847800
111   37.75324000   -1.29867600
111   37.75333600   -1.29892900
111   37.75345400   -1.29913300
111   37.75360900   -1.29923600
111   37.75377900   -1.29934900
111   37.75388400   -1.29940100
111   37.75397600   -1.29944300
111   37.75408900   -1.29946000
111   37.75425900   -1.29946800
111   37.75417700   -1.29953800
111   37.75404300   -1.29953100
111   37.75392200   -1.29951100
111   37.75373500   -1.29940700
111   37.75341700   -1.29920100
111   37.75328700   -1.29898800
111   37.75319100   -1.29874400
111   37.75311200   -1.29849000
111   37.75308600   -1.29825800
111   37.75309500   -1.29791500
111   37.75313800   -1.29761700
111   37.75318200   -1.29730700
111   37.75324400   -1.29697500
111   37.75330500   -1.29675700
111   37.75334000   -1.29655500
111   37.75337500   -1.29631200
111   37.75337800   -1.29615400
111   37.75336600   -1.29606900
111   37.75334200   -1.29602900
111   37.75330600   -1.29602800
111   37.75325100   -1.29601600
111   37.75327600   -1.29594400
111   37.75335300   -1.29594500
111   37.75340000   -1.29597000
111   37.75343600   -1.29602800
111   37.75345700   -1.29617600
111   37.75345500   -1.29634200
111   37.75342200   -1.29655700
111   37.75338700   -1.29678500
111   37.75332500   -1.29699600
111   37.75326500   -1.29731500
111   37.75321200   -1.29760400
113   37.75317200   -1.29790100

110  01 0.25  83.27 Apron
111   37.75182200   -1.29711700
111   37.75173500   -1.29725200
111   37.75164800   -1.29732500
111   37.75154100   -1.29738600
111   37.75136700   -1.29738600
111   37.75126000   -1.29737400
111   37.75116600   -1.29735400
111   37.75100600   -1.29731800
111   37.75087700   -1.29729300
111   37.75073000   -1.29727100
111   37.75063000   -1.29724500
111   37.75052800   -1.29728000
111   37.75049300   -1.29731300
111   37.75041400   -1.29723700
111   37.75042300   -1.29709300
111   37.75044900   -1.29698300
111   37.75048400   -1.29698300
111   37.75051900   -1.29709300
111   37.75061500   -1.29715900
111   37.75079900   -1.29719000
111   37.75103900   -1.29723800
111   37.75134000   -1.29729100
111   37.75152800   -1.29729700
111   37.75162600   -1.29724200
111   37.75170700   -1.29715900
111   37.75176000   -1.29707100
111   37.75179400   -1.29696100
111   37.75180300   -1.29677500
111   37.75179300   -1.29665300
111   37.75185100   -1.29664100
113   37.75185400   -1.29691800

110  01 0.25  83.27 Apron
111   37.75053400   -1.29639500
111   37.75051600   -1.29618600
111   37.75052700   -1.29589500
111   37.75053400   -1.29582100
111   37.75057600   -1.29580200
111   37.75059900   -1.29585400
111   37.75057800   -1.29593700
111   37.75056800   -1.29613100
111   37.75058000   -1.29634600
111   37.75065100   -1.29657700
111   37.75073300   -1.29676600
111   37.75085000   -1.29697700
111   37.75097600   -1.29713200
111   37.75108000   -1.29722800
111   37.75117900   -1.29729000
111   37.75105200   -1.29731100
111   37.75093800   -1.29718700
111   37.75080700   -1.29704300
111   37.75068600   -1.29682100
113   37.75060400   -1.29663800

110  01 0.25  83.27 Apron
111   37.75275100   -1.29655600
111   37.75309900   -1.29995500
111   37.75302500   -1.29996400
113   37.75268000   -1.29659600

110  01 0.25  83.27 Apron
111   37.75139200   -1.29599300
111   37.75135500   -1.29575800
111   37.75137100   -1.29567300
111   37.75141900   -1.29559200
111   37.75152600   -1.29546600
111   37.75163200   -1.29541100
111   37.75179200   -1.29535300
111   37.75189600   -1.29536000
111   37.75202300   -1.29536100
111   37.75219100   -1.29541800
111   37.75230100   -1.29541100
111   37.75232800   -1.29541500
111   37.75230400   -1.29547000
111   37.75217900   -1.29548100
111   37.75201100   -1.29542300
111   37.75188500   -1.29542300
111   37.75178800   -1.29541700
111   37.75164500   -1.29547000
111   37.75153600   -1.29552900
111   37.75145300   -1.29562300
111   37.75140500   -1.29575300
111   37.75143700   -1.29597100
111   37.75149000   -1.29615200
111   37.75161900   -1.29630500
111   37.75169800   -1.29637900
111   37.75176900   -1.29644400
111   37.75185800   -1.29655200
111   37.75191500   -1.29662800
111   37.75185000   -1.29667800
111   37.75180200   -1.29666000
111   37.75174600   -1.29651100
111   37.75160600   -1.29637500
113   37.75144800   -1.29618700

110  01 0.25  83.27 Apron
111   37.75251500   -1.29533100
111   37.75246100   -1.29540200
111   37.75240500   -1.29544300
111   37.75230100   -1.29548200
111   37.75230400   -1.29542300
111   37.75236400   -1.29539700
111   37.75242100   -1.29536800
111   37.75245300   -1.29532400
111   37.75247600   -1.29527500
111   37.75246400   -1.29521200
111   37.75244000   -1.29514400
111   37.75238600   -1.29507600
111   37.75231800   -1.29503400
111   37.75223800   -1.29499100
111   37.75212800   -1.29497900
111   37.75198700   -1.29498800
111   37.75188100   -1.29500700
111   37.75175300   -1.29508800
111   37.75163300   -1.29521600
111   37.75156000   -1.29531900
111   37.75151600   -1.29543800
111   37.75150000   -1.29551000
111   37.75145600   -1.29559000
111   37.75143700   -1.29556200
111   37.75146600   -1.29543900
111   37.75151000   -1.29531100
111   37.75159800   -1.29517600
111   37.75172400   -1.29503700
111   37.75186900   -1.29494300
111   37.75198300   -1.29492500
111   37.75212100   -1.29490900
111   37.75223800   -1.29492100
111   37.75233900   -1.29497300
111   37.75241100   -1.29502500
111   37.75247100   -1.29508900
111   37.75252100   -1.29519600
113   37.75252500   -1.29526400

110  01 0.25  83.27 Apron
111   37.75357100   -1.29464700
111   37.75351600   -1.29464700
111   37.75325900   -1.29448200
111   37.75311700   -1.29440100
111   37.75283800   -1.29426900
111   37.75245200   -1.29418000
111   37.75214200   -1.29415500
111   37.75193200   -1.29415500
111   37.75169300   -1.29418000
111   37.75145800   -1.29418700
111   37.75131100   -1.29415100
111   37.75110300   -1.29436900
111   37.75102700   -1.29451300
111   37.75093400   -1.29451300
111   37.75092500   -1.29440500
111   37.75101300   -1.29432700
111   37.75114700   -1.29418700
111   37.75128200   -1.29405000
111   37.75152000   -1.29408500
111   37.75213500   -1.29406300
111   37.75245400   -1.29409200
111   37.75286900   -1.29418500
111   37.75307100   -1.29427100
111   37.75349100   -1.29452100
113   37.75354500   -1.29457800

110  01 0.25  83.27 Apron
111   37.75147300   -1.29789100
111   37.75104900   -1.30196500
111   37.74940800   -1.30161500
111   37.74979900   -1.29766700
111   37.75011700   -1.29775500
113   37.75013400   -1.29758700

110  01 0.25  83.27 Apron
111   37.74959600   -1.30157500
111   37.74953800   -1.30168100
111   37.74948000   -1.30168900
111   37.74943600   -1.30172900
111   37.74936900   -1.30183300
113   37.74939700   -1.30151100

110  03 0.25  83.27 Apron
111   37.74891400   -1.30914600
111   37.74956500   -1.30168300
111   37.75006100   -1.30182100
111   37.75144900   -1.30207700
111   37.75157500   -1.30217200
111   37.75160900   -1.30242700
111   37.75158400   -1.30276700
111   37.75155800   -1.30307500
111   37.75155800   -1.30351100
111   37.75160900   -1.30390400
111   37.75167600   -1.30440300
111   37.75170100   -1.30482800
111   37.75174400   -1.30526300
111   37.75173500   -1.30572000
111   37.75158400   -1.30592200
111   37.75151600   -1.30608100
111   37.75156700   -1.30633600
111   37.75168500   -1.30653800
111   37.75172200   -1.30664100
111   37.75171200   -1.30724500
111   37.75171200   -1.30796400
111   37.75172200   -1.30883800
111   37.75178300   -1.30958300
111   37.75175300   -1.31027700
111   37.75160000   -1.31035400
111   37.75109100   -1.31037900
111   37.75045000   -1.31035300
111   37.75007400   -1.31026400
111   37.74983000   -1.31008400
111   37.74953500   -1.30993000
111   37.74928000   -1.30978800
113   37.74891400   -1.30958300

110  13 0.25  83.27 Apron
111   37.75746500   -1.30261400
111   37.75734100   -1.30246600
111   37.75728700   -1.30220700
111   37.75730200   -1.30201700
111   37.75742600   -1.30197600
111   37.75757200   -1.30211200
111   37.75772300   -1.30201700
111   37.75779800   -1.30204400
111   37.75784100   -1.30220700
111   37.75783000   -1.30238400
111   37.75775500   -1.30247800
113   37.75765800   -1.30254600

110  13 0.25  83.27 Apron
111   37.75671400   -1.30237200
111   37.75666000   -1.30235500
111   37.75664300   -1.30227000
111   37.75665100   -1.30220800
111   37.75666000   -1.30211200
111   37.75666500   -1.30201600
111   37.75662900   -1.30198200
111   37.75659300   -1.30193100
111   37.75656600   -1.30186900
111   37.75652600   -1.30176200
111   37.75654000   -1.30172800
111   37.75665600   -1.30174500
111   37.75675000   -1.30179000
111   37.75680300   -1.30181900
111   37.75690100   -1.30185300
111   37.75696800   -1.30189200
111   37.75696800   -1.30194300
111   37.75696800   -1.30201600
111   37.75701800   -1.30209000
111   37.75698700   -1.30220800
111   37.75692000   -1.30224200
111   37.75686100   -1.30227600
111   37.75683500   -1.30227600
111   37.75678500   -1.30229800
113   37.75675900   -1.30235500

110  03 0.25  83.27 Apron
111   37.75729800   -1.30347100
111   37.75717600   -1.30337700
111   37.75696100   -1.30291700
111   37.75675900   -1.30254500
111   37.75649000   -1.30191600
111   37.75630700   -1.30145300
111   37.75635400   -1.30101700
111   37.75643800   -1.30081600
111   37.75641900   -1.30049800
111   37.75635400   -1.30030900
111   37.75631700   -1.29999000
111   37.75647600   -1.30007300
111   37.75672800   -1.30015500
111   37.75691500   -1.30013200
111   37.75713900   -1.30017900
111   37.75720500   -1.30001400
111   37.75715800   -1.29964800
111   37.75701700   -1.29938900
111   37.75690500   -1.29919900
111   37.75681200   -1.29902200
111   37.75665300   -1.29883400
111   37.75667200   -1.29875100
111   37.75677500   -1.29873900
111   37.75687700   -1.29889300
111   37.75709200   -1.29918800
111   37.75737300   -1.29971900
111   37.75760600   -1.30029700
111   37.75817600   -1.30161900
111   37.75875600   -1.30297600
111   37.75977500   -1.30531300
111   37.76047500   -1.30696500
111   37.76054100   -1.30718900
111   37.76051300   -1.30730700
111   37.76036300   -1.30759100
111   37.76014900   -1.30783800
111   37.75992400   -1.30798000
111   37.75972800   -1.30809800
111   37.75933500   -1.30827500
111   37.75869000   -1.30847500
111   37.75862700   -1.30847000
111   37.75870900   -1.30840500
111   37.75886800   -1.30831000
111   37.75904600   -1.30814500
111   37.75920400   -1.30793300
111   37.75940100   -1.30750800
111   37.75946600   -1.30720100
111   37.75941900   -1.30680000
111   37.75938200   -1.30632700
111   37.75933500   -1.30615000
111   37.75922300   -1.30600900
111   37.75891500   -1.30553700
111   37.75809200   -1.30445100
111   37.75783000   -1.30413200
111   37.75756000   -1.30384900
111   37.75756000   -1.30376600
111   37.75755000   -1.30366000
111   37.75750400   -1.30353100
111   37.75740100   -1.30350700
113   37.75733500   -1.30349500

110  03 0.25  83.27 Apron
111   37.75074200   -1.29517600
111   37.75037200   -1.29514700
111   37.75048600   -1.29391700
111   37.75130100   -1.29406000
111   37.75093900   -1.29440300
111   37.75094600   -1.29448900
111   37.75093900   -1.29450800
111   37.75098600   -1.29451100
111   37.75130900   -1.29413600
111   37.75190600   -1.29419300
111   37.75177700   -1.29421300
111   37.75160400   -1.29430800
111   37.75131700   -1.29453800
111   37.75116600   -1.29475600
111   37.75105200   -1.29505200
113   37.75095400   -1.29513800

110  03 0.25  83.27 Apron
111   37.74982800   -1.29741000
111   37.75000100   -1.29546400
111   37.75003700   -1.29538500
111   37.75006600   -1.29536500
111   37.75012900   -1.29534800
111   37.75035000   -1.29537700
111   37.75012900   -1.29772700
111   37.75001400   -1.29770700
113   37.74991700   -1.29760400

110  03 0.25  83.27 Apron
111   37.75051400   -1.29710000
111   37.75049300   -1.29700600
111   37.75044700   -1.29699700
111   37.75042200   -1.29711800
111   37.75042600   -1.29724200
111   37.75050700   -1.29729600
111   37.75061700   -1.29724200
111   37.75068000   -1.29724700
111   37.75096000   -1.29730800
111   37.75123200   -1.29737100
111   37.75155400   -1.29737800
111   37.75169800   -1.29729400
111   37.75161800   -1.29777000
111   37.75015000   -1.29746900
111   37.75034700   -1.29538400
111   37.75068000   -1.29544100
111   37.75079900   -1.29547400
111   37.75085600   -1.29550800
111   37.75089200   -1.29558800
111   37.75087400   -1.29572600
111   37.75088100   -1.29583700
111   37.75059500   -1.29585100
111   37.75057400   -1.29580200
111   37.75053500   -1.29582400
111   37.75052400   -1.29591300
111   37.75052400   -1.29619000
111   37.75053500   -1.29639500
111   37.75061600   -1.29664900
111   37.75070500   -1.29683600
111   37.75080700   -1.29705500
111   37.75098400   -1.29723800
113   37.75062000   -1.29717100

110  03 0.25  83.27 Apron
111   37.75125700   -1.29664300
111   37.75113300   -1.29650600
111   37.75104500   -1.29628600
111   37.75098300   -1.29602900
111   37.75097400   -1.29586100
111   37.75096200   -1.29569000
111   37.75099800   -1.29550400
111   37.75143700   -1.29556000
111   37.75137200   -1.29567100
111   37.75136400   -1.29576400
111   37.75139000   -1.29596900
111   37.75143700   -1.29614400
111   37.75147000   -1.29620700
111   37.75161100   -1.29636400
111   37.75175000   -1.29650200
111   37.75180600   -1.29665100
111   37.75180300   -1.29677700
111   37.75179700   -1.29695600
111   37.75176200   -1.29707200
111   37.75171400   -1.29716800
111   37.75159900   -1.29726200
111   37.75152600   -1.29730200
111   37.75129300   -1.29729500
111   37.75110700   -1.29725400
111   37.75107400   -1.29723200
111   37.75098300   -1.29714200
111   37.75084700   -1.29699300
111   37.75074400   -1.29681100
111   37.75064700   -1.29659100
111   37.75057900   -1.29635300
111   37.75056400   -1.29613700
111   37.75058200   -1.29592800
111   37.75059100   -1.29584600
111   37.75088000   -1.29582800
111   37.75089200   -1.29604000
111   37.75096500   -1.29632300
111   37.75106900   -1.29653500
111   37.75120700   -1.29673600
111   37.75133400   -1.29688200
111   37.75140200   -1.29696700
111   37.75143700   -1.29697100
111   37.75146100   -1.29695200
111   37.75146700   -1.29691500
113   37.75146700   -1.29685900

110  13 0.25  83.27 Apron
111   37.75220600   -1.30832900
111   37.75217900   -1.30830200
111   37.75217900   -1.30815400
111   37.75218500   -1.30806700
111   37.75217900   -1.30797300
111   37.75223200   -1.30798000
111   37.75228000   -1.30800000
111   37.75230700   -1.30809400
111   37.75230100   -1.30820800
111   37.75227500   -1.30832900
113   37.75224800   -1.30835600

110  13 0.25  83.27 Apron
111   37.75284300   -1.30712900
111   37.75278500   -1.30700800
111   37.75278000   -1.30692800
111   37.75282700   -1.30686100
111   37.75288500   -1.30684700
111   37.75296500   -1.30693500
111   37.75303400   -1.30702800
111   37.75300200   -1.30710200
111   37.75294900   -1.30718300
113   37.75288000   -1.30715600

110  13 0.25  83.27 Apron
111   37.75262500   -1.30893200
111   37.75265200   -1.30885200
111   37.75266300   -1.30883800
111   37.75271600   -1.30881800
111   37.75280600   -1.30886500
111   37.75282700   -1.30897900
111   37.75280600   -1.30915400
111   37.75275300   -1.30926100
111   37.75269400   -1.30929400
111   37.75262500   -1.30924100
113   37.75260400   -1.30915400

110  13 0.25  83.27 Apron
111   37.75330500   -1.30938200
111   37.75337900   -1.30933500
111   37.75342700   -1.30935500
111   37.75345400   -1.30940800
111   37.75347500   -1.30950900
111   37.75345900   -1.30961600
111   37.75342700   -1.30975000
111   37.75334700   -1.30976400
111   37.75331000   -1.30966300
111   37.75329500   -1.30959600
113   37.75329500   -1.30949600

110  13 0.25  83.27 Apron
111   37.75400400   -1.30921700
111   37.75399500   -1.30931100
111   37.75395500   -1.30936600
111   37.75390300   -1.30936600
111   37.75387700   -1.30932200
111   37.75387300   -1.30926700
111   37.75385900   -1.30922300
111   37.75384200   -1.30917300
111   37.75384200   -1.30909000
111   37.75386400   -1.30903000
111   37.75389900   -1.30900200
111   37.75394200   -1.30897400
111   37.75396800   -1.30901900
113   37.75398600   -1.30909000

110  13 0.25  83.27 Apron
111   37.75373300   -1.30735800
111   37.75373300   -1.30741300
111   37.75367600   -1.30741300
111   37.75364100   -1.30745800
111   37.75362300   -1.30743500
111   37.75361500   -1.30736900
111   37.75361000   -1.30728600
111   37.75359300   -1.30715900
111   37.75361000   -1.30707700
111   37.75367100   -1.30703300
111   37.75370600   -1.30706000
111   37.75374100   -1.30717100
113   37.75375000   -1.30727000

110  13 0.25  83.27 Apron
111   37.75406900   -1.30631000
111   37.75410000   -1.30627700
111   37.75414300   -1.30627700
111   37.75418700   -1.30628800
111   37.75419100   -1.30635400
111   37.75418700   -1.30642600
111   37.75418700   -1.30655300
111   37.75413400   -1.30666300
111   37.75410000   -1.30665800
111   37.75407800   -1.30658600
111   37.75404700   -1.30647500
113   37.75404700   -1.30636000

110  13 0.25  83.27 Apron
111   37.75319100   -1.30554900
111   37.75320000   -1.30550400
111   37.75323000   -1.30542800
111   37.75326100   -1.30536700
111   37.75330900   -1.30538300
111   37.75333100   -1.30540500
111   37.75333500   -1.30546100
111   37.75336600   -1.30548800
111   37.75337900   -1.30562600
111   37.75334400   -1.30569800
111   37.75331300   -1.30572500
111   37.75324800   -1.30568100
113   37.75322100   -1.30562600

110  13 0.25  83.27 Apron
111   37.75398600   -1.30533900
111   37.75393800   -1.30536100
111   37.75389400   -1.30532800
111   37.75384600   -1.30528900
111   37.75384200   -1.30521300
111   37.75387300   -1.30513500
111   37.75388600   -1.30509600
111   37.75392900   -1.30509600
111   37.75395100   -1.30514600
113   37.75398200   -1.30520700

110  13 0.25  83.27 Apron
111   37.75303400   -1.30460000
111   37.75299000   -1.30455600
111   37.75298100   -1.30451200
111   37.75298500   -1.30441800
111   37.75301600   -1.30434600
111   37.75303400   -1.30433500
111   37.75311600   -1.30433500
111   37.75311200   -1.30440700
111   37.75310300   -1.30450100
113   37.75305500   -1.30458400

110  13 0.25  83.27 Apron
111   37.75240000   -1.30457800
111   37.75234300   -1.30453300
111   37.75231700   -1.30447300
111   37.75230800   -1.30439000
111   37.75234300   -1.30431300
111   37.75240000   -1.30429700
111   37.75245300   -1.30435200
111   37.75245300   -1.30442400
113   37.75244400   -1.30452300

110  13 0.25  83.27 Apron
111   37.75251400   -1.30348000
111   37.75252200   -1.30338600
111   37.75254400   -1.30329800
111   37.75258400   -1.30325400
111   37.75263200   -1.30327100
111   37.75265300   -1.30338600
111   37.75263200   -1.30350800
113   37.75259200   -1.30358500

110  13 0.25  83.27 Apron
111   37.75305500   -1.30309400
111   37.75313000   -1.30302800
111   37.75321300   -1.30300000
111   37.75322100   -1.30310500
111   37.75319500   -1.30324800
111   37.75315200   -1.30331400
113   37.75307700   -1.30318800

110  13 0.25  83.27 Apron
111   37.75364100   -1.30325400
111   37.75365000   -1.30319900
111   37.75371100   -1.30313800
111   37.75374600   -1.30321500
111   37.75371500   -1.30334800
113   37.75366700   -1.30333700

110  13 0.25  83.27 Apron
111   37.75416500   -1.30308300
111   37.75418700   -1.30304400
111   37.75425200   -1.30303900
111   37.75430900   -1.30308300
111   37.75429600   -1.30321600
111   37.75422200   -1.30325400
113   37.75420000   -1.30321000

110  13 0.25  83.27 Apron
111   37.75475900   -1.30628200
111   37.75475200   -1.30621700
111   37.75481100   -1.30622600
111   37.75484800   -1.30629100
111   37.75484000   -1.30639400
111   37.75480300   -1.30646800
111   37.75474400   -1.30647800
111   37.75472200   -1.30639400
113   37.75473700   -1.30632900

110  13 0.25  83.27 Apron
111   37.75526800   -1.30496100
111   37.75523800   -1.30506300
111   37.75515700   -1.30509100
111   37.75512700   -1.30499800
111   37.75509800   -1.30487700
111   37.75508300   -1.30482100
111   37.75510500   -1.30475600
111   37.75516400   -1.30473700
113   37.75526000   -1.30479300

110  13 0.25  83.27 Apron
111   37.75465600   -1.30552800
111   37.75464100   -1.30557500
111   37.75457500   -1.30560300
111   37.75457500   -1.30552800
111   37.75453000   -1.30544500
111   37.75454500   -1.30535200
111   37.75459700   -1.30525900
111   37.75465600   -1.30524000
111   37.75467800   -1.30526800
113   37.75467000   -1.30545400

110  13 0.25  83.27 Apron
111   37.75472200   -1.30279200
111   37.75472200   -1.30275500
111   37.75472200   -1.30262500
111   37.75481800   -1.30259700
111   37.75485500   -1.30265300
111   37.75485500   -1.30276400
111   37.75481800   -1.30286600
111   37.75475900   -1.30289500
113   37.75471500   -1.30285800

110  13 0.25  83.27 Apron
111   37.75448500   -1.30898100
111   37.75444900   -1.30896500
111   37.75441400   -1.30893100
111   37.75436400   -1.30887100
111   37.75434400   -1.30874000
111   37.75437400   -1.30861200
111   37.75441400   -1.30857400
111   37.75448500   -1.30865100
111   37.75450500   -1.30872700
111   37.75450500   -1.30882900
113   37.75453800   -1.30891100

110  13 0.25  83.27 Apron
111   37.75490000   -1.30815300
111   37.75490800   -1.30807900
111   37.75495400   -1.30800500
111   37.75499200   -1.30796300
111   37.75504200   -1.30798900
111   37.75506700   -1.30806900
111   37.75504200   -1.30817400
111   37.75500900   -1.30826900
111   37.75494200   -1.30830100
113   37.75490400   -1.30828000

110  13 0.25  83.27 Apron
111   37.75549300   -1.30828200
111   37.75552100   -1.30819400
111   37.75555300   -1.30815300
111   37.75562700   -1.30818300
111   37.75563200   -1.30825900
111   37.75561800   -1.30841700
111   37.75556300   -1.30845200
113   37.75549300   -1.30838200

110  13 0.25  83.27 Apron
111   37.75544100   -1.30674300
111   37.75542000   -1.30669700
111   37.75540900   -1.30664400
111   37.75542000   -1.30659100
111   37.75548800   -1.30651800
111   37.75553000   -1.30651800
111   37.75556700   -1.30655800
111   37.75554100   -1.30664400
113   37.75547800   -1.30671000

110  13 0.25  83.27 Apron
111   37.75594400   -1.30573700
111   37.75597100   -1.30569700
111   37.75602800   -1.30568400
111   37.75607500   -1.30573700
111   37.75607500   -1.30584300
111   37.75603900   -1.30596200
111   37.75598600   -1.30594900
113   37.75594400   -1.30584900

110  13 0.25  83.27 Apron
111   37.75613300   -1.30849800
111   37.75612300   -1.30843200
111   37.75614400   -1.30837200
111   37.75620600   -1.30828000
111   37.75627500   -1.30827300
111   37.75631100   -1.30833900
111   37.75630100   -1.30841900
111   37.75625900   -1.30853800
111   37.75617500   -1.30858400
113   37.75614900   -1.30858400

110  13 0.25  83.27 Apron
111   37.75663300   -1.30539500
111   37.75668600   -1.30541300
111   37.75670500   -1.30549900
111   37.75668100   -1.30560800
111   37.75665200   -1.30572400
111   37.75663700   -1.30573000
111   37.75656500   -1.30565700
111   37.75655500   -1.30557800
111   37.75656900   -1.30555300
113   37.75656900   -1.30546800

110  13 0.25  83.27 Apron
111   37.75686400   -1.30751700
111   37.75682100   -1.30754100
111   37.75680600   -1.30743200
111   37.75684000   -1.30734600
111   37.75686900   -1.30728500
111   37.75693200   -1.30724800
111   37.75699000   -1.30729100
111   37.75699500   -1.30731500
111   37.75694600   -1.30746800
113   37.75691800   -1.30750400

110  13 0.25  83.27 Apron
111   37.75584500   -1.30492500
111   37.75581600   -1.30500500
111   37.75578700   -1.30509000
111   37.75574400   -1.30510200
111   37.75571000   -1.30504100
111   37.75572000   -1.30491300
111   37.75572500   -1.30484000
111   37.75574900   -1.30479100
111   37.75581100   -1.30479700
113   37.75583600   -1.30484000

110  13 0.25  83.27 Apron
111   37.75631900   -1.30440700
111   37.75627500   -1.30433400
111   37.75629500   -1.30428500
111   37.75634300   -1.30427900
111   37.75638100   -1.30431000
111   37.75643400   -1.30438900
111   37.75643000   -1.30448000
111   37.75638100   -1.30452300
113   37.75635200   -1.30449900

110  13 0.25  83.27 Apron
111   37.75605800   -1.30263300
111   37.75602400   -1.30264500
111   37.75600500   -1.30257800
111   37.75598500   -1.30248600
111   37.75603800   -1.30243200
111   37.75608700   -1.30245600
111   37.75610100   -1.30251100
113   37.75610100   -1.30257800

110  13 0.25  83.27 Apron
111   37.75741300   -1.30818400
111   37.75741300   -1.30831500
111   37.75731000   -1.30832700
111   37.75727600   -1.30819000
111   37.75731000   -1.30805300
111   37.75734400   -1.30805300
113   37.75741800   -1.30811600

110  13 0.25  83.27 Apron
111   37.75755600   -1.30687700
111   37.75757100   -1.30674000
111   37.75763500   -1.30673400
111   37.75768400   -1.30674000
111   37.75769900   -1.30682100
111   37.75767500   -1.30690900
111   37.75763000   -1.30700800
113   37.75758600   -1.30698900

110  13 0.25  83.27 Apron
111   37.75743300   -1.30498000
111   37.75741800   -1.30509800
111   37.75737900   -1.30519800
111   37.75729500   -1.30525400
111   37.75728500   -1.30521000
111   37.75725600   -1.30517900
111   37.75722100   -1.30511100
111   37.75726600   -1.30502300
113   37.75735400   -1.30496800

110  13 0.25  83.27 Apron
111   37.75791800   -1.30786800
111   37.75794000   -1.30779900
111   37.75799500   -1.30774400
111   37.75802800   -1.30779900
111   37.75803900   -1.30796500
111   37.75800000   -1.30805600
111   37.75793400   -1.30809000
111   37.75791800   -1.30803500
113   37.75791200   -1.30795900

110  13 0.25  83.27 Apron
111   37.75859300   -1.30708500
111   37.75867100   -1.30704200
111   37.75871100   -1.30709900
111   37.75872200   -1.30724100
111   37.75867700   -1.30736200
111   37.75863200   -1.30739000
111   37.75855900   -1.30731200
111   37.75857000   -1.30720500
113   37.75856400   -1.30717700

110  13 0.25  83.27 Apron
111   37.75831700   -1.30625400
111   37.75827200   -1.30623900
111   37.75826600   -1.30620400
111   37.75828300   -1.30610400
111   37.75835700   -1.30601200
111   37.75837300   -1.30604000
111   37.75839600   -1.30611900
113   37.75837900   -1.30619000

110  13 0.25  83.27 Apron
111   37.75536700   -1.30285800
111   37.75530200   -1.30282500
111   37.75530200   -1.30272700
111   37.75538600   -1.30262900
111   37.75548900   -1.30262100
111   37.75549600   -1.30271900
113   37.75545700   -1.30280900

110  13 0.25  83.27 Apron
111   37.75216100   -1.29770800
111   37.75212000   -1.29771200
111   37.75208200   -1.29771200
111   37.75203500   -1.29771200
111   37.75200400   -1.29771200
111   37.75196300   -1.29769000
111   37.75194500   -1.29767000
111   37.75192700   -1.29763200
111   37.75194600   -1.29758300
111   37.75198300   -1.29755700
111   37.75203100   -1.29755300
111   37.75205800   -1.29755300
111   37.75208600   -1.29757000
111   37.75212600   -1.29756100
111   37.75214400   -1.29755300
111   37.75215700   -1.29750500
111   37.75215700   -1.29742300
111   37.75215400   -1.29737600
111   37.75217400   -1.29735000
111   37.75221200   -1.29733700
111   37.75227000   -1.29735900
111   37.75229000   -1.29741000
111   37.75228300   -1.29750100
111   37.75226700   -1.29756100
111   37.75224200   -1.29759600
113   37.75219800   -1.29766000


99
