I
1000 Generated by WorldEditor

1   2828 0 0 LEL2 Villamarco
100 18.00 4 0 0.25 0 0 0 10  42.45357007 -005.28306772    0    0 2 0 0 0 28  42.45410193 -005.28837628    0    0 2 0 0 0
100 16.00 4 0 0.25 0 0 0 14  42.45121604 -005.28311752    0    0 2 0 0 0 32  42.45546996 -005.28751648    0    0 2 0 0 0
100 16.00 4 0 0.25 0 0 0 05  42.45012990 -005.28886327    0    0 2 0 0 0 23  42.45346810 -005.28304473    0    0 2 0 0 0
100 16.00 4 0 0.25 0 0 0 01  42.44658395 -005.28882969    0    0 0 0 0 0 19  42.45529605 -005.28742831    0    0 0 0 0 0
14  42.45467900 -005.28552000  98.00 0 Villamarco Tower
1300  42.45132900 -005.28891600  95.95 misc props|helos GA Ramp  1
1300  42.45089200 -005.28897600  93.92 misc props|helos GA Ramp  2
1300  42.45098100 -005.28849900 275.57 misc props|helos GA Ramp  3
1300  42.45208400 -005.28840300  95.62 misc props|helos GA Ramp  4
1300  42.45148800 -005.28887900  94.88 misc props|helos GA Ramp  5
1300  42.45078500 -005.28851900 277.67 misc props|helos GA Ramp  6
19  42.45146256 -005.28857226 0 New Windsock 1
99
