I
1000 Generated by WorldEditor

1    826 0 0 LEAV Avinyonet
100 18.00 1 0 0.25 0 0 0 12  41.36647476  001.76987069    0    0 2 0 0 0 30  41.36811724  001.76494731    0    0 2 0 0 0
110 1 0.25 113.9300 Taxiway
112  41.36895700  001.76726300  41.36897200  001.76727700
111  41.36916600  001.76745600
111  41.36918200  001.76742700
112  41.36897100  001.76723100  41.36895600  001.76721700
112  41.36892500  001.76719400  41.36890900  001.76718300
111  41.36856200  001.76695600
111  41.36834500  001.76680200
111  41.36833300  001.76683300
111  41.36855000  001.76698800
114  41.36891100  001.76722600  41.36892700  001.76723700
110 1 0.25 113.9300 Taxiway
111  41.36875100  001.76747400
111  41.36870800  001.76744000
111  41.36866200  001.76740200
111  41.36862400  001.76736700
111  41.36858600  001.76733300
111  41.36854000  001.76729700
111  41.36852600  001.76728800
111  41.36840100  001.76718800
111  41.36832500  001.76712600
112  41.36827300  001.76707800  41.36824300  001.76705100
112  41.36819800  001.76709800  41.36817800  001.76713800
111  41.36809400  001.76730700
112  41.36806600  001.76736700  41.36804700  001.76740700
112  41.36799300  001.76738700  41.36796300  001.76736000
111  41.36782100  001.76723400
111  41.36778800  001.76721000
112  41.36769800  001.76712700  41.36766900  001.76710000
112  41.36768000  001.76699700  41.36769700  001.76693800
111  41.36827100  001.76494500
112  41.36832100  001.76469600  41.36833000  001.76465000
112  41.36829900  001.76457300  41.36827500  001.76453700
112  41.36823300  001.76447200  41.36820900  001.76443600
111  41.36812800  001.76462900
111  41.36826900  001.76467700
111  41.36822500  001.76487500
111  41.36822400  001.76487800
111  41.36805900  001.76483900
111  41.36819600  001.76495600
111  41.36819400  001.76496200
111  41.36758100  001.76707400
111  41.36744400  001.76749900
112  41.36681800  001.76966800  41.36680100  001.76972700
112  41.36672800  001.76971400  41.36668500  001.76968500
112  41.36670100  001.76969700  41.36665800  001.76966800
112  41.36671100  001.76943500  41.36676000  001.76928900
111  41.36671100  001.76943500
111  41.36652000  001.76941500
112  41.36652000  001.76941500  41.36647100  001.76956100
112  41.36651100  001.76967700  41.36655400  001.76970600
112  41.36676600  001.76984600  41.36680900  001.76987500
112  41.36685600  001.76980000  41.36687300  001.76974100
112  41.36747200  001.76766700  41.36748900  001.76760800
112  41.36754300  001.76761700  41.36757300  001.76764300
111  41.36759500  001.76766100
111  41.36775300  001.76779500
111  41.36788800  001.76791100
112  41.36834700  001.76829800  41.36837800  001.76832300
112  41.36844600  001.76832000  41.36848100  001.76830900
112  41.36850100  001.76830200  41.36853600  001.76829100
112  41.36859300  001.76823700  41.36861900  001.76820400
111  41.36868700  001.76812000
112  41.36878700  001.76796900  41.36881100  001.76793300
112  41.36885300  001.76785500  41.36887300  001.76781500
112  41.36892600  001.76770500  41.36894600  001.76766500
112  41.36891100  001.76760600  41.36888100  001.76758000
111  41.36888500  001.76758500
111  41.36884000  001.76754600
113  41.36879400  001.76750800
111  41.36878900  001.76758800
112  41.36883400  001.76762800  41.36886500  001.76765400
112  41.36885000  001.76772700  41.36883000  001.76776700
112  41.36880900  001.76781100  41.36878900  001.76785100
112  41.36874400  001.76792500  41.36872100  001.76796100
111  41.36864900  001.76807000
112  41.36856700  001.76817100  41.36854100  001.76820400
112  41.36847600  001.76823700  41.36844100  001.76824800
112  41.36845500  001.76824300  41.36842000  001.76825400
112  41.36835700  001.76822200  41.36832600  001.76819700
111  41.36791800  001.76785100
111  41.36778300  001.76773500
111  41.36762500  001.76760100
112  41.36756300  001.76754900  41.36753300  001.76752300
112  41.36754600  001.76742200  41.36756500  001.76736300
112  41.36760500  001.76724200  41.36762400  001.76718300
112  41.36767700  001.76719500  41.36770600  001.76722200
111  41.36776000  001.76727000
111  41.36776800  001.76727700
111  41.36781400  001.76731400
112  41.36796300  001.76744700  41.36799300  001.76747400
111  41.36800800  001.76748700
111  41.36805000  001.76753200
112  41.36805000  001.76753200  41.36805200  001.76752800
112  41.36809800  001.76756500  41.36812800  001.76759100
112  41.36811600  001.76757900  41.36814600  001.76760500
111  41.36816100  001.76761800
111  41.36822200  001.76763000
112  41.36836700  001.76732900  41.36838600  001.76728800
112  41.36844200  001.76730500  41.36847300  001.76733000
111  41.36850000  001.76735200
112  41.36851800  001.76736300  41.36853000  001.76737000
112  41.36858100  001.76741400  41.36861100  001.76744100
113  41.36865600  001.76748200
112  41.36821200  001.76719800  41.36823200  001.76715800
112  41.36826800  001.76716200  41.36828500  001.76717800
111  41.36829500  001.76718600
112  41.36832200  001.76720800  41.36834000  001.76722300
112  41.36832000  001.76729100  41.36830100  001.76733200
112  41.36822100  001.76749800  41.36820200  001.76753900
112  41.36814700  001.76752000  41.36811700  001.76749400
112  41.36812800  001.76750500  41.36809800  001.76747900
112  41.36811100  001.76740500  41.36813000  001.76736400
113  41.36814000  001.76734500
110 2 0.25 113.9300 Taxiway
111  41.36800800  001.76748700
111  41.36800300  001.76749600
111  41.36804700  001.76753800
112  41.36805000  001.76753200  41.36805200  001.76752800
112  41.36809800  001.76756500  41.36812800  001.76759100
111  41.36809800  001.76756500
111  41.36812800  001.76750500
112  41.36812800  001.76750500  41.36809800  001.76747900
112  41.36811100  001.76740500  41.36813000  001.76736400
111  41.36811100  001.76740500
111  41.36806600  001.76736700
112  41.36806600  001.76736700  41.36804700  001.76740700
112  41.36799300  001.76738700  41.36796300  001.76736000
111  41.36799300  001.76738700
111  41.36796300  001.76744700
114  41.36796300  001.76744700  41.36799300  001.76747400
110 2 0.25 113.9300 Taxiway
111  41.36816100  001.76761800
111  41.36815700  001.76762400
111  41.36820100  001.76766600
111  41.36822200  001.76763000
111  41.36822100  001.76749800
112  41.36822100  001.76749800  41.36820200  001.76753900
112  41.36814700  001.76752000  41.36811700  001.76749400
111  41.36814700  001.76752000
111  41.36811600  001.76757900
114  41.36811600  001.76757900  41.36814600  001.76760500
110 1 0.25 113.9300 Apron
111  41.36804000  001.76491900
111  41.36825200  001.76503600
111  41.36839100  001.76456900
111  41.36838200  001.76452300
111  41.36830200  001.76448100
111  41.36821500  001.76443700
113  41.36818900  001.76445000
110 2 0.25 113.9300 Apron
111  41.36769800  001.76715800
111  41.36771800  001.76712200
111  41.36760800  001.76717700
111  41.36749200  001.76749000
111  41.36763900  001.76766200
111  41.36839700  001.76832900
111  41.36867900  001.76822900
111  41.36894000  001.76769300
111  41.36822300  001.76711700
113  41.36803500  001.76745300
110 1 0.25 113.9300 Apron
111  41.36862700  001.76698600
111  41.36814500  001.76661200
111  41.36799500  001.76687500
111  41.36821900  001.76703800
113  41.36850100  001.76728700
110 1 0.25 113.9300 Apron
111  41.36815000  001.76662200
111  41.36801400  001.76651900
111  41.36799300  001.76666400
111  41.36797500  001.76670400
111  41.36795300  001.76674000
111  41.36794600  001.76677400
111  41.36793200  001.76682100
113  41.36799400  001.76688300
110 1 0.25 113.9300 Apron
111  41.36919400  001.76739100
111  41.36862700  001.76697000
111  41.36848500  001.76727400
111  41.36892600  001.76766400
111  41.36893200  001.76767300
113  41.36905000  001.76765600
110 14 0.25 113.9300 Apron
111  41.36799900  001.76687000
111  41.36788900  001.76709100
111  41.36797300  001.76716100
113  41.36808100  001.76694100
110 1 0.25 113.9300 Apron
111  41.36823300  001.76704900
111  41.36809000  001.76692400
111  41.36797300  001.76716000
113  41.36811300  001.76728200
110 1 0.25 113.9300 Apron
111  41.36764500  001.76707400
111  41.36774600  001.76719500
111  41.36772800  001.76716400
111  41.36771100  001.76712900
111  41.36770000  001.76709200
111  41.36769500  001.76704700
111  41.36769600  001.76700300
111  41.36770300  001.76693200
113  41.36771400  001.76686200
110 2 0.25 113.9300 Apron
111  41.36768300  001.76713600
111  41.36803800  001.76743500
111  41.36811500  001.76728100
111  41.36789000  001.76709100
111  41.36800200  001.76687400
113  41.36794000  001.76682100
110 1 0.25 113.9300 Apron
111  41.36892400  001.76767700
111  41.36884900  001.76783700
111  41.36893300  001.76774900
111  41.36895800  001.76772200
111  41.36899000  001.76769600
111  41.36901800  001.76767500
111  41.36904500  001.76766300
111  41.36902400  001.76763000
113  41.36896300  001.76765000
120 Centreline for Path
112  41.36776700  001.76734600  41.36778367  001.76731067 51
116  41.36779950  001.76727900  41.36780450  001.76726967
120 Centreline for Path
112  41.36800800  001.76754900  41.36801933  001.76752767 51
116  41.36803550  001.76749700  41.36804250  001.76748367
120 Centreline for Path
112  41.36816100  001.76768000  41.36817300  001.76765667 51
116  41.36818950  001.76762700  41.36819650  001.76761500
120 Centreline for Taxi
112  41.36806750  001.76510662  41.36811650  001.76496087 51
112  41.36819100  001.76491000  41.36822433  001.76492467 51
112  41.36821506  001.76502137  41.36819776  001.76508095 51
112  41.36763994  001.76700263  41.36762265  001.76706221 51
112  41.36758562  001.76718004  41.36756670  001.76723874 51
112  41.36750538  001.76742896  41.36748646  001.76748765 51
112  41.36745117  001.76760643  41.36743395  001.76766604 51
112  41.36683683  001.76973357  41.36681961  001.76979319 51
112  41.36674666  001.76978019  41.36670377  001.76975165 51
112  41.36660634  001.76968681  41.36656345  001.76965827 51
116  41.36661550  001.76942538  41.36666450  001.76927964
120 Centreline for Taxi
112  41.36763994  001.76700263  41.36762265  001.76706221 51
112  41.36765830  001.76713298  41.36768784  001.76716030 51
112  41.36772970  001.76719902  41.36775923  001.76722634 51
112  41.36779050  001.76725250  41.36780150  001.76726083 51
112  41.36785190  001.76730482  41.36788183  001.76733137 51
112  41.36800110  001.76743718  41.36803103  001.76746373 51
112  41.36809136  001.76751588  41.36812160  001.76754180 51
112  41.36815464  001.76757012  41.36818488  001.76759604 51
112  41.36822904  001.76754844  41.36824840  001.76750806 51
112  41.36835796  001.76727956  41.36837732  001.76723919 51
112  41.36843322  001.76725605  41.36846403  001.76728074 51
112  41.36846678  001.76728295  41.36849759  001.76730765 51
112  41.36853100  001.76733150  41.36854300  001.76733917 51
112  41.36859368  001.76738325  41.36862347  001.76741008 51
112  41.36862532  001.76741175  41.36865511  001.76743858 51
112  41.36871640  001.76748863  41.36874733  001.76751305 51
112  41.36875660  001.76752037  41.36878753  001.76754479 51
112  41.36884830  001.76759600  41.36887850  001.76762200 51
112  41.36887270  001.76761700  41.36890290  001.76764300 51
112  41.36888836  001.76771604  41.36886860  001.76775607 51
112  41.36883064  001.76783296  41.36881088  001.76787299 51
112  41.36876543  001.76794702  41.36874172  001.76798304 51
112  41.36870357  001.76804098  41.36867986  001.76807699 51
112  41.36862858  001.76814405  41.36860230  001.76817674 51
112  41.36858042  001.76820395  41.36855414  001.76823665 51
112  41.36848851  001.76826952  41.36845352  001.76828053 51
112  41.36845049  001.76828148  41.36841550  001.76829249 51
112  41.36835241  001.76825960  41.36832202  001.76823399 51
112  41.36794859  001.76791940  41.36791820  001.76789380 51
112  41.36785767  001.76784205  41.36782746  001.76781609 51
112  41.36781333  001.76780395  41.36778311  001.76777798 51
112  41.36772250  001.76772641  41.36769217  001.76770069 51
112  41.36765550  001.76766959  41.36762517  001.76764386 51
112  41.36756464  001.76759212  41.36753440  001.76756620 51
112  41.36752236  001.76755588  41.36749212  001.76752996 51
116  41.36745117  001.76760643  41.36743395  001.76766604
120 Centreline for Taxi
112  41.36835796  001.76727956  41.36837732  001.76723919 51
112  41.36834850  001.76718750  41.36832283  001.76716650 51
112  41.36827250  001.76712200  41.36824750  001.76709933 51
112  41.36820527  001.76714796  41.36818545  001.76718794 51
112  41.36814673  001.76726604  41.36812691  001.76730601 51
112  41.36808837  001.76738690  41.36806928  001.76742750 51
112  41.36807463  001.76741610  41.36805554  001.76745670 51
116  41.36803550  001.76749700  41.36802850  001.76751033
120 Centreline for Taxi
112  41.36779050  001.76725250  41.36780150  001.76726083 51
116  41.36779950  001.76727900  41.36779450  001.76728833
120 Centreline for Taxi
112  41.36815464  001.76757012  41.36818488  001.76759604 51
116  41.36818950  001.76762700  41.36818250  001.76763900
120 Centreline for Taxi
112  41.36819600  001.76472100  41.36815933  001.76483233 51
116  41.36819100  001.76491000  41.36822433  001.76492467
120 Centreline for Taxi
112  41.36819100  001.76491000  41.36822433  001.76492467 51
116  41.36825593  001.76486294  41.36826589  001.76481690
120 Centreline for Taxi
112  41.36821506  001.76502137  41.36823235  001.76496179 51
116  41.36825593  001.76486294  41.36826589  001.76481690
120 Centreline for Taxi
112  41.36750538  001.76742896  41.36748646  001.76748765 51
116  41.36752236  001.76755588  41.36755260  001.76758180
120 Centreline for Taxi
112  41.36758562  001.76718004  41.36760454  001.76712135 51
116  41.36765830  001.76713298  41.36768784  001.76716030
120 Centreline for Taxi
112  41.36809136  001.76751588  41.36806112  001.76748996 51
116  41.36807464  001.76741610  41.36809373  001.76737550
120 Centreline for Taxi
112  41.36809136  001.76751588  41.36806112  001.76748996 51
116  41.36803550  001.76749700  41.36802850  001.76751033
120 Centreline for Taxi
112  41.36807464  001.76741610  41.36805555  001.76745670 51
116  41.36800110  001.76743718  41.36797117  001.76741063
120 Centreline for Taxi
112  41.36800110  001.76743718  41.36803103  001.76746373 51
116  41.36803550  001.76749700  41.36802850  001.76751033
120 Centreline for Taxi
112  41.36822904  001.76754844  41.36820968  001.76758881 51
116  41.36818950  001.76762700  41.36818250  001.76763900
120 Centreline for Taxi
112  41.36843322  001.76725605  41.36840241  001.76723135 51
116  41.36834850  001.76718750  41.36832283  001.76716650
120 Centreline for Taxi
112  41.36785190  001.76730482  41.36782197  001.76727827 51
116  41.36779950  001.76727900  41.36779450  001.76728833
120 Centreline for Taxi join
112  41.36869922  001.76739159  41.36867974  001.76743186 51
116  41.36862532  001.76741175  41.36859553  001.76738492
120 Centreline for Taxi join
112  41.36869922  001.76739159  41.36867974  001.76743186 51
116  41.36871640  001.76748863  41.36874733  001.76751305
120 Centreline for Taxi join
112  41.36859368  001.76738325  41.36856389  001.76735642 51
116  41.36857920  001.76728345  41.36859933  001.76724375
120 Centreline for Taxi join
112  41.36853100  001.76733150  41.36854300  001.76733917 51
116  41.36857920  001.76728345  41.36859933  001.76724375
120 Centreline for Taxi join
112  41.36884830  001.76759600  41.36881810  001.76757000 51
116  41.36883220  001.76749658  41.36885166  001.76745629
120 Centreline for Taxi join
112  41.36875660  001.76752037  41.36878753  001.76754479 51
116  41.36883220  001.76749658  41.36885166  001.76745629
120 Taxi hold short
111  41.36829734  001.76718074 54
115  41.36832266  001.76713126
120 Taxi hold short
111  41.36809794  001.76731011 54
115  41.36813606  001.76734189
120 Taxi hold short
111  41.36776288  001.76726601 54
115  41.36778512  001.76721399
120 Taxi hold short
111  41.36759792  001.76765624 54
115  41.36762208  001.76760576
120 GA Ramp  2
111  41.36775557  001.76733645 51
115  41.36777843  001.76735555
120 GA Ramp  3
111  41.36799698  001.76753863 51
115  41.36801902  001.76755937
120 GA Ramp  4
111  41.36814987  001.76766985 51
115  41.36817213  001.76769015
14  41.36635900  001.76548900  55.00 0 Avinyonet Tower
1300  41.36776700  001.76734600 301.92 misc props|helos GA Ramp  2
1300  41.36800800  001.76754900 301.67 misc props|helos GA Ramp  3
1300  41.36816100  001.76768000 301.15 misc props|helos GA Ramp  4
1300  41.36862000  001.76720300 124.31 misc props|helos GA Ramp  5
1300  41.36874400  001.76729900 124.01 misc props|helos GA Ramp  6
1300  41.36887500  001.76740800 126.58 misc props|helos GA Ramp  7
99
