I
1000	# Converted by FS2XPlane 3.26


1     2247 0 0 LE20 Moia
100  22.00  3 0 0.25 0 0 0 01   41.79720381    2.11140732   0.0   0.0 0  0 0 0 19   41.80165419    2.11229268   0.0   0.0 0  0 0 0
14    41.80264000    2.11358600   65 0 Moia Tower

1300  41.80245900    2.11195600  83.51 misc props|helos GA Ramp  1

1300  41.80288300    2.11250200 218.61 misc props|helos GA Ramp  2

1300  41.80349000    2.11195200 138.59 misc props|helos GA Ramp  3

1300  41.80229300    2.11199400  81.29 misc props|helos GA Ramp  4

1300  41.80214100    2.11203800  94.02 misc props|helos GA Ramp  5

1300  41.80001800    2.11347100 256.74 misc props|helos GA Ramp  6

1300  41.80169400    2.11259700 319.52 misc props|helos GA Ramp  7

110  03 0.25   8.45 Taxiway
112   41.80236300    2.11256700  41.80238900    2.11257600 
111   41.80240100    2.11258000 
111   41.80247500    2.11261900 
111   41.80249300    2.11253300 
111   41.80245100    2.11252700 
111   41.80240900    2.11252100 
112   41.80237100    2.11250900  41.80234600    2.11250100 
111   41.80233400    2.11249600 
111   41.80228800    2.11248100 
111   41.80224400    2.11246700 
112   41.80220000    2.11245300  41.80217100    2.11244400 
111   41.80214800    2.11243500 
111   41.80210400    2.11242100 
112   41.80206000    2.11240700  41.80203100    2.11239800 
112   41.80163500    2.11227200  41.80160600    2.11226300 
112   41.80152600    2.11219300  41.80148300    2.11215000 
111   41.80147100    2.11213900 
111   41.80142800    2.11209600 
111   41.80141900    2.11210600 
111   41.80142900    2.11212700 
111   41.80128600    2.11208900 
111   41.80151800    2.11234300 
111   41.80153200    2.11237700 
112   41.80150900    2.11254000  41.80146700    2.11258500 
111   41.80150900    2.11254000
111   41.80161300    2.11256700
112   41.80161300    2.11256700  41.80165500    2.11252100 
112   41.80166900    2.11248100  41.80166400    2.11247000 
111   41.80166200    2.11246400 
111   41.80161500    2.11237200 
111   41.80209600    2.11248000 
111   41.80223600    2.11252600 
111   41.80228000    2.11254000 
113   41.80232400    2.11255400 

110  04 0.25   8.45 Taxiway
112   41.79975400    2.11384000  41.79977300    2.11387100 
112   41.79974000    2.11391000  41.79971200    2.11392500 
111   41.79943900    2.11407600 
111   41.79945600    2.11413100 
112   41.79978000    2.11395300  41.79980800    2.11393800 
112   41.79986600    2.11393900  41.79989500    2.11394500 
112   41.79988600    2.11394200  41.79991500    2.11394800 
112   41.79997100    2.11392700  41.79999800    2.11391100 
112   41.80046800    2.11363900  41.80049500    2.11362300 
112   41.80055300    2.11362700  41.80058200    2.11363500 
112   41.80081800    2.11369800  41.80084700    2.11370600 
112   41.80090300    2.11368500  41.80093000    2.11366800 
112   41.80094400    2.11366100  41.80097100    2.11364400 
112   41.80101400    2.11359000  41.80103300    2.11355900 
112   41.80110600    2.11343900  41.80112500    2.11340800 
112   41.80117000    2.11335400  41.80119300    2.11332800 
112   41.80136000    2.11314200  41.80138300    2.11311600 
112   41.80144000    2.11309800  41.80147000    2.11309500 
112   41.80168300    2.11307000  41.80171300    2.11306700 
112   41.80177300    2.11306600  41.80180300    2.11306700 
112   41.80188200    2.11306900  41.80191200    2.11307000 
112   41.80197100    2.11308000  41.80200000    2.11308700 
112   41.80234100    2.11316100  41.80237000    2.11316800 
112   41.80242700    2.11319400  41.80245500    2.11320900 
111   41.80278500    2.11338700 
112   41.80285300    2.11341500  41.80288200    2.11342600 
112   41.80291400    2.11342000  41.80292700    2.11341100 
112   41.80291300    2.11345000  41.80290000    2.11347900 
111   41.80289300    2.11349400 
112   41.80241700    2.11445300  41.80240000    2.11448600 
112   41.80235700    2.11454100  41.80233400    2.11456600 
111   41.80187300    2.11506900 
111   41.80190200    2.11511500 
112   41.80239100    2.11458300  41.80241400    2.11455800 
112   41.80245100    2.11449500  41.80246800    2.11446200 
111   41.80293100    2.11352600 
111   41.80301300    2.11334600 
111   41.80357500    2.11211000 
111   41.80357500    2.11211000 
111   41.80357500    2.11211000 
111   41.80387700    2.11144500 
112   41.80393900    2.11138500  41.80396500    2.11137900 
111   41.80397900    2.11137700 
111   41.80397100    2.11131700 
112   41.80391600    2.11133000  41.80388700    2.11133700 
111   41.80384900    2.11139100 
111   41.80357500    2.11199400 
111   41.80357500    2.11199000 
111   41.80351700    2.11199000 
111   41.80346000    2.11199000 
111   41.80345800    2.11199300 
111   41.80336800    2.11198700 
112   41.80323500    2.11197700  41.80317500    2.11197300 
112   41.80309300    2.11197800  41.80305800    2.11198300 
112   41.80296800    2.11205800  41.80292000    2.11210700 
111   41.80276300    2.11226500 
112   41.80272200    2.11230700  41.80269500    2.11233500 
112   41.80262600    2.11244400  41.80258900    2.11250700 
112   41.80262100    2.11245400  41.80258400    2.11251700 
112   41.80252900    2.11254100  41.80250400    2.11253600 
111   41.80249300    2.11253300 
111   41.80247500    2.11261900 
112   41.80251900    2.11264700  41.80254800    2.11266500 
112   41.80262100    2.11272900  41.80266000    2.11276600 
111   41.80274700    2.11286200 
111   41.80302900    2.11319300 
111   41.80300100    2.11325600 
112   41.80293800    2.11333500  41.80291100    2.11335400 
112   41.80293200    2.11334000  41.80290500    2.11335900 
112   41.80284900    2.11335100  41.80282000    2.11334000 
111   41.80279900    2.11333100 
112   41.80243900    2.11313600  41.80241100    2.11312100 
112   41.80235300    2.11310300  41.80232400    2.11309600 
112   41.80197500    2.11302000  41.80194600    2.11301300 
112   41.80188600    2.11300900  41.80185600    2.11300800 
112   41.80177100    2.11300600  41.80174100    2.11300500 
112   41.80168100    2.11301000  41.80165100    2.11301300 
112   41.80142200    2.11304000  41.80139200    2.11304300 
112   41.80134200    2.11308400  41.80131900    2.11311000 
112   41.80113800    2.11331200  41.80111500    2.11333800 
112   41.80107400    2.11339700  41.80105500    2.11342800 
112   41.80098600    2.11354000  41.80096700    2.11357100 
112   41.80091600    2.11361100  41.80088900    2.11362800 
112   41.80089700    2.11362300  41.80087000    2.11364000 
112   41.80081200    2.11363600  41.80078300    2.11362800 
112   41.80057200    2.11357100  41.80054300    2.11356300 
112   41.80052400    2.11349900  41.80052100    2.11345900 
112   41.80052000    2.11341300  41.80051700    2.11337300 
112   41.80048100    2.11331600  41.80045800    2.11329100 
111   41.80042400    2.11325600 
111   41.80039600    2.11330300 
112   41.80043700    2.11334600  41.80046000    2.11337100 
112   41.80047600    2.11344300  41.80047900    2.11348300 
112   41.80047900    2.11350500  41.80048200    2.11354500 
112   41.80044200    2.11358900  41.80041500    2.11360500 
112   41.79996500    2.11386500  41.79993800    2.11388100 
112   41.79988000    2.11388000  41.79985100    2.11387400 
112   41.79987500    2.11388000  41.79984600    2.11387400 
112   41.79980200    2.11382400  41.79978300    2.11379300 
111   41.79973800    2.11371900 
113   41.79970300    2.11375700 
112   41.80288700    2.11229000  41.80293500    2.11224100 
112   41.80300200    2.11217400  41.80305000    2.11212500 
112   41.80311100    2.11209600  41.80313600    2.11209300 
112   41.80323700    2.11209700  41.80329700    2.11210100 
111   41.80341200    2.11211000 
111   41.80352300    2.11211000 
111   41.80307600    2.11308900 
111   41.80280300    2.11276600 
112   41.80269100    2.11264700  41.80266200    2.11262000 
112   41.80269600    2.11252100  41.80272900    2.11246400 
111   41.80278000    2.11239900 
113   41.80281500    2.11236300 

110  05 0.25   8.45 Taxiway
111   41.79998800    2.11332800 
111   41.79984300    2.11338500 
111   41.79986600    2.11348900 
111   41.79993800    2.11346000 
111   41.80001000    2.11343200 
112   41.80008700    2.11340000  41.80013800    2.11337900 
112   41.80027800    2.11331900  41.80032900    2.11329800 
112   41.80043600    2.11328400  41.80049000    2.11328200 
112   41.80084000    2.11326900  41.80089400    2.11326700 
112   41.80099000    2.11321900  41.80103600    2.11318800 
112   41.80112200    2.11310300  41.80116400    2.11305700 
112   41.80161300    2.11256700  41.80165500    2.11252100 
112   41.80166900    2.11248100  41.80166400    2.11247000 
111   41.80166900    2.11248100
111   41.80153200    2.11237700
112   41.80153200    2.11237700  41.80155900    2.11244000 
112   41.80150900    2.11254000  41.80146700    2.11258500 
112   41.80107800    2.11301200  41.80103600    2.11305700 
112   41.80095800    2.11311900  41.80092000    2.11314500 
112   41.80082000    2.11316100  41.80076600    2.11316300 
112   41.80042200    2.11317600  41.80036800    2.11317800 
114   41.80026400    2.11321200  41.80021300    2.11323400 

120  Centreline for Path
111   41.80229300    2.11199400 51
112   41.80224100    2.11249700  41.80224100    2.11249700 51
116   41.80219734    2.11248266  41.80216824    2.11247309

120  Centreline for Taxi join
112   41.80224100    2.11249700  41.80224100    2.11249700 51
116   41.80228473    2.11251091  41.80231388    2.11252019

120  GA Ramp  4
111   41.80229300    2.11199400 51
115   41.80229300    2.11199400

110  02 0.25   8.45 Apron
111   41.80156200    2.11268800
111   41.80154300    2.11285200
111   41.80215100    2.11299300
113   41.80216900    2.11282600

110  02 0.25   8.45 Apron
111   41.80220800    2.11282700
111   41.80216700    2.11299000
111   41.80230400    2.11305500
113   41.80234600    2.11289200

110  02 0.25   8.45 Apron
111   41.80183300    2.11268400
111   41.80182500    2.11276400
111   41.80189300    2.11277700
113   41.80190000    2.11269300

110  02 0.25   8.45 Apron
111   41.80202200    2.11279900
111   41.80216900    2.11283300
111   41.80217800    2.11276000
113   41.80203100    2.11272400

110  02 0.25   8.45 Apron
111   41.79987800    2.11354000
111   41.79992900    2.11373700
111   41.80039200    2.11353600
113   41.80033900    2.11334300

110  02 0.25   8.45 Apron
111   41.79988200    2.11354100
111   41.80034300    2.11334900
111   41.80032800    2.11329200
113   41.79986600    2.11348100

110  02 0.25   8.45 Apron
111   41.80330400    2.11172900
111   41.80331600    2.11188300
111   41.80354600    2.11185400
113   41.80353600    2.11170400

110  02 0.25   8.45 Apron
111   41.80306500    2.11190700
111   41.80330300    2.11188100
111   41.80328700    2.11172700
113   41.80305400    2.11175700

110  02 0.25   8.45 Apron
111   41.80307000    2.11190600
111   41.80307600    2.11197900
111   41.80319000    2.11196600
113   41.80318400    2.11189500

110  02 0.25   8.45 Apron
111   41.80292600    2.11178600
111   41.80293900    2.11192400
111   41.80304800    2.11190700
113   41.80303500    2.11176900

110  02 0.25   8.45 Apron
111   41.80291400    2.11177500
111   41.80279800    2.11179300
111   41.80281300    2.11194400
113   41.80293000    2.11192700

110  02 0.25   8.45 Apron
111   41.80314300    2.11223900
111   41.80322500    2.11212000
111   41.80316800    2.11208800
111   41.80314400    2.11208300
113   41.80309300    2.11216600

110  02 0.25   8.45 Apron
111   41.80272800    2.11287500
111   41.80265300    2.11298200
111   41.80272900    2.11307800
113   41.80280400    2.11296600

110  02 0.25   8.45 Apron
111   41.80280900    2.11298000
111   41.80273300    2.11308900
111   41.80281400    2.11318500
113   41.80289100    2.11306900

110  02 0.25   8.45 Apron
111   41.80289100    2.11308000
111   41.80281700    2.11318700
111   41.80289600    2.11327400
113   41.80296500    2.11316700

110  02 0.25   8.45 Apron
111   41.80304300    2.11239900
111   41.80297200    2.11251000
111   41.80308400    2.11263300
113   41.80315500    2.11251600

110  02 0.25   8.45 Apron
111   41.80315800    2.11253400
111   41.80311700    2.11262900
111   41.80320900    2.11269900
113   41.80325000    2.11260200

110  02 0.25   8.45 Apron
111   41.80310300    2.11263300
111   41.80304900    2.11274600
111   41.80313300    2.11282100
113   41.80319100    2.11270500

110  02 0.25   8.45 Apron
111   41.80296800    2.11251900
111   41.80289100    2.11263700
111   41.80299800    2.11274800
113   41.80307500    2.11264100

110  02 0.25   8.45 Apron
111   41.80313600    2.11225300
111   41.80305900    2.11237900
111   41.80316200    2.11249900
113   41.80323900    2.11237100

110  02 0.25   8.45 Apron
111   41.80321900    2.11212300
111   41.80314300    2.11224200
111   41.80323300    2.11234300
113   41.80330600    2.11222500

110  02 0.25   8.45 Apron
111   41.80331200    2.11221600
111   41.80323800    2.11234500
111   41.80332800    2.11244100
113   41.80339900    2.11231700

110  02 0.25   8.45 Apron
111   41.80289000    2.11265100
111   41.80283000    2.11274100
111   41.80292200    2.11284300
113   41.80298500    2.11274600

110  02 0.25   8.45 Apron
111   41.80280300    2.11255200
111   41.80274100    2.11265400
111   41.80282300    2.11274300
113   41.80288500    2.11263900

110  02 0.25   8.45 Apron
111   41.80274300    2.11247800
111   41.80268000    2.11258200
111   41.80273800    2.11264400
113   41.80279900    2.11254200

110  02 0.25   8.45 Apron
111   41.80239200    2.11297800
111   41.80247300    2.11286500
111   41.80242300    2.11281400
111   41.80231400    2.11281100
111   41.80222300    2.11278400
111   41.80220700    2.11283200
111   41.80234900    2.11288900
113   41.80234400    2.11291300

110  02 0.25   8.45 Apron
111   41.80153500    2.11182800
111   41.80159300    2.11184500
111   41.80160300    2.11183200
111   41.80160900    2.11179100
111   41.80160700    2.11177400
111   41.80154400    2.11175400
111   41.80153700    2.11176300
113   41.80153000    2.11181800

110  02 0.25   8.45 Apron
111   41.80296300    2.11316000
111   41.80297900    2.11314000
111   41.80274400    2.11285200
113   41.80272700    2.11287700

110  02 0.25   8.45 Apron
111   41.80250600    2.11282500
111   41.80247700    2.11286900
111   41.80263000    2.11304600
113   41.80265900    2.11300300

110  13 0.25   8.45 Apron
111   41.80198200    2.11190700
111   41.80195000    2.11190300
111   41.80192700    2.11191400
111   41.80191100    2.11192700
111   41.80189700    2.11195000
111   41.80188700    2.11197800
111   41.80188300    2.11201000
111   41.80188300    2.11204300
111   41.80189000    2.11206900
111   41.80190300    2.11209100
111   41.80191500    2.11210900
111   41.80193400    2.11211900
111   41.80195500    2.11212700
111   41.80197800    2.11212900
111   41.80200100    2.11211800
111   41.80201800    2.11210100
111   41.80203100    2.11207800
111   41.80204000    2.11204600
111   41.80204400    2.11201500
111   41.80204300    2.11198100
111   41.80203300    2.11195200
113   41.80201200    2.11192300

110  02 0.25   8.45 Apron
111   41.80201900    2.11272800
111   41.80201200    2.11279600
111   41.80208300    2.11281300
113   41.80209200    2.11274300


1     2332 0 0 LE96 Moia - Les Humbertes
100  22.00  4 0 0.25 0 0 0 36   41.78506252    2.12918531   0.0   0.0 1  0 0 0 18   41.78902148    2.12925469   0.0   0.0 1  0 0 0
14    41.78642800    2.12945400    6 0 Moia - Les Humbertes Tower

1300  41.78665600    2.13148000 308.58 misc props|helos GA Ramp  1

1300  41.78707700    2.13153100 308.99 misc props|helos GA Ramp  2

1300  41.78729500    2.13091700   0.00 misc props|helos GA Ramp  3

110  04 0.25   0.75 Taxiway
111   41.78740700    2.13088600 
111   41.78739100    2.13091400 
111   41.78735100    2.13098500 
111   41.78731200    2.13105200 
111   41.78723500    2.13118600 
111   41.78728500    2.13123800 
111   41.78742800    2.13098900 
112   41.78745300    2.13094500  41.78747000    2.13091500 
112   41.78750300    2.13082200  41.78751900    2.13077000 
112   41.78751300    2.13078600  41.78752900    2.13073400 
112   41.78751000    2.13063200  41.78749200    2.13058100 
112   41.78747600    2.13053200  41.78745800    2.13048100 
112   41.78738500    2.13038400  41.78734200    2.13033600 
111   41.78738500    2.13038400
111   41.78736200    2.13051600 
112   41.78744700    2.13064900  41.78746200    2.13069000 
114   41.78744600    2.13078400  41.78743100    2.13083300 

110  04 0.25   0.75 Taxiway
112   41.78717400    2.13046300  41.78713700    2.13052600 
111   41.78689400    2.13093600 
111   41.78696600    2.13100800 
112   41.78724300    2.13053900  41.78728000    2.13047600 
111   41.78736200    2.13051600 
111   41.78732200    2.13031200 
111   41.78716000    2.13029400
114   41.78716000    2.13029400  41.78720700    2.13034400 

110  04 0.25   0.75 Taxiway
112   41.78467200    2.12919200  41.78468700    2.12921700 
112   41.78470000    2.12924000  41.78471500    2.12926500 
112   41.78475600    2.12929700  41.78477800    2.12931000 
112   41.78490200    2.12938600  41.78492400    2.12939900 
112   41.78497000    2.12941800  41.78499300    2.12942600 
112   41.78506300    2.12945000  41.78508600    2.12945800 
112   41.78513400    2.12946200  41.78515800    2.12946200 
112   41.78562600    2.12945500  41.78565000    2.12945500 
112   41.78569600    2.12946900  41.78571900    2.12947800 
111   41.78582100    2.12951900 
111   41.78630500    2.12974200 
112   41.78642200    2.12981300  41.78644400    2.12982600 
112   41.78648500    2.12985900  41.78650500    2.12987600 
112   41.78654900    2.12991500  41.78656900    2.12993200 
112   41.78659400    2.12998500  41.78660400    2.13001400 
112   41.78662200    2.13006800  41.78663200    2.13009700 
112   41.78664000    2.13016000  41.78664200    2.13019200 
112   41.78664500    2.13024100  41.78664700    2.13027300 
112   41.78663600    2.13033500  41.78662800    2.13036600 
112   41.78659300    2.13050100  41.78658500    2.13053200 
112   41.78657600    2.13059500  41.78657300    2.13062700 
112   41.78655800    2.13076400  41.78655500    2.13079600 
112   41.78656000    2.13085900  41.78656500    2.13089000 
112   41.78658400    2.13103200  41.78658900    2.13106300 
112   41.78661000    2.13112000  41.78662300    2.13114700 
112   41.78661600    2.13113300  41.78662900    2.13116000 
112   41.78666400    2.13120300  41.78668300    2.13122200 
111   41.78670500    2.13124300 
111   41.78672600    2.13120400 
112   41.78669000    2.13116900  41.78667100    2.13115000 
112   41.78664300    2.13110000  41.78663100    2.13107300 
112   41.78661800    2.13101400  41.78661300    2.13098300 
112   41.78659600    2.13085700  41.78659100    2.13082600 
112   41.78659400    2.13076200  41.78659700    2.13073000 
112   41.78661200    2.13060700  41.78661500    2.13057500 
112   41.78662900    2.13051300  41.78663700    2.13048200 
112   41.78667200    2.13034100  41.78668000    2.13031000 
112   41.78668100    2.13024700  41.78667900    2.13021500 
112   41.78667600    2.13014800  41.78667400    2.13011600 
112   41.78665800    2.13005600  41.78664800    2.13002700 
112   41.78662200    2.12995300  41.78661200    2.12992400 
112   41.78657700    2.12988300  41.78655700    2.12986600 
112   41.78650300    2.12981700  41.78648300    2.12980000 
112   41.78644000    2.12977100  41.78641800    2.12975800 
111   41.78631900    2.12969800 
111   41.78583300    2.12947300 
112   41.78570200    2.12942100  41.78567900    2.12941200 
112   41.78563200    2.12940700  41.78560800    2.12940700 
112   41.78513800    2.12941400  41.78511400    2.12941400 
112   41.78506700    2.12940200  41.78504400    2.12939400 
112   41.78498200    2.12937200  41.78495900    2.12936400 
112   41.78491400    2.12934000  41.78489200    2.12932700 
112   41.78477800    2.12925700  41.78475600    2.12924400 
112   41.78472200    2.12920000  41.78470700    2.12917500 
112   41.78470400    2.12916800  41.78468900    2.12914300 
112   41.78466900    2.12908500  41.78466100    2.12905400 
112   41.78466100    2.12905400  41.78465300    2.12902300 
112   41.78464500    2.12896000  41.78464200    2.12892800 
111   41.78462800    2.12875800 
111   41.78459200    2.12876400 
112   41.78460900    2.12897000  41.78461200    2.12900200 
112   41.78462500    2.12906300  41.78463300    2.12909300 
114   41.78463700    2.12911000  41.78464500    2.12914000 

110  04 0.25   0.75 Taxiway
111   41.78637000    2.12929600 
111   41.78636000    2.12929000 
111   41.78634100    2.12934700 
111   41.78637200    2.12935600 
111   41.78639400    2.12947800 
111   41.78659100    2.12953400
112   41.78659100    2.12953400  41.78654400    2.12948400 
112   41.78653800    2.12940500  41.78655000    2.12936800 
112   41.78675400    2.12935300  41.78688600    2.12935500 
111   41.78675400    2.12935300
113   41.78649300    2.12908300 

110  02 0.25   0.75 Apron
111   41.78720100    2.13117900
111   41.78688800    2.13180300
111   41.78694800    2.13184800
111   41.78697700    2.13186200
111   41.78728000    2.13127700
113   41.78728100    2.13125600

110  02 0.25   0.75 Apron
111   41.78688000    2.13091600
111   41.78676800    2.13109800
111   41.78657300    2.13150000
111   41.78658200    2.13153000
111   41.78667400    2.13160400
111   41.78698300    2.13098900
113   41.78690500    2.13091800

110  01 0.25   0.75 Apron
111   41.78710300    2.13109200
111   41.78697800    2.13097900
111   41.78666500    2.13159800
113   41.78679000    2.13171900

110  01 0.25   0.75 Apron
111   41.78710200    2.13107700
111   41.78678900    2.13171200
111   41.78689100    2.13181700
113   41.78721100    2.13117300

110  04 0.25   0.75 Apron
111   41.78697700    2.13099300
111   41.78723800    2.13120900
111   41.78727100    2.13113300
111   41.78721300    2.13109000
111   41.78708600    2.13099900
111   41.78704500    2.13095100
113   41.78701600    2.13090500

110  04 0.25   0.75 Apron
111   41.78578100    2.12861200
111   41.78568400    2.12874700
111   41.78746800    2.13068600
111   41.78756100    2.13051500
113   41.78756200    2.13051500

110  04 0.25   0.75 Apron
111   41.78904000    2.12912000
111   41.78503800    2.12902800
111   41.78503600    2.12934700
113   41.78903700    2.12939900


99
