I
1000	# Converted by FS2XPlane 3.26


1     2420 0 0 LE07 Alcazaren
100  17.98  2 0 0.25 0 0 1 07   41.37094009   -4.69805082   0.0   0.0 1  0 0 0 25   41.37208191   -4.69351118   0.0   0.0 1  0 0 0
14    41.37150000   -4.69583300    6 0 Alcazaren Tower

1300  41.37167600   -4.69757300 204.13 misc props|helos GA Ramp  1

1300  41.37159500   -4.69735700 204.13 misc props|helos GA Ramp  2

1300  41.37151400   -4.69712700 209.03 misc props|helos GA Ramp  3

1300  41.37157100   -4.69854000 166.36 misc props|helos West GA Ramp  1

120  Centreline for Path
111   41.37159500   -4.69735700 51
112   41.37133688   -4.69730189  41.37133096   -4.69730063 51
116   41.37132971   -4.69728824  41.37133086   -4.69728040

120  Centreline for Path
111   41.37151400   -4.69712700 51
112   41.37137153   -4.69706378  41.37136584   -4.69706126 51
112   41.37135448   -4.69705619  41.37134880   -4.69705366 51
116   41.37122152   -4.69699681  41.37121584   -4.69699427

120  Centreline for Path
111   41.37167600   -4.69757300 51
112   41.37139982   -4.69764568  41.37139394   -4.69764723 51
116   41.37138889   -4.69763636  41.37138749   -4.69762859

120  Centreline for Path
111   41.37157100   -4.69854000 51
112   41.37139335   -4.69844544  41.37138778   -4.69844248 51
116   41.37138509   -4.69842902  41.37138515   -4.69842104

120  Centreline for Taxi
112   41.37135448   -4.69705619  41.37136016   -4.69705873 51
112   41.37136129   -4.69707176  41.37136014   -4.69707960 51
112   41.37132971   -4.69728824  41.37132857   -4.69729608 51
112   41.37133011   -4.69731164  41.37133151   -4.69731941 51
112   41.37138889   -4.69763636  41.37139030   -4.69764412 51
112   41.37139091   -4.69765998  41.37139085   -4.69766796 51
116   41.37138509   -4.69842902  41.37138503   -4.69843701

120  Centreline for Taxi join
112   41.37133688   -4.69730189  41.37133096   -4.69730063 51
116   41.37133011   -4.69731164  41.37133151   -4.69731941

120  Centreline for Taxi join
112   41.37137153   -4.69706378  41.37136584   -4.69706126 51
116   41.37136129   -4.69707176  41.37136014   -4.69707960

120  Centreline for Taxi join
112   41.37139982   -4.69764568  41.37139394   -4.69764723 51
116   41.37139091   -4.69765998  41.37139085   -4.69766796

120  GA Ramp  1
111   41.37167556   -4.69757006 51
115   41.37167644   -4.69757594

120  West GA Ramp  1
111   41.37157183   -4.69853722 51
115   41.37157017   -4.69854278

120  GA Ramp  2
111   41.37159536   -4.69735405 51
115   41.37159464   -4.69735995

120  GA Ramp  3
111   41.37151471   -4.69712416 51
115   41.37151329   -4.69712984

110  04 0.25  71.50 Apron
111   41.37102100   -4.69809900
111   41.37085500   -4.69802200
111   41.37199800   -4.69346100
113   41.37216900   -4.69354000

110  04 0.25  71.50 Apron
111   41.37156700   -4.69698500
111   41.37181800   -4.69683900
111   41.37203700   -4.69746700
113   41.37179500   -4.69761600

110  12 0.25  71.50 Apron
111   41.37209000   -4.69836000
111   41.37202600   -4.69876900
111   41.37148400   -4.69862800
111   41.37152000   -4.69841500
111   41.37162500   -4.69844400
113   41.37165700   -4.69824600


99
