I
1000 Generated by WorldEditor

1   2253 0 0 LED3 Grinon
100 20.70 4 0 0.25 0 0 0 12  40.22346684 -003.86675953    0    0 0 0 0 0 30  40.22493020 -003.86972682    0    0 0 0 0 0
110 4 0.25 121.5000 Taxiway
112  40.22364500 -003.86670700  40.22368100 -003.86665000
112  40.22365400 -003.86649300  40.22362400 -003.86640700
111  40.22340500 -003.86577600
111  40.22335100 -003.86562900
111  40.22330400 -003.86550200
111  40.22347000 -003.86524900
111  40.22367200 -003.86560500
111  40.22357603 -003.86571068
111  40.22352200 -003.86577100
111  40.22356700 -003.86590000
112  40.22376500 -003.86647100  40.22379500 -003.86655700
112  40.22386500 -003.86672100  40.22390200 -003.86680200
112  40.22431300 -003.86770400  40.22435000 -003.86778500
112  40.22432900 -003.86795700  40.22430300 -003.86804500
112  40.22429200 -003.86808200  40.22426600 -003.86817000
112  40.22430745 -003.86833662  40.22434445 -003.86841762
111  40.22430745 -003.86833662
111  40.22414700 -003.86825800
111  40.22412229 -003.86794100
112  40.22412229 -003.86794100  40.22415929 -003.86802200
112  40.22421500 -003.86795100  40.22423700 -003.86787700
112  40.22419300 -003.86771800  40.22415600 -003.86763700
112  40.22381000 -003.86687600  40.22377300 -003.86679500
112  40.22370300 -003.86683700  40.22366800 -003.86689200
112  40.22370216 -003.86704603  40.22373916 -003.86712703
111  40.22370216 -003.86704603
111  40.22353800 -003.86695000
111  40.22354111 -003.86669723
114  40.22354111 -003.86669723  40.22354411 -003.86670323
110 4 0.25 121.5000 Taxiway
112  40.22450600 -003.86926000  40.22454700 -003.86919400
112  40.22451429 -003.86903361  40.22447730 -003.86895261
111  40.22451429 -003.86903361
111  40.22467900 -003.86912900
111  40.22468671 -003.86940738
112  40.22468671 -003.86940738  40.22464971 -003.86932638
112  40.22460200 -003.86932800  40.22458500 -003.86935500
112  40.22462900 -003.86948000  40.22466400 -003.86955400
112  40.22471200 -003.86958400  40.22473200 -003.86957900
111  40.22474779 -003.86957348
112  40.22475116 -003.86957300  40.22475453 -003.86957252
112  40.22476200 -003.86952929  40.22469905 -003.86950547
111  40.22476200 -003.86952929
111  40.22486600 -003.86952900
112  40.22486600 -003.86952900  40.22490300 -003.86961000
112  40.22484600 -003.86968200  40.22479500 -003.86970300
112  40.22469900 -003.86973100  40.22465200 -003.86974200
112  40.22457300 -003.86962700  40.22453500 -003.86954700
114  40.22450200 -003.86947900  40.22446400 -003.86939900
110 1 0.25 121.5000 Apron
111  40.22367200 -003.86560500
111  40.22347000 -003.86524900
111  40.22356900 -003.86516200
113  40.22376500 -003.86551600
110 1 0.25 121.5000 Apron
111  40.22423300 -003.86649100
111  40.22416900 -003.86636900
111  40.22429400 -003.86624200
113  40.22436000 -003.86637300
14  40.22356900 -003.87096800  75.46 0 Grinon Tower
1300  40.22331700 -003.86529800 301.56 misc props|helos GA Ramp  1
1300  40.22358400 -003.86563100 266.85 misc props|helos GA Ramp  2
19  40.22397461 -003.86740991 0 New Windsock 1
99
