I
1000 Generated by WorldEditor

1   2050 0 0 LE47 La Balanzona
100 12.00 1 0 0.25 0 0 0 02  37.95823105 -004.80867656    0    0 1 0 0 0 20  37.96483695 -004.80567344    0    0 1 0 0 0
102 H1  37.96468400 -004.80552600  30.61 14.00 14.00 2 0 0 0.25 1
110 1 0.25 19.7500 Taxiway
112  37.96550600 -004.80694100  37.96546900 -004.80691700
112  37.96540900 -004.80687800  37.96537200 -004.80685400
112  37.96530700 -004.80678800  37.96527600 -004.80675200
112  37.96521300 -004.80667700  37.96518200 -004.80664100
112  37.96513100 -004.80655800  37.96510700 -004.80651500
111  37.96501800 -004.80635500
111  37.96492100 -004.80614300
111  37.96497600 -004.80610400
111  37.96507000 -004.80631300
112  37.96517800 -004.80650600  37.96520300 -004.80654900
112  37.96526100 -004.80662500  37.96529200 -004.80666100
112  37.96534300 -004.80672200  37.96537400 -004.80675800
112  37.96544500 -004.80681200  37.96548200 -004.80683600
112  37.96553000 -004.80686700  37.96556700 -004.80689100
112  37.96564600 -004.80692700  37.96568600 -004.80694300
111  37.96590900 -004.80703500
111  37.96588900 -004.80711100
114  37.96562200 -004.80700200  37.96558200 -004.80698500
110 1 0.25 19.7500 Taxiway
112  37.96438500 -004.80476400  37.96434800 -004.80469500
112  37.96428600 -004.80454800  37.96425700 -004.80447300
111  37.96428600 -004.80454800
111  37.96437200 -004.80448400
112  37.96437200 -004.80448400  37.96440100 -004.80455900
112  37.96447100 -004.80470000  37.96450800 -004.80476900
111  37.96481700 -004.80535700
113  37.96473400 -004.80542700
110 4 0.25 19.7500 Taxiway
112  37.96428600 -004.80454800  37.96425700 -004.80447300
111  37.96401200 -004.80385400
111  37.96410000 -004.80379800
112  37.96437200 -004.80448400  37.96440100 -004.80455900
112  37.96447100 -004.80470000  37.96450800 -004.80476900
111  37.96447100 -004.80470000
111  37.96438500 -004.80476400
114  37.96438500 -004.80476400  37.96434800 -004.80469500
110 4 0.25 19.7500 Taxiway
112  37.96386100 -004.80677300  37.96388400 -004.80676800
112  37.96391900 -004.80676100  37.96394200 -004.80675600
112  37.96398200 -004.80672500  37.96400100 -004.80670600
112  37.96403500 -004.80667300  37.96405400 -004.80665400
112  37.96409500 -004.80662400  37.96411600 -004.80661000
111  37.96466900 -004.80625800
111  37.96482400 -004.80613200
111  37.96484800 -004.80618000
111  37.96468900 -004.80630200
112  37.96411500 -004.80666300  37.96409400 -004.80667600
112  37.96405500 -004.80671100  37.96403600 -004.80673000
112  37.96400400 -004.80676200  37.96398500 -004.80678100
112  37.96395800 -004.80682900  37.96394600 -004.80685500
112  37.96389000 -004.80697600  37.96387800 -004.80700200
112  37.96383900 -004.80703400  37.96381700 -004.80704700
112  37.96378600 -004.80706400  37.96376400 -004.80707700
112  37.96371800 -004.80707300  37.96369500 -004.80706600
112  37.96368800 -004.80706300  37.96366500 -004.80705600
112  37.96363700 -004.80701200  37.96362600 -004.80698500
112  37.96362700 -004.80698600  37.96361600 -004.80695900
112  37.96363200 -004.80690800  37.96364600 -004.80688300
112  37.96368600 -004.80685400  37.96370800 -004.80684300
114  37.96379300 -004.80679800  37.96381500 -004.80678700
112  37.96387100 -004.80681800  37.96384800 -004.80682300
112  37.96380300 -004.80684300  37.96378100 -004.80685500
112  37.96371000 -004.80689100  37.96368800 -004.80690300
112  37.96366500 -004.80692900  37.96365700 -004.80694200
112  37.96366500 -004.80698100  37.96367300 -004.80700200
112  37.96371200 -004.80702400  37.96373500 -004.80703100
112  37.96371400 -004.80702400  37.96373700 -004.80703100
112  37.96378200 -004.80701600  37.96380400 -004.80700300
112  37.96381300 -004.80699800  37.96383500 -004.80698500
112  37.96386400 -004.80694000  37.96387600 -004.80691400
112  37.96390900 -004.80684500  37.96392100 -004.80681900
114  37.96389200 -004.80681300  37.96386900 -004.80681800
110 1 0.25 19.7500 Apron
111  37.96484700 -004.80580500
111  37.96435100 -004.80596300
111  37.96431600 -004.80584900
111  37.96448600 -004.80575400
111  37.96456600 -004.80570300
111  37.96461700 -004.80567400
111  37.96465900 -004.80564600
111  37.96470200 -004.80563000
111  37.96473200 -004.80561400
111  37.96475700 -004.80559500
111  37.96477200 -004.80556300
111  37.96477200 -004.80551200
111  37.96475900 -004.80546800
111  37.96466900 -004.80531200
111  37.96476700 -004.80523600
111  37.96488700 -004.80547700
111  37.96497200 -004.80568700
111  37.96499500 -004.80578500
111  37.96500200 -004.80596600
111  37.96500500 -004.80616600
111  37.96491900 -004.80619200
111  37.96491200 -004.80616300
111  37.96488500 -004.80585200
113  37.96486700 -004.80580800
110 1 0.25 19.7500 Apron
111  37.96492300 -004.80618800
111  37.96486400 -004.80618500
111  37.96486400 -004.80600000
111  37.96471900 -004.80600800
111  37.96471000 -004.80610100
111  37.96466200 -004.80608600
111  37.96466200 -004.80599100
111  37.96434700 -004.80596200
111  37.96483200 -004.80579400
111  37.96487300 -004.80580200
113  37.96489100 -004.80585200
110 1 0.25 19.7500 Apron
111  37.96431700 -004.80585200
111  37.96427700 -004.80574400
111  37.96430700 -004.80572500
111  37.96440400 -004.80566400
111  37.96443400 -004.80563700
111  37.96460000 -004.80548800
113  37.96468700 -004.80563700
110 2 0.25 19.7500 Apron
111  37.96470900 -004.80610400
111  37.96471400 -004.80601100
111  37.96486800 -004.80599100
113  37.96486700 -004.80618600
110 2 0.25 19.7500 Apron
111  37.96466300 -004.80608800
111  37.96450300 -004.80607500
111  37.96450500 -004.80597400
113  37.96466700 -004.80598800
110 1 0.25 19.7500 Apron
111  37.96459100 -004.80550600
111  37.96461900 -004.80547200
111  37.96465200 -004.80544400
111  37.96468900 -004.80543000
111  37.96472200 -004.80542200
111  37.96474600 -004.80543500
111  37.96476600 -004.80547700
111  37.96477400 -004.80551900
111  37.96477400 -004.80555700
111  37.96476500 -004.80559000
111  37.96474200 -004.80561300
111  37.96471300 -004.80563100
111  37.96468500 -004.80563500
113  37.96464700 -004.80562600
110 2 0.25 19.7500 Apron
111  37.96451100 -004.80597900
111  37.96450700 -004.80606900
111  37.96444100 -004.80608000
111  37.96437700 -004.80608300
111  37.96428700 -004.80609400
111  37.96432900 -004.80604900
111  37.96437900 -004.80599600
113  37.96443400 -004.80597100
110 5 0.25 19.7500 Apron
111  37.96441800 -004.80598500
111  37.96436800 -004.80600600
111  37.96428600 -004.80611400
111  37.96422600 -004.80613100
111  37.96401300 -004.80622700
111  37.96347000 -004.80645100
111  37.95964400 -004.80818200
111  37.95830400 -004.80878400
111  37.95826400 -004.80878100
111  37.95821700 -004.80874700
111  37.95819600 -004.80868800
111  37.95819000 -004.80860700
111  37.95821100 -004.80857000
111  37.95827600 -004.80852300
111  37.95838900 -004.80847200
111  37.95857100 -004.80838100
111  37.95899200 -004.80820200
111  37.95926000 -004.80806500
111  37.95985200 -004.80779700
111  37.96065400 -004.80743000
111  37.96221900 -004.80671200
111  37.96303800 -004.80633700
111  37.96368300 -004.80606000
111  37.96428100 -004.80573500
111  37.96431200 -004.80584300
113  37.96434500 -004.80595600
110 3 0.25 19.7500 Apron
111  37.96442000 -004.80553000
111  37.96467600 -004.80530800
111  37.96473800 -004.80542700
113  37.96447200 -004.80560900
110 2 0.25 19.7500 Apron
111  37.96458200 -004.80513500
111  37.96444300 -004.80524900
111  37.96441400 -004.80518900
111  37.96449200 -004.80512200
111  37.96436300 -004.80487900
113  37.96442000 -004.80482700
110 2 0.25 19.7500 Apron
111  37.96442100 -004.80553600
111  37.96438500 -004.80546000
111  37.96462700 -004.80522300
113  37.96467600 -004.80531100
110 2 0.25 19.7500 Apron
111  37.96420500 -004.80447000
111  37.96415000 -004.80432500
111  37.96418900 -004.80429900
113  37.96424600 -004.80444800
110 2 0.25 19.7500 Apron
111  37.96409700 -004.80420100
111  37.96404600 -004.80406700
111  37.96408700 -004.80403500
113  37.96414000 -004.80417900
14  37.96179400 -004.80680400   6.00 0 La Balanzona Tower
1300  37.96441700 -004.80602800  98.26 misc props|helos GA Ramp  1
99
