I
1000	# Converted by FS2XPlane 3.26


1     2050 0 0 LEMT Casarrubios
100  26.00  1 1 0.25 0 0 0 08   40.23441287   -4.02947259   0.0   0.0 2  0 0 0 26   40.23561513   -4.02181341   0.0   0.0 2  0 0 0
14    40.23404000   -4.02731000   33 0 Casarrubios Tower

1300  40.23419500   -4.02597500  26.97 misc props|helos GA Ramp  1

1300  40.23359800   -4.02721900  26.97 misc props|helos GA Ramp  2

1300  40.23383800   -4.02955400  26.97 misc props|helos GA Ramp  3

1300  40.23389400   -4.02919500  26.97 misc props|helos GA Ramp  4

1300  40.23395600   -4.02883500  26.97 misc props|helos GA Ramp  5

1300  40.23400900   -4.02848400  26.97 misc props|helos GA Ramp  6

1300  40.23406900   -4.02811700  26.97 misc props|helos GA Ramp  7

1300  40.23412200   -4.02773800  26.97 misc props|helos GA Ramp  8

110  01 0.25  78.40 Taxiway
112   40.23372500   -4.02671300  40.23372000   -4.02679200 
111   40.23369400   -4.02725600 
111   40.23360300   -4.02724800 
112   40.23364300   -4.02654900  40.23364800   -4.02647000 
112   40.23375600   -4.02645700  40.23382700   -4.02647400 
111   40.23375600   -4.02645700
111   40.23383800   -4.02662100
114   40.23383800   -4.02662100  40.23376700   -4.02660400 

110  01 0.25  78.40 Taxiway
111   40.23461800   -4.02544400 
111   40.23456500   -4.02537800 
112   40.23462500   -4.02538200  40.23463000   -4.02537500 
112   40.23464700   -4.02528000  40.23465700   -4.02521900 
112   40.23466100   -4.02519700  40.23467100   -4.02513600 
112   40.23465700   -4.02511600  40.23464400   -4.02512300 
112   40.23458600   -4.02511300  40.23455100   -4.02510400 
111   40.23458600   -4.02511300
111   40.23458000   -4.02503900
112   40.23458000   -4.02503900  40.23461500   -4.02504800 
112   40.23466200   -4.02503600  40.23468100   -4.02502500 
112   40.23470500   -4.02492900  40.23471500   -4.02486800 
112   40.23470500   -4.02483000  40.23469500   -4.02482500 
111   40.23470500   -4.02483000
111   40.23471800   -4.02476000
112   40.23471800   -4.02476000  40.23472700   -4.02476500 
112   40.23474800   -4.02467600  40.23475900   -4.02461500 
112   40.23476100   -4.02460200  40.23477200   -4.02454100 
112   40.23475900   -4.02450500  40.23474700   -4.02450200 
111   40.23475900   -4.02450500
111   40.23477000   -4.02443500
112   40.23477000   -4.02443500  40.23478200   -4.02443800 
112   40.23480200   -4.02434800  40.23481100   -4.02428700 
112   40.23481000   -4.02428900  40.23481900   -4.02422800 
111   40.23482400   -4.02419700 
111   40.23482500   -4.02412600
112   40.23482500   -4.02412600  40.23483200   -4.02412700 
112   40.23485000   -4.02403600  40.23486000   -4.02397500 
112   40.23486000   -4.02397400  40.23487000   -4.02391300 
111   40.23487500   -4.02388200 
111   40.23488400   -4.02381300
112   40.23488400   -4.02381300  40.23488500   -4.02381300 
112   40.23489900   -4.02372000  40.23490800   -4.02365800 
112   40.23491300   -4.02362300  40.23492200   -4.02356100 
111   40.23492600   -4.02353000 
111   40.23493300   -4.02345900
112   40.23493300   -4.02345900  40.23493600   -4.02346000 
112   40.23495500   -4.02336800  40.23496600   -4.02330700 
112   40.23496300   -4.02331900  40.23497400   -4.02325800 
111   40.23498000   -4.02322700 
111   40.23499000   -4.02315700
112   40.23499000   -4.02315700  40.23499100   -4.02315700 
112   40.23500400   -4.02306400  40.23501300   -4.02300200 
112   40.23501900   -4.02296800  40.23502800   -4.02290600 
111   40.23503200   -4.02287500 
111   40.23503600   -4.02280200
112   40.23503600   -4.02280200  40.23504100   -4.02280500 
112   40.23506300   -4.02271500  40.23507600   -4.02265400 
112   40.23507000   -4.02268200  40.23508300   -4.02262100 
112   40.23507900   -4.02258100  40.23507200   -4.02257400 
111   40.23507900   -4.02258100
111   40.23509700   -4.02250900
112   40.23509700   -4.02250900  40.23510000   -4.02251200 
112   40.23511400   -4.02242000  40.23512300   -4.02235800 
112   40.23512100   -4.02236300  40.23513000   -4.02230100 
112   40.23512400   -4.02226600  40.23511700   -4.02226300 
111   40.23512400   -4.02226600
111   40.23513500   -4.02219700
112   40.23513500   -4.02219700  40.23514000   -4.02219900 
112   40.23515500   -4.02210700  40.23516300   -4.02204500 
112   40.23516000   -4.02206500  40.23516800   -4.02200300 
112   40.23515700   -4.02196700  40.23514700   -4.02196400 
111   40.23515700   -4.02196700
111   40.23516900   -4.02189800
112   40.23516900   -4.02189800  40.23517800   -4.02190100 
112   40.23520000   -4.02181100  40.23521100   -4.02175000 
112   40.23527100   -4.02142700  40.23528200   -4.02136600 
112   40.23535900   -4.02135200  40.23540600   -4.02136300 
111   40.23535900   -4.02135200
111   40.23540200   -4.02145800
112   40.23540200   -4.02145800  40.23536200   -4.02144800 
112   40.23532500   -4.02153500  40.23531400   -4.02159600 
111   40.23524600   -4.02195800 
111   40.23520900   -4.02225500 
111   40.23516200   -4.02259700 
111   40.23510600   -4.02286700 
111   40.23505500   -4.02321900 
111   40.23500100   -4.02351900 
111   40.23495100   -4.02386800 
111   40.23490000   -4.02418000 
111   40.23485300   -4.02449500 
111   40.23479500   -4.02483200 
111   40.23475900   -4.02505000 
111   40.23470400   -4.02538300 
111   40.23465100   -4.02568400 
111   40.23459000   -4.02601600 
112   40.23451800   -4.02648800  40.23450900   -4.02654900 
112   40.23461100   -4.02659700  40.23468200   -4.02660800 
112   40.23462800   -4.02660000  40.23469900   -4.02661100 
112   40.23478400   -4.02631800  40.23481700   -4.02611900 
111   40.23478400   -4.02631800
111   40.23495400   -4.02673700 
111   40.23466300   -4.02705500
112   40.23466300   -4.02705500  40.23469600   -4.02685600 
112   40.23460500   -4.02673900  40.23453400   -4.02672800 
112   40.23459000   -4.02673600  40.23451900   -4.02672500 
112   40.23446900   -4.02681100  40.23446000   -4.02687200 
111   40.23395000   -4.03013000 
111   40.23386800   -4.03067600 
112   40.23365800   -4.03205300  40.23364900   -4.03211400 
112   40.23371100   -4.03217900  40.23375600   -4.03220200 
112   40.23374600   -4.03219800  40.23379100   -4.03222100 
112   40.23386200   -4.03193300  40.23389500   -4.03173400 
111   40.23386200   -4.03193300
111   40.23406800   -4.03213900
112   40.23406800   -4.03213900  40.23403500   -4.03233800 
112   40.23395200   -4.03240400  40.23390700   -4.03238100 
112   40.23362900   -4.03223700  40.23358400   -4.03221400 
112   40.23357600   -4.03211100  40.23358500   -4.03205000 
111   40.23379800   -4.03065800 
111   40.23388000   -4.03011200 
111   40.23440100   -4.02677200 
111   40.23441200   -4.02659900
112   40.23441200   -4.02659900  40.23442500   -4.02658800 
112   40.23444500   -4.02649100  40.23445400   -4.02643000 
111   40.23451000   -4.02606400 
111   40.23452700   -4.02594600
112   40.23452700   -4.02594600  40.23452800   -4.02594600 
112   40.23454500   -4.02585800  40.23455600   -4.02579900 
111   40.23456100   -4.02576900 
111   40.23457200   -4.02567200
112   40.23457200   -4.02567200  40.23457800   -4.02566600 
112   40.23459500   -4.02558400  40.23460400   -4.02553100 
113   40.23460900   -4.02550600 

110  02 0.25  78.40 Taxiway
112   40.23535900   -4.02135200  40.23540600   -4.02136300 
112   40.23542700   -4.02136900  40.23547400   -4.02138000 
112   40.23554700   -4.02145500  40.23558000   -4.02150100 
112   40.23572100   -4.02169500  40.23575400   -4.02174100 
112   40.23572100   -4.02206300  40.23568800   -4.02226200 
111   40.23572100   -4.02206300
111   40.23550700   -4.02190300
112   40.23550700   -4.02190300  40.23554000   -4.02170400 
112   40.23550900   -4.02153800  40.23547800   -4.02149400 
112   40.23540200   -4.02145800  40.23536200   -4.02144900 
112   40.23532500   -4.02153500  40.23531400   -4.02159600 
111   40.23532500   -4.02153500
111   40.23527100   -4.02142700
114   40.23527100   -4.02142700  40.23528200   -4.02136600 

110  02 0.25  78.40 Taxiway
112   40.23458600   -4.02511300  40.23455100   -4.02510400 
111   40.23328800   -4.02479100 
111   40.23329800   -4.02472200 
112   40.23458000   -4.02503900  40.23461500   -4.02504800 
112   40.23466200   -4.02503600  40.23468100   -4.02502500 
111   40.23466200   -4.02503600
111   40.23465700   -4.02511600
114   40.23465700   -4.02511600  40.23464500   -4.02512300 

110  02 0.25  78.40 Taxiway
112   40.23475900   -4.02450500  40.23474700   -4.02450200 
111   40.23474100   -4.02450000 
111   40.23339400   -4.02414100 
111   40.23340500   -4.02407100 
111   40.23475300   -4.02443000 
112   40.23477000   -4.02443500  40.23478200   -4.02443800 
112   40.23480200   -4.02434800  40.23481100   -4.02428700 
111   40.23480200   -4.02434800
111   40.23485300   -4.02449500 
111   40.23476100   -4.02460200
114   40.23476100   -4.02460200  40.23477200   -4.02454100 

110  02 0.25  78.40 Taxiway
111   40.23482400   -4.02419700 
111   40.23480600   -4.02419300 
111   40.23343300   -4.02381100 
111   40.23344400   -4.02374200 
111   40.23481600   -4.02412300 
112   40.23482500   -4.02412600  40.23483200   -4.02412700 
112   40.23485000   -4.02403600  40.23486000   -4.02397500 
111   40.23485000   -4.02403600
111   40.23490000   -4.02418000 
111   40.23481000   -4.02428900
114   40.23481000   -4.02428900  40.23481900   -4.02422800 

110  02 0.25  78.40 Taxiway
111   40.23487500   -4.02388200 
111   40.23486900   -4.02388000 
111   40.23349800   -4.02348400 
111   40.23350900   -4.02341500 
111   40.23488100   -4.02381200 
112   40.23488400   -4.02381300  40.23488500   -4.02381300 
112   40.23489900   -4.02372000  40.23490800   -4.02365800 
111   40.23489900   -4.02372000
111   40.23495100   -4.02386800 
111   40.23486000   -4.02397400
114   40.23486000   -4.02397400  40.23487000   -4.02391300 

110  02 0.25  78.40 Taxiway
111   40.23492600   -4.02353000 
111   40.23491500   -4.02352500 
111   40.23354300   -4.02314300 
111   40.23355400   -4.02307400 
111   40.23492900   -4.02345700 
112   40.23493300   -4.02345900  40.23493600   -4.02346000 
112   40.23495500   -4.02336800  40.23496600   -4.02330700 
111   40.23495500   -4.02336800
111   40.23500100   -4.02351900 
111   40.23491300   -4.02362300
114   40.23491300   -4.02362300  40.23492200   -4.02356100 

110  02 0.25  78.40 Taxiway
112   40.23492000   -4.02320900  40.23488500   -4.02319900 
111   40.23361900   -4.02282800 
111   40.23363100   -4.02275900 
112   40.23493600   -4.02314100  40.23497100   -4.02315100 
111   40.23498900   -4.02315600 
112   40.23499000   -4.02315700  40.23499100   -4.02315700 
112   40.23500400   -4.02306400  40.23501300   -4.02300200 
111   40.23500400   -4.02306400
111   40.23505500   -4.02321900 
111   40.23496300   -4.02331900
112   40.23496300   -4.02331900  40.23497400   -4.02325800 
111   40.23498000   -4.02322700 
114   40.23497700   -4.02322600  40.23497400   -4.02322500 

110  02 0.25  78.40 Taxiway
112   40.23496100   -4.02285100  40.23492600   -4.02284100 
111   40.23367000   -4.02249400 
111   40.23368100   -4.02242500 
112   40.23497500   -4.02278300  40.23501000   -4.02279300 
111   40.23502800   -4.02279800 
112   40.23503600   -4.02280200  40.23504100   -4.02280500 
112   40.23506300   -4.02271500  40.23507600   -4.02265400 
111   40.23506300   -4.02271500
111   40.23510600   -4.02286700 
111   40.23501900   -4.02296800
112   40.23501900   -4.02296800  40.23502800   -4.02290600 
111   40.23503200   -4.02287500 
114   40.23502300   -4.02287000  40.23501700   -4.02286700 

110  02 0.25  78.40 Taxiway
112   40.23501700   -4.02255700  40.23498200   -4.02254800 
111   40.23371700   -4.02220100 
111   40.23372800   -4.02213200 
112   40.23504100   -4.02249100  40.23507600   -4.02250000 
111   40.23509400   -4.02250500 
112   40.23509700   -4.02250900  40.23510000   -4.02251200 
112   40.23511400   -4.02242000  40.23512300   -4.02235800 
111   40.23511400   -4.02242000
111   40.23516200   -4.02259700 
111   40.23507000   -4.02268200
112   40.23507000   -4.02268200  40.23508300   -4.02262100 
114   40.23507900   -4.02258100  40.23507300   -4.02257400 

110  02 0.25  78.40 Taxiway
112   40.23512400   -4.02226600  40.23511700   -4.02226300 
111   40.23511400   -4.02226300 
111   40.23378400   -4.02191700 
111   40.23379500   -4.02184700 
111   40.23512600   -4.02219500 
112   40.23513500   -4.02219700  40.23514000   -4.02219900 
112   40.23515500   -4.02210700  40.23516300   -4.02204500 
111   40.23515500   -4.02210700
111   40.23520900   -4.02225500 
111   40.23512100   -4.02236300
114   40.23512100   -4.02236300  40.23513000   -4.02230100 

110  02 0.25  78.40 Taxiway
112   40.23515700   -4.02196700  40.23514700   -4.02196400 
111   40.23514300   -4.02196200 
111   40.23382300   -4.02161100 
111   40.23383400   -4.02154100 
111   40.23515500   -4.02189400 
112   40.23516900   -4.02189800  40.23517800   -4.02190100 
112   40.23520000   -4.02181100  40.23521100   -4.02175000 
111   40.23520000   -4.02181100
111   40.23524600   -4.02195800 
111   40.23516000   -4.02206500
114   40.23516000   -4.02206500  40.23516800   -4.02200300 

110  02 0.25  78.40 Taxiway
111   40.23451700   -4.02606400 
111   40.23451000   -4.02606400 
111   40.23451000   -4.02606400 
111   40.23422200   -4.02600100 
111   40.23423700   -4.02588400 
112   40.23443600   -4.02592700  40.23449500   -4.02594000 
111   40.23452500   -4.02594600 
112   40.23452700   -4.02594600  40.23452800   -4.02594600 
112   40.23454500   -4.02585800  40.23455600   -4.02579900 
111   40.23454500   -4.02585800
111   40.23459000   -4.02601600 
113   40.23451800   -4.02606000 

110  02 0.25  78.40 Taxiway
112   40.23428600   -4.02658900  40.23435700   -4.02660600 
112   40.23441200   -4.02659900  40.23442500   -4.02658800 
112   40.23444500   -4.02649100  40.23445400   -4.02643000 
111   40.23444500   -4.02649100
111   40.23451800   -4.02648800
112   40.23451800   -4.02648800  40.23450900   -4.02654900 
112   40.23461100   -4.02659700  40.23468200   -4.02660800 
111   40.23461100   -4.02659700
111   40.23459000   -4.02673600
112   40.23459000   -4.02673600  40.23451900   -4.02672500 
112   40.23446900   -4.02681100  40.23446000   -4.02687200 
111   40.23446900   -4.02681100
111   40.23440100   -4.02677200 
111   40.23440200   -4.02676100 
111   40.23383800   -4.02662100 
112   40.23372500   -4.02671300  40.23372000   -4.02679200 
111   40.23372500   -4.02671300
111   40.23364300   -4.02654900
112   40.23364300   -4.02654900  40.23364800   -4.02647000 
114   40.23375600   -4.02645700  40.23382700   -4.02647400 

110  02 0.25  78.40 Taxiway
112   40.23463600   -4.02480700  40.23460100   -4.02479800 
111   40.23333400   -4.02447300 
111   40.23334500   -4.02440400 
112   40.23465200   -4.02473900  40.23468700   -4.02474800 
112   40.23471800   -4.02476000  40.23472700   -4.02476500 
112   40.23474800   -4.02467600  40.23475900   -4.02461500 
111   40.23474800   -4.02467600
111   40.23479500   -4.02483200 
111   40.23470500   -4.02492900
112   40.23470500   -4.02492900  40.23471500   -4.02486800 
114   40.23470500   -4.02483000  40.23469500   -4.02482500 

110  02 0.25  78.40 Taxiway
112   40.23450900   -4.02566800  40.23454400   -4.02567700 
112   40.23457200   -4.02567200  40.23457800   -4.02566600 
112   40.23459500   -4.02558400  40.23460400   -4.02553100 
111   40.23459500   -4.02558400
111   40.23465100   -4.02568400 
111   40.23457400   -4.02575700 
111   40.23457400   -4.02575700 
111   40.23456100   -4.02576900 
111   40.23456300   -4.02575400 
111   40.23324300   -4.02542100 
113   40.23325400   -4.02535200 

110  02 0.25  78.40 Taxiway
112   40.23456500   -4.02537800  40.23460000   -4.02538700 
112   40.23462500   -4.02538200  40.23463000   -4.02537500 
111   40.23462500   -4.02538200
111   40.23463600   -4.02546800 
111   40.23325600   -4.02510200 
113   40.23326700   -4.02503200 

110  02 0.25  78.40 Apron
111   40.23390600   -4.02667100
111   40.23389700   -4.02667900
111   40.23365200   -4.02664300
111   40.23367000   -4.02641800
111   40.23368300   -4.02640900
111   40.23389800   -4.02644300
113   40.23393600   -4.02647100

110  02 0.25  78.40 Apron
111   40.23410100   -4.02604400
111   40.23414000   -4.02575500
111   40.23427500   -4.02578900
111   40.23427900   -4.02580900
111   40.23423600   -4.02607400
113   40.23422800   -4.02607800

110  04 0.25  78.40 Apron
111   40.23385300   -4.03229800
111   40.23561500   -4.02149600
111   40.23575100   -4.02151900
113   40.23399500   -4.03234200

110  02 0.25  78.40 Apron
111   40.23390600   -4.02667100
111   40.23389700   -4.02667800
111   40.23365200   -4.02664300
111   40.23367000   -4.02641800
111   40.23368300   -4.02640900
111   40.23389800   -4.02644300
113   40.23393600   -4.02647100

110  02 0.25  78.40 Apron
111   40.23393700   -4.02973600
111   40.23371500   -4.02966100
111   40.23374500   -4.02948300
111   40.23404200   -4.02742900
113   40.23428400   -4.02749300

110  02 0.25  78.40 Apron
111   40.23373100   -4.02736900
111   40.23351900   -4.02729800
111   40.23354800   -4.02712000
111   40.23361000   -4.02712700
113   40.23375100   -4.02717100


99
